11.3999604541739
9.55000393104618
10.1671357105413
10.9840838560951
9.72021985515234
10.7383228806537
8.82747940638617
8.53129065731333
10.402153807779
10.1601472651651
8.27471212486044
10.0466784692273
11.4301348446575
10.0268376131965
11.0983508562085
9.58212572102194
8.28247075814707
10.087755562124
9.48902044595192
10.5490375477101
9.57034393889626
8.99433225241256
10.5798473367299
9.52170515086215
9.5913597300509
9.4121154296075
9.52641732456468
9.36278997458099
9.06974037566836
8.98510973056659
8.9873060814185
9.16424621995988
10.1787781973255
10.0185715023988
10.3610586825527
9.37897829731948
10.3490428381962
10.8856364151717
10.8057705747272
9.42101384737757
10.4130093199808
10.0197873168614
10.8219107435345
11.0048861327998
9.76022180921434
9.88560001149186
9.56861614834567
10.4603226690463
9.76179466944757
10.2770680678453
11.5604190407293
11.7394444035275
12.0266032191297
14.6392578028954
13.1006099306992
13.6789811202528
14.4622658530787
12.6660985249704
14.2866342395151
12.6110914645125
12.8764170429373
14.8429550229489
13.1641807276486
11.8864379726974
13.3198577859295
14.8512118078978
12.639527308091
14.5241767551226
13.0599808153315
12.8608801645003
12.8495594659451
12.2262721275258
13.7697621144222
12.6972254689371
13.1298381074969
14.448303842412
13.0770138694395
13.1015643614934
12.643637109806
13.1854270792833
12.5586105321091
12.0801609695372
12.2710995385007
12.5513546671972
12.4104708258904
14.252140320864
13.0512664025791
14.195359174404
12.9475316738823
12.9122517353818
13.512785516404
13.82739383406
12.8824782432971
14.2642305838814
13.529833408802
14.1635468304756
14.5268270514818
12.1913653716662
12.8690401056314
12.562182019613
13.0602886864772
11.6667119521087
12.3913992675853
14.6953941738894
13.1567463016931
13.7351174912468
14.5184022240727
12.7222348959644
14.3427706105091
12.6672278355065
12.9325534139313
14.8990913939429
13.2197362832041
11.9425743436913
13.375413341485
14.9067673634533
12.6950828636466
14.5797323106782
13.1155363708871
12.9170165354943
12.9056958369391
12.2824084985198
13.8258984854162
12.7533618399311
13.1859744784909
14.5809648662438
13.2096748932713
13.1577007324874
12.6997734807999
13.2415634502773
12.6147469031031
12.1362973405312
12.3272359094947
12.6074910381911
12.4666071968844
14.308276691858
13.1074027735731
14.2514955453979
13.0036680448763
12.9683881063758
13.5689218873979
13.883530205054
12.9386146142911
14.3203669548754
13.585969779796
14.2196832014696
14.5829634224758
12.2475017426602
12.9251764766254
12.618318390607
13.1164250574712
11.7228483231027
12.4475356385793
15.5975676115694
14.2958638847138
14.7013620434507
15.7081292972416
13.9491488631166
15.3090151627129
13.168687977787
13.6334619319696
14.3955008431437
14.6752314699546
12.4440344859719
14.8309085282355
16.3622625502038
14.1505780503971
16.0352274974286
14.6238002438329
12.1443685034433
13.9585549931921
13.3352676547727
15.2440992921255
14.1904669803937
13.7553452064751
15.9291358976516
14.5590886805487
14.351773785259
13.8755479763101
14.172838483095
14.100830722798
13.0694811009655
13.8133197291896
13.5406747986255
13.3985286264759
14.000590547463
13.8098405041425
15.2008807375593
13.9549619646543
13.8490030893202
14.4495368703424
14.7857036427341
12.7267640363091
14.1290922620895
13.374119201814
14.0515835596309
14.3916887296899
13.5204062213926
14.1980809553578
13.8912228693394
14.6008633649907
12.9957528018351
13.8789966412795
