14.8124131120578
13.7504854657082
13.4841759529861
10.7274772102264
10.7131185817248
12.165544190242
16.0799369708565
4.8728022898047
14.2292857176218
13.0009908962379
9.41016735998237
6.26506117834774
12.8658888925221
4.38918099053737
9.88339013828102
10.0772307027393
3.76944337510176
10.2480544650606
11.4480320495078
15.6616025099224
4.03876819425771
4.73167643387067
14.9335479723326
8.82226534721433
8.84487493370499
15.7842557272408
13.1265814138936
9.10050021449563
14.5083290177996
14.9789966355259
15.3872543163596
15.0769692413455
10.7695703315641
15.8625459136435
10.7342855360962
10.2463776524223
8.3034623325787
11.696606830404
16.1906468589421
15.6007617380242
16.451935750396
10.9206545627597
9.05716912805165
9.55702775592202
9.1651531618129
9.84179293749681
14.9468229060965
13.924510556482
9.9361407669143
10.6155509287295
10.8213654161531
14.0020174265275
14.6891000295902
13.9448969345762
3.40255818837435
10.8458073633604
11.383684148641
16.5663147200725
10.1570053175498
10.106161692271
9.74721933173063
10.664209729229
9.67246405873789
10.968228041829
13.7128969155379
14.8353362628124
11.1512797172265
12.8385424899038
12.9359588969922
11.9880936176233
15.5404551747153
14.9222060370625
9.32943229918924
9.57466121747625
15.8621477865265
15.2928553726609
13.4091523031521
13.1638828073552
9.08286920715974
8.15838390434231
9.3345759716645
9.57725027606585
16.9208310827412
13.0846513943378
13.1063709940507
16.3037116816113
14.2589020421536
10.7371334048993
9.75296026928177
10.760567340742
14.0585564831317
9.75899740434394
12.3050913623371
4.20143065836346
14.9589873866583
13.7134219301025
13.8257460962806
13.0573615811174
14.9016580317892
14.210476389676
15.0944006630589
14.9301515104935
13.9805409370418
12.8607722114555
15.0677613898879
3.95499446893017
6.51966008396553
5.08166836377814
14.9370049009011
10.5911518126429
11.4633976428514
4.64741743232119
14.3340138078771
17.2368069650172
6.90032434327838
11.3128562328161
14.8692769338662
7.87122716383447
14.3359006626728
16.4760807179328
11.4196763908964
14.8028552281679
14.3049341521544
13.1631123385933
6.5327187360443
14.5393626438307
15.2024264615866
4.72068441415226
10.371868724641
13.5421511537853
16.4405810119
14.8634188680429
15.1209809541486
17.5111762593568
4.18527120318578
4.30257064323484
16.8381439020965
7.22073669895486
16.732431053289
13.6679407957429
13.7912384153423
13.624730271442
12.4458165469239
10.3980179192259
16.6524452965573
17.682056601496
12.6490654572022
14.4187633916113
13.9474020600036
12.9914428537144
10.0907972198893
16.9830709063736
17.2575869228694
15.4286157849859
14.0387972605018
9.36725503087868
15.1269008257005
16.6526960286757
3.76461101369075
15.0746466404916
13.9157023556754
13.4863428828942
10.1676154377409
13.7974863970616
13.2853897014193
10.0089889874266
13.6599697631058
10.2317745612885
13.0776202914674
8.57135056930485
5.2074647428629
15.1094079417561
5.9931748698884
14.4136140382548
6.56100498374237
4.81491371754587
17.3655410843528
13.7815556868371
13.7727413057079
4.80363987599621
5.60453105841596
7.47119292734654
7.81856949442027
14.4682171708634
13.3292922202289
13.4753554613013
12.6576447049743
18.6312986101288
16.4844250087814
6.41551105612438
17.56469523293
16.9076004696606
13.292954641874
13.3708682800707
12.9543948019546
15.6868595886209
11.0514464897417
13.4233826179728
15.0871737136177
5.34323888706788
5.88392299744647
3.74639196735097
13.1110089304858
11.0736005674553
11.5687786066207
5.64581946451519
13.0347530283616
15.1047691785043
5.00647100151586
9.88489300770907
13.2464252137641
6.46526718220358
13.4828970962129
15.2500466661427
10.7387713646339
13.6417087670209
12.8538186985743
13.000812595094
5.2973194582703
13.2874388520254
13.5181378537629
5.36070230370805
10.0787487901435
12.9670564096541
14.983264932203
14.8394519305653
13.4856251309396
16.621045607304
4.88995172368546
4.45612857073364
15.1874019575535
5.58689814209887
16.0827088065992
11.7610602412589
12.3389737059166
12.5952588126253
11.2049372136846
8.90644130339005
15.1721550854355
16.2081485142667
12.2588879758267
13.0124470068894
12.6434224431234
12.2141241168171
8.45552460615582
15.6814870948412
15.8979635839738
14.1415694815191
13.6676517931319
9.29373339132846
14.1635745981961
15.5083416101595
3.89645790811991
13.932696769578
12.949499805556
12.6657406509729
9.01935816157029
12.688477440921
12.2404925800405
8.70252602019307
12.6024940139577
8.20922005040877
11.5638184457974
6.70656682731743
4.97740579645152
13.7720215625233
5.21123294673811
13.0308360802155
4.68860025053196
5.35691049620443
16.7895694257591
13.9306709671587
12.960669338133
6.00225171671331
6.25123086443821
5.58918428132289
6.3903243460485
13.3836690113675
12.920269508969
12.9999178335029
11.9593928005526
17.352842703472
15.0908421646064
5.64677341570235
16.341947994136
15.7332184156465
12.0012318472608
13.3969801964723
13.0376025507974
15.1254760996379
10.8481601315103
12.9701483727444
13.7079941095529
6.37090470010164
6.1260333406595
3.85233800331194
11.0916017257901
11.696497316453
10.6213218756861
6.34791700670138
13.267419977109
15.3136470931506
3.87374551183591
10.4291046196511
13.2620673333082
6.39210086384759
13.178749892916
13.7573569502522
10.6454168525522
13.4342775191623
11.4288558143391
12.0163909636603
6.14739870484753
11.8958049347462
12.4925168641434
6.24408803967253
10.5088266674464
12.8385703884595
15.8362310362444
12.4163287754122
13.3246111813905
16.6644311860125
5.85730835734175
6.23737683901559
15.8850030979967
6.44031876235444
16.3570846982084
12.4000998299169
11.877309763192
12.064521503559
10.1795488096137
8.09185472138691
15.919043756917
16.6502323189022
10.7900763471137
12.9854705858943
12.7335875980602
12.3097237496228
9.88429034646364
16.7815541893505
16.3223778002212
13.7220164278357
13.3366395672124
10.2858907285151
12.7735404171516
15.3619993261212
5.04231996086171
13.3393417510296
11.987954044492
12.9439190615802
8.7751970189672
12.5709945149875
11.3714182578772
8.8165274366206
12.5280957048463
8.31205880236207
11.5817977216979
6.56761467517862
5.77466472952406
12.9210321587239
4.85599044203255
12.2273255423477
5.39196567425158
5.60421245614355
15.55055127833
14.3366517141051
13.1395366525401
6.62719401048785
4.40081554929165
5.4451237112695
5.8163992311561
13.1335942492704
12.384301778931
12.630052798302
11.5675413343718
16.766086726099
14.1814231111568
5.50831640664689
16.2779685193115
14.9867210832838
12.4422403268145
12.8253013422751
12.0771534530263
14.7521717205322
11.5626894865739
12.8278658948347
13.1875689977854
5.73883883731783
5.75991548711359
4.50711845507492
12.2683056288825
11.3762091590314
11.8606041853598
6.53597408219642
13.0541390492939
14.8773908396497
4.64359609027007
10.4840245873869
13.866932437589
6.49704364423766
13.0739881533317
13.6069812815233
11.3458564309152
13.8339727211128
12.3201498705221
12.0542283944047
6.1201498448755
12.2296963050248
14.046166759272
5.91012440794313
10.2317055332701
12.2269532853746
15.8885811265532
13.6003335185406
13.123591915098
15.3834225231075
5.56197560975146
6.73215273068062
15.7623657990871
6.04320587869297
15.5037564301234
12.3655602489906
12.220983666951
12.05890271996
10.9552195263151
8.60261377457978
15.341987042545
15.9600475874933
11.825855583268
13.4364957577961
12.7074880205161
12.3503492180083
9.75093843094355
15.9759006068549
15.067139622814
13.5016386160818
12.9206317140595
9.2386513994138
13.9326391801424
15.6685729058097
4.92187510050675
14.0115424893181
12.2787248713898
12.1695131456737
8.84558387430805
11.2807205803406
11.6050094263703
8.40758086816127
11.4554161563716
8.21130083029307
11.4122345784268
6.11124909067846
4.82957120156509
13.7318129593248
4.45671052522133
13.6164916099506
4.89730399752106
4.43438626307596
15.2844305825165
13.7705385631966
12.8229177610992
5.14913286295425
5.38105504952961
5.89903846260352
5.47438442135059
13.9373769051558
13.0193873971271
13.4687975789073
12.5286892323384
16.1580824520022
13.9575443666898
5.43371451528171
15.9705080296773
15.3510918064766
12.8139002321294
12.1995463865381
11.6421286577597
14.8860232020414
11.6207456755977
13.0087413870145
12.7789680899604
3.76746957146312
6.30768346741449
5.93828267530606
13.7519666230132
9.70753085328437
10.4386278712844
3.6484468505996
12.6945097667363
15.978671223413
6.29870680292392
11.4365500196381
13.6903002449521
6.98017178132341
14.4848730037181
16.3920466601843
11.8090761046104
15.5591970284522
14.2244550754034
13.8222029577586
6.65179224995937
14.3415020833674
15.090064318012
3.25839231823714
11.8824153032451
13.849979280926
16.4884230467079
14.5611396177426
15.0810393508108
17.4380866904606
3.30530014760144
4.12374437061159
16.212019449283
6.45959190325109
16.706768462138
13.0913396957736
13.8862122698363
13.4579061545295
12.6718365456686
10.3856754702889
16.4331379625889
17.4767689240655
13.9271338482661
14.1465187004082
14.4447880007433
13.0764993007627
11.376104346332
16.9056200876925
16.3123672434152
15.0891893537506
14.7803632227526
10.877190153365
15.8068334947127
15.9970639780012
2.43050535542339
14.9851959947967
13.4452562107066
13.544803588586
10.2615968830144
13.5684381925148
12.9683416760835
9.12703215727235
12.4637211495849
8.60796916316603
11.6713936878352
7.87839977033438
5.26419881251007
15.0876667492785
5.88520533127012
14.783173401411
6.13013145026207
5.20937062574516
17.3825971456082
15.0662889809124
13.5205059226416
5.75054751951879
5.77641065039607
5.9392441273482
7.34384394165146
14.2253083328122
12.7701979041168
13.3697963558559
12.3072848919257
17.1152751063117
15.3885986386988
6.4324141668701
17.0740122409916
16.8545597379437
13.5601442988059
14.1256075097287
13.790781952979
16.5302552465598
12.3714653726918
14.6870013231537
14.3945727903572
6.47438069361259
5.912718051505
5.2155572847111
11.8202787274075
11.3931856118205
10.3180101710535
5.80725550120594
11.9982877556484
15.1895874935919
4.74468686301412
11.0094592226131
12.5652323986582
5.85510393502953
13.3575294712171
14.1444908927201
12.2027736198311
14.4334447620449
12.3634134621818
12.5428097106835
6.32751239816607
13.1881976877205
13.9649964717181
5.96530344038662
11.2760953044559
13.2744595991323
15.6777581744146
12.6798740762457
14.4870033293991
16.8943698455592
5.46410879820777
6.62016471756169
15.6910809501876
5.76841026113787
15.930029970396
12.0546959857162
11.8280461965785
12.6848088342234
10.7266050625747
8.12395708836447
15.6563994708469
16.7000304323234
10.9937159358658
13.455337058295
12.8900945054513
12.2183935144773
11.2063808395461
16.1441040656074
15.6624370475618
14.0006671438321
13.9796892260553
10.9031694156017
13.3477272075738
15.660841393596
4.8647527355335
14.2940143526835
12.2769691572454
13.0847158593692
8.63983775935709
13.0153112118355
11.9140239093085
8.96380969595301
12.5068130829322
8.44474670184669
11.7144856211825
6.28589285618359
5.75877545177364
13.3003335089549
5.50584127727129
12.6066268925788
5.18348576689401
6.74073883643718
16.6127661862888
14.5129735668771
12.9008215378719
7.28191573021081
5.22946596698787
5.55988007334936
6.2901997302587
13.0995560664048
12.3509480161789
12.5960146154363
11.5335031515061
16.4430759105291
14.6016324830619
6.03744875096061
16.2972737492495
15.7152218451841
13.2616037462826
13.3636911664978
12.6086958321382
15.3039824240492
12.1568980246554
13.4076080760786
13.2352342910821
3.30134276152816
5.8676981973817
5.02567274641105
13.4134896939884
9.98372312886629
10.9892000521392
3.54018134633298
13.9474456329797
16.0593205533825
5.69782337033256
10.2780891426604
14.1104951425849
6.84446282955312
14.1788728611249
16.2391095670083
11.5275954586175
15.0392558065829
13.0146606294055
12.846685965052
5.51300768053714
14.3480997364015
14.6888574456513
3.87332693309095
11.5159820821952
14.1206545830789
16.4225643451599
14.9149989040998
14.5313202597879
16.8403706208375
3.6481779854377
4.45347111888062
16.6231678450354
7.00032301805661
16.4073217608433
13.032623331317
13.559336280539
13.2002567603839
12.2554081737772
9.06793114546593
16.2437698373493
16.3955954821366
12.7165953972431
14.340119187206
13.3123517280591
12.7551032888612
10.4523980587998
16.8775030764966
16.5638383607245
14.7717423639692
13.7027305445595
9.81962065537401
15.3908398961046
16.2245528774643
1.74888424465909
14.7103408528964
13.099403764521
13.3709774929914
9.49194172698915
13.4161399534712
12.6637396351207
9.29153698241005
12.9707829041442
8.90695874144073
11.9703832661099
7.56075808266674
4.4435765634859
14.8120521950561
5.40209385135806
14.5024313611408
5.32767501858717
4.21359267170171
17.2782578525018
14.4101456396842
13.8739046251098
4.51858931016061
3.97672626469733
5.82029584164844
6.60166574429987
14.0141629322383
13.0783182106347
13.1586509552821
12.0961394913518
17.3242893594991
15.6566309491725
5.98541691414501
17.3557473938386
16.0148017840271
13.3206491182857
13.7660967462509
13.4312711895012
15.5965274332549
11.9425911758353
13.3331924796338
14.7790989460264
4.78162841518115
6.15295037480923
5.70277349213683
12.3106979791448
11.4958384880872
10.2354931493185
4.96251981565442
14.5161844549141
16.2500872711437
5.77840547178337
10.1707433864826
14.4413873243395
7.56129350842109
13.909463336387
15.055841083763
12.4876550458356
15.1777835848211
11.7418131056656
12.9277527795064
7.18541925445841
14.2821292545041
14.8376354163919
5.11791150002968
11.2808475581173
14.1030843214754
16.6193089368472
13.2580772844093
14.6721896237708
17.439299404334
5.13540587620591
5.69807578451587
16.5230703347429
7.25191588490861
16.6830302101103
13.0860933248912
13.583735428275
13.2835609124199
11.4701519740554
8.32898531812356
16.4261210988077
16.5347537607679
11.821850823289
14.3056971154636
13.2003826678391
13.1219503524672
11.5099207857109
17.4704342286569
16.9803135436016
14.6422073274083
13.8107215828541
10.4915478622238
14.5030481065517
16.5677627020653
3.18181839516302
14.9119766151516
12.6693437007447
14.1776421649399
9.66518627105739
13.7071315785548
12.3294471524406
10.4571057409473
13.564291546545
9.48939111668902
12.3395811387751
7.07774840147371
5.44955380211486
14.2583166398496
5.76509599907953
13.7177502131662
5.90222024189844
5.59097129274041
17.3091143701545
14.585052999492
14.1789915360289
5.67018442368322
3.1611809037592
5.37573447571872
6.42430700877915
14.6908054886578
13.6102867808783
13.8167879092577
12.7542764453274
16.9275813857117
15.0919909982023
5.56770047849593
16.9022797805891
15.7658144348354
13.0472915415457
13.7073673486524
12.7794482808705
15.0156299826186
11.7476691400399
13.1371799381561
14.5413903843171
4.66927645323528
7.10069899695707
5.93619880560821
12.6669202817865
11.3435474884816
10.1378994202612
5.50402544428225
14.8072040634336
15.8346719849699
5.44362370950255
11.3313265709585
15.5002060435079
8.36579199943319
14.9366767050025
14.2795591079418
12.5644775234279
15.2128450946223
12.1782111177003
13.2447411988347
7.76888258497654
14.2950208311603
15.3575962993638
4.50097772608893
10.8966830896121
14.0532907979206
16.8562748783444
14.0638825388551
14.2255382894708
16.1960726134032
4.0494855587197
5.17912799157769
16.9934469008272
6.62465284350657
16.8214903979065
13.562053636035
12.1105178171191
12.5330097180663
11.799558549807
10.4193227392064
16.8579724612315
17.7653175753815
13.1805417580952
15.375483285037
13.552686280245
14.1973005358172
10.5535367531656
16.9115661856943
16.4492930902656
16.0172159919587
15.2095975897319
11.5284191362729
14.926726242528
16.909108327941
3.64314238886169
15.1184249038284
13.446744756375
14.5202379820689
9.13893322222444
12.9308620077877
11.6251736101252
10.7724226069916
13.1666542348041
10.543704968795
13.370177121501
7.57228104882778
6.25615600366601
14.5923445569057
6.71816491853666
13.7077683991544
6.17094760199892
5.97768569835114
17.3893945310148
15.4349061043169
14.758165647702
6.86461513738054
4.12725388163371
7.16658171838387
4.61991674593805
15.5816137626786
14.2554962619962
14.4154750484224
13.5808696746208
17.7426205568503
15.9721918003599
6.60239119258886
17.1592954858217
16.158711015438
13.779249540795
14.3151304438938
13.7306597205824
15.9606017763744
12.489057370717
14.0592861281029
14.4994196941928
5.56935540863212
6.43345594058047
4.2033552018451
12.8781916576405
11.5271024128391
12.0630214417883
6.36397959779106
13.69328390803
15.3344184917116
5.2782835883103
11.0404435361937
14.3157391295089
7.18199864081643
14.0731265183527
14.1954468556402
11.1490668403499
14.0283781806233
12.6667137395397
13.4557047934572
5.84543477911485
13.4314706445105
14.1731293853648
5.40105668148578
9.86216533680992
13.1243945060517
15.9166309556315
14.6886823478628
13.3019872215761
15.3456169935934
4.9094397122285
5.32019060710785
16.142317725635
5.39513324233731
15.8843163062231
13.3765178786827
12.0438892903653
11.8071907484315
11.9007512085844
10.3422991653713
16.0225084571666
16.9298535713165
13.0531871053802
14.1459636838678
13.4365380834147
13.3678925252246
8.82334420188175
15.9719222629813
16.1270496596002
14.971320915097
14.6613742435525
10.2546773633588
14.39135321918
16.5263965915673
4.61122439994639
13.9890374581058
13.329060060217
13.0121149975617
9.11224786514667
12.4077378015059
12.2167847213869
9.02701275471695
11.9441529537459
8.81454456478023
12.1476758404429
7.01216634095547
5.53209319694299
14.5136420963679
5.75755739933932
13.7724566140601
5.21321346341628
5.67226889301181
16.5469809018583
14.5114752586607
13.9238615137754
6.55424216594294
6.33044002311697
6.17622185878176
5.06968582330646
14.3083880766567
13.7956870144593
13.8746396978807
12.8512730290527
17.3661210348588
15.163218640427
5.93514813621226
16.2196515631087
16.4206918267361
12.7142713286642
13.7723744815991
13.4284396887077
16.136343299034
11.8319697073497
14.2590614840071
13.635869507543
4.81238064171486
7.00584943431277
6.4757798576202
13.6334418957993
10.9951801080175
9.04108514281774
5.33777363885901
14.1835511745434
16.7414382491269
5.27467150266326
10.6054442891533
14.7280993345122
7.42160566257031
14.6811505219815
15.0004569831516
12.924255146932
15.9096524805305
12.5668720669087
12.5923329126583
7.71966368611907
14.3043721828616
15.6809242297388
5.78587500670233
11.4856425195367
13.3340744699017
16.8386649076745
13.9405488491066
14.8352890958233
16.8434008456767
4.87975694913198
5.78425434841305
17.1000553002262
7.39730313818959
16.4449862886105
12.9241326809239
12.9013441480938
13.6711313932916
10.912819783175
8.69845379849345
15.9629032021494
16.5981222162082
12.2725931832847
14.4931614216498
12.6770753422003
13.3795318688222
11.2014585441401
16.9945447614556
16.5428595655544
15.2159447535497
14.1267760211451
10.7912655731795
14.4669004632431
17.0397292647449
4.74587554133898
15.8144516720196
13.2052336343086
14.2059390362736
9.4837727365944
13.3805357646594
12.5478061021679
10.3553633181866
14.0391431294772
10.5551053845242
13.4006347983111
8.22739527528455
6.2109827474921
13.746512832678
6.04085043405149
12.8648548137152
6.81446984879666
5.62505790712596
17.9364612742529
14.5227783283858
14.0074859562601
5.52717560758302
3.51570095951511
7.15499540729975
6.1801747173761
15.1695089907045
13.8903513867025
14.2143369971545
13.2329799473742
18.2369443686254
16.3682017222483
6.89323273404846
17.9674922522292
16.0580651690986
13.2166171967417
13.6291522435396
12.9599579671831
15.6764117741451
12.0888692726603
13.3671753375611
14.6740820034098
