10.3938793517639
10.6233401046441
11.7845323534036
10.0912068671043
8.93886790731762
4.72839057088853
8.2751316812762
10.6277199905354
9.12225145129538
9.06452877028561
10.1387078702881
9.32482820561033
11.1003851902467
10.6606323331497
7.82551690689608
10.584151176661
9.26161316154138
8.48463282223549
8.15632502818003
9.45596928694965
10.1669311520402
11.079411592983
8.23137320992808
8.98031537991525
11.5817876459454
10.0333359052169
8.53807763260219
8.95969692026452
8.30123720640937
8.30302669018476
7.79511273962507
10.0532966370894
7.94170001470204
8.78673294203615
10.6468758942935
7.9436057495546
9.77646613326272
7.67987055589262
9.5995765335586
11.3247191225817
10.3093895126354
7.30787595911586
10.300655944999
9.83647311915542
10.6102766254117
10.0643657804041
10.7487510459769
10.2156227297493
10.3256766039788
10.4685337468359
9.73530856094517
11.7927867721917
8.50581180161247
8.51762589949389
9.07709805692343
10.7813035691355
8.16063388152046
10.243015544196
8.1593096696799
11.2543117355303
9.03398438654022
9.22795862139015
7.65964196354996
8.67906783114817
7.80035579006263
9.68285782760121
9.84228753288551
10.9973555473233
8.18102362489921
7.90021614476876
8.26072387585469
8.69681906689128
7.86424093098979
7.25043096656302
9.376903546847
9.42045190149047
10.5280005560314
9.9594424863906
7.9072791534313
10.8426968490541
8.52333316629899
10.4584584677584
8.68480644886829
8.43000065458106
9.63069350240492
6.35709954605666
6.96594364601452
7.77530857662944
11.8073227443505
6.68235009942008
9.2241713719482
11.8011952534582
9.70409594722365
8.35282370674608
11.3109870218821
8.61638908122237
9.57174489694006
11.4911456930697
10.7186121752308
11.0936653181484
10.8751389877259
11.5165952320252
10.8626123538753
10.6061493035052
10.6809874743071
10.8326489940426
10.7404021559172
8.99228754446257
11.5766558570388
11.3829794540169
10.2696814083613
11.4296905739209
10.6571963662104
10.8323388559038
11.293531270887
11.2567918519768
9.92010701607997
11.177783711055
11.0302429524329
10.9670591759084
11.1140394044969
11.2524077809192
10.5758735916348
11.1003851902467
10.2968577072321
8.74334295990295
11.0280999234543
10.5778575846578
11.2354386953948
10.997658977974
9.71193793104224
11.2369612882252
8.67644257390927
8.1868154987521
8.25070808215195
10.5455974065707
10.6996248980241
11.1116882801395
12.2129703913553
8.58435800085105
8.99856187638842
10.0757371574773
10.0582225389616
10.8883820023212
4.39542073124153
7.39953765583373
10.7666398322638
5.63118138645494
10.2871473653326
9.9979864944439
12.3863663769251
6.99294218645512
9.35876627516448
5.59086178920388
7.54809807456609
10.2622618149102
8.78918397850546
11.9190907751117
7.38229926113366
10.8633264867413
9.62268657223746
8.43901809776806
8.61272842186761
9.43623589004274
7.47829263517678
9.3531328433346
8.57583535528732
12.2879161054763
11.7817154319426
8.58831649807469
11.0376459059379
3.61648191889864
12.7795385083522
9.75737935310511
9.89703331201268
7.1573106302562
7.30641611525309
8.06531430277266
9.23091499628841
9.84800094558268
3.64073976249127
4.22038461444128
8.97639540579898
9.48727044123749
9.70288616908032
8.9789046132098
10.0914147283462
8.1907651483386
8.32373260581907
4.81888678196214
7.53384491736552
11.1377735812815
10.3158865639162
9.04798131112405
11.0033364962284
7.08062973118302
8.26922348162038
5.06715750502931
5.93317941766959
7.42943209230221
11.3699322138591
9.90046274785063
8.91585608001986
8.45243892079045
11.0572726056811
7.48230588625687
7.42723262935647
8.10400425392457
10.9969042965634
6.94546614903011
8.57411836141591
4.70861537691462
8.53819725726975
6.32622999883824
11.2612982624831
11.0044666297705
10.363616896535
8.50784292720233
10.00324579239
9.55472566671014
7.88802769090914
11.5595503954101
6.20092526649105
8.48390262173824
6.11979606764348
10.6795521033754
6.8934434152789
10.2350399207593
9.20519695257558
8.72299310052002
7.82499100692402
8.20876103005298
10.673972270398
10.7046691400067
10.2361779038197
9.87763381956587
9.02546001875641
8.50132761055572
8.93291473316244
8.45168633835725
9.29938621061342
2.78533785214803
6.96240879747248
10.3712638979594
5.82923581713067
9.58069191308992
9.390066352409
11.9141566157432
5.96361821640825
7.76977048345673
5.26480799140224
7.95848218856164
9.11610394750386
9.20406906140689
11.859040978005
6.55187602453502
10.5474109735515
10.369271675056
9.79097437948462
8.97151176583009
10.2338461096842
7.63232749309569
9.84985460304544
9.27059579159173
11.5192458410288
11.9676217436137
8.43848502194324
12.1802794226909
4.19923959227337
11.6306389799298
10.2761395082969
11.1083216174752
8.43439416798108
7.27872122491011
7.44242017699671
8.57366672612177
9.35756563005352
3.70724653094069
4.2868913828907
10.9505263404584
9.03597635956132
10.2713158337769
8.61081838978689
8.99209068878636
8.06974940964429
7.69480533237203
3.83749036772439
8.44668940914856
9.98921142066878
8.40931838450451
7.86326646462132
10.3399025401759
6.43520969449175
7.49177640661794
3.44395811602956
6.47203689079191
7.34859055032679
11.0602308368335
10.7084532446089
9.07537663288935
8.54683366846336
10.7563480392105
7.45045554547392
8.19243997277903
8.99704898776094
10.9193008783468
4.6626255782324
7.93679658652125
5.01807310837983
7.50230366415664
6.61338335799382
10.5746000430823
8.94458920345341
9.40487839282387
8.16810755213945
9.67144783540428
8.81712886494361
6.52984626730867
10.3090586566629
5.97682079414148
7.15065733515961
6.77282047041093
9.06191110484136
7.54646781804635
9.42227785246209
7.95470521382834
6.54775167668331
4.31437695011382
5.33407235498972
7.82046976384564
8.71274121652238
10.7192075235914
8.3699601554393
6.32167843533511
7.12122234078051
7.51887622195785
6.14255355319356
8.16971414722151
5.43873483746821
5.3385859727482
9.51829557172732
7.50172435651032
7.39935354251595
6.68317799850976
9.08162905103404
3.55910155023694
6.64009842006482
2.44977330254156
6.56969540673199
7.65536584861721
6.93329253168012
8.65378450183359
8.81373201675492
9.49506043723257
8.00038637141943
7.43882576137739
7.75413870105663
7.92253841145141
9.84388618935107
10.1828209183928
7.0066572717722
10.4702871339314
10.064791756549
11.3970453098431
9.11788008937667
6.36863241320711
9.61688898387946
10.1312861809178
8.94880075465833
7.5899795755435
10.1183256928709
5.10922728437083
5.7406786543169
7.86821717065808
6.59033590008845
7.16998075203847
8.50330908117368
6.0871229414755
7.36178399950623
7.87606953819373
7.68406362592112
4.34706336147367
9.61642207701987
6.74040588512186
10.4874612252776
9.12923191055721
10.769639431256
9.10106578606694
10.5605376875049
6.82828511860301
8.09653009867263
7.20506510308167
7.56991936446565
7.06700599182588
9.03361875489282
10.6506402162148
9.01010239898713
11.7054282267527
8.72525412521939
7.41142954352779
11.5068041543821
10.8508851672256
8.52329721546794
6.34232091884044
7.96543429159951
7.19761059421535
10.6607187213553
7.35700642128697
9.4177001921806
9.68919857146022
11.4827837152592
7.84902771839135
9.48340273026591
11.7561756650658
8.73257654572853
10.759565338722
7.00824187169755
9.2165434688538
8.50174893133992
11.3145657838877
9.49377548501082
10.9133473466482
8.71047570594715
6.58514268720163
4.77964981500458
5.50963689260024
8.04219503215808
8.64357597167406
10.6395599300654
9.29919419187517
6.40109133501972
6.66355172453272
7.44917895943445
7.14665152106937
8.59928115919393
6.42514349594939
5.36483222004301
9.72712094375338
6.86188082684764
7.42714988169968
7.30562569935071
9.04672804379398
3.92184909523885
7.06966543203725
3.07222100338252
6.33825387858914
7.87709111692965
7.08987082146873
9.04848794226034
8.68331120445824
8.61164161197363
7.55247703907848
6.5573699628136
7.91071699084523
7.65233869104514
9.08293912120412
9.73491158605181
6.96595272219891
10.1212103881171
9.93437094425229
10.7843343168207
8.13050856126882
5.36617295875914
10.4259528820404
10.2285360762129
7.22662739881471
6.14637546617963
9.84840686729953
5.54078441455298
6.78881108822377
8.04070551886665
6.43685467528413
7.01649952723415
6.85319058526526
6.26268747908601
7.40891171784314
8.00345458849615
7.92094615395761
4.52828263772728
8.94231444524982
7.11943217203178
9.91147589333311
9.24018796383535
11.3259218530097
9.50353660069236
10.2786847055107
6.46158872441046
7.70399672364341
7.22837961021501
6.78291014307271
7.42726552014835
9.13013329433165
9.28269841164482
7.72555728405204
10.7972295326459
8.81335060042224
7.27524190865657
10.7763327349445
9.75629846636292
9.46894657475946
7.23626237892784
8.80951426087999
6.96928743747848
10.5392676907764
6.87110144140245
9.92296416584227
11.0064470692987
12.1058840570864
7.62449407165987
9.44740844589689
11.6634155319073
9.48809567316145
10.8948352986058
6.61986669731257
10.0216766854467
7.54529383949414
11.3611040745989
8.56208823487905
11.067962893606
8.72407708800099
10.4079281023007
8.89667675725511
9.21860850811146
11.5208815337514
11.214499834592
10.3538764464216
11.5699418699355
10.3570880792188
9.7377534947382
9.3140848217155
9.51237787090015
11.213893339494
2.31506679456203
8.70828131412544
9.55435706487734
4.43940776233476
9.51519314291699
10.5063167593359
11.0297080259832
5.6387813344468
9.68427761233728
6.38258397287659
9.13445377066706
11.1148640676078
10.461911839441
13.3108356163708
7.37387093504186
11.6941356606802
11.4330137202157
10.7028106418604
10.1988153212215
11.439960984483
8.18296007687535
11.2796338153997
10.545580891887
12.3783725554933
13.4768502258546
9.71709979478045
13.3071885421145
3.01188891244391
13.5659481387415
11.560106911641
12.8122957116342
10.1329546119223
7.07220114323242
9.44398369194609
10.0907888972288
11.2595781124747
3.49215528423557
4.07180013618558
12.0744049195839
10.0605957015856
11.1105962576358
9.26946286799571
10.3344576080328
8.8299140218879
8.53203391694348
4.41605190295308
10.152741216861
9.65245677101879
8.3411533686117
9.12727255272177
10.8536878507688
6.8620582027672
7.9620313793954
5.16663171954502
5.8125248695106
8.70538539004669
9.83855663018269
10.9315132702628
8.90073698586266
8.42420139743458
9.92354557424665
6.92416124089211
10.5218894179878
8.70233620540789
12.4854397149947
4.26158214273064
9.5208234080133
4.81585521114347
7.96861519881176
7.59686747491024
9.90752798784922
8.1337392760649
7.09467786168693
9.19335428054887
9.00153209343033
8.93670720694087
5.27283932594633
10.3607278185792
5.27324665935893
4.89827401126537
5.89109757924921
9.08190228261696
6.80944718038199
7.42834545795818
8.00637437574471
8.59415953298632
7.17983140028898
8.05675689106786
10.5239952708652
10.2607594986231
10.5609388967645
10.3654999776064
8.37384081262923
9.11880222263083
9.55501330279942
7.63200048709971
9.94602512054853
3.02145672733984
6.98560343906485
9.88664103275666
6.59106358693718
9.09590448705578
7.82682494828141
11.3868514158501
5.09987438497586
8.41640939339185
3.70156658727465
6.93075592184181
9.63914459221415
8.33716844592415
10.7858558716346
7.74461832169902
11.3324251942934
8.96215500736164
8.54500300656732
8.11519921616645
9.29181520708268
8.33232674591322
8.20617271056772
8.69847012888393
12.5041611851524
12.2700194544304
10.6020860691843
11.14211038744
5.2475713966314
11.8624439755259
9.36837395866903
11.2790738507516
8.57093452911511
8.16408719993909
7.7181741912362
7.8107060604817
10.0496716900952
4.57519024760349
5.15483509955351
9.89822831675831
8.56422901747487
10.0160725864219
8.23713005330355
9.54138427425043
7.504755737623
8.4686431684841
5.65413464959222
9.7782686534509
10.4522757074661
9.51219774892837
8.24260479300787
10.6885860828325
6.96880570538208
8.29120540032586
5.76105795051294
5.61660367190794
5.55585086050645
10.8073869173125
9.37744094385823
7.93875734016982
10.3083326485365
10.551597530486
6.30149868888381
10.7254117073184
9.01662867495746
10.3284014234988
5.13834715076418
7.27305357483777
5.33912840445707
9.57164466516357
6.84246754462524
9.2145721797251
8.33185298439441
9.5966917887854
7.47137904311838
9.10575405499294
10.7325462897081
7.36623550924815
10.6224656492032
5.90888501292183
8.47898970060545
6.69193454485704
10.1503701456817
7.46558189249247
9.88138526667056
8.47497454008158
7.27372804902978
5.91199025543126
6.98764106339688
9.36957264904117
9.61835147879357
10.3140687516254
9.75652241992844
6.96436249544553
6.9734863423386
7.83118577916253
8.41306674318075
9.26584672819508
6.22889323176657
4.4514832232623
10.0367614629393
7.14318410605149
8.38435780269221
6.67940261582599
10.4543017242718
4.60047597838207
7.73623100103839
2.22064897253973
6.24364381481028
8.47552193647819
7.58188053290835
9.58671541496919
7.79073466035821
8.9920341951845
6.64767291770445
6.04098196931562
7.61498909461886
8.22445061239522
9.3487997643155
8.85080995038345
7.73306277216702
10.2337815123499
10.2242782958663
10.1043246596054
8.60843504893978
5.76027481481273
10.6367784850151
9.67214913759448
6.86637512172424
4.97408037991071
9.96573108468226
5.41297003336734
7.4540815963814
8.2904708761807
6.49459635363043
7.07424120558044
7.32762063534405
7.479871331711
8.92193195975927
8.11575633415398
8.25771732446782
6.34269439225102
8.04881355327814
7.55365673545872
9.49813441121422
9.11701112530807
10.5522609696818
9.9451102328035
9.27192545257802
5.4548294714778
6.81886027386386
6.46699703364656
6.62986480881744
7.02039960966788
9.91587203325567
8.76679946580977
7.98795181515817
9.9931312099048
9.59908933934626
7.07351911131315
10.1619620222527
9.6169101228042
9.94901769399092
6.60022169859541
8.46432921691809
6.88716082867953
9.74286606427065
7.26343815340972
9.64941668808485
11.0523712536023
11.8209045836162
7.59802096581491
9.42872666030806
10.6098181846091
9.86570108890409
10.2870191908923
6.91375883556306
10.4141832133723
7.37941880491073
10.4771143487088
8.49040169261635
11.2709713105031
8.04397822945113
6.9606088689561
5.34471804280867
6.81207652578636
9.18994441756703
9.62785966605738
10.2624932118512
8.61246166920368
6.88494959576092
7.35738316193957
7.83594408762871
7.26900599245599
8.47774042989023
5.24376635347891
4.4497348411654
9.84868566630279
7.84771420261324
8.3978759110059
6.05695491498503
10.5773044670131
4.2562239196321
6.94812470273355
1.59820127169877
6.21502961484693
8.29589370500405
7.47739005363736
8.98746484826673
7.94638688009481
9.75629943189747
7.09558225004542
6.97516336131348
7.47042921641041
8.4320368147959
10.0711969397157
9.2987192827244
7.44901580716514
10.6517348639619
10.4289268399182
10.7822809181986
9.45156043580981
6.80947488910475
9.49793709640075
9.64661112703306
8.58854847756786
6.67742333404127
10.0192020233459
4.94590325519945
6.25200156438033
8.11084264470656
6.50820929128949
7.08785414323951
9.04979399118768
7.18684600820391
8.79300088229904
8.02643919941557
7.95140138927037
6.20381161976294
8.73699768843316
6.98721273431094
10.0261769187137
8.8447346312123
9.98884530006317
9.4934024980742
9.5745280099618
5.84227544105986
7.29693968383837
6.27829897542235
7.28174782200651
6.40638055246598
9.85322163885595
10.1409199358343
9.21081606357468
10.6553847223156
9.54485700918251
7.05294002444379
10.8971622498307
10.6994771549083
8.74693766198986
5.5716421263766
7.47773533105953
7.13623356080592
9.85572770483991
7.74934313329423
9.02569596224244
9.78684263924799
11.0579359546438
7.62577693382043
9.31887494610805
10.7164034859313
9.04451925467365
10.1120471476078
7.32288358533754
9.56153101244958
8.20544266819243
10.4976880766911
9.31642555589806
11.0961852276787
7.9298708072392
9.64558578881197
9.3630919578971
9.70785186834059
11.938415002396
11.1534669365274
9.34668413122613
10.9285036972565
10.3354780158905
8.88593265280787
8.04342096056883
9.50255621604784
10.3214825010554
3.08301429759359
7.91197766682981
9.4366810746814
4.87736730810528
9.81623385126059
10.9933499543922
11.7165663224539
6.46381315800969
8.79186677389874
6.80642895673596
9.25884507927126
10.5391176476819
10.4825882967898
13.4920981337529
5.89899792536546
10.6286675424955
11.4100968403129
10.720492072569
10.2541693883784
11.2965028638482
8.94525996920667
11.4161984411199
10.3465762504448
11.2310744287459
12.7444254170815
9.24551637483643
13.4247412293147
4.40853996076414
12.8416293154524
11.8676131495276
12.2791009209434
9.22639026828217
6.80050739311908
8.47345701554789
10.1694205880836
10.4333352616685
3.48946207094556
4.06910692289557
12.0573646135573
10.4348647422121
11.1694230786533
9.27601271583439
9.48331966082263
9.31756987797289
7.37060570824507
5.66557398743123
9.64237321435048
8.68597891145011
6.77785554896984
10.4223295446538
10.0229180625519
6.04815366863524
7.06411258789591
4.99327421560651
5.39871851972066
9.30913651371675
10.0847744830582
11.0212377390143
9.91130785834827
7.983524504052
9.8045003822365
6.68355347424963
9.84397208879207
8.30769532119595
12.5509227633481
3.10998903747871
9.69972665567266
4.2556598675542
6.72118067186037
8.22482173474547
9.941506857071
9.17392478944662
8.45581512746661
8.89119390477325
8.55520673036553
8.09965756571728
6.42224608087783
9.17171673020444
5.86111052169828
4.59203307061161
5.8936012541456
8.05294321189026
6.80579938468152
8.38447976383106
6.8173632873699
7.61379297792816
6.05414845492506
6.96002507663955
9.23468986570192
8.88647152775483
10.4916018247872
8.91901962904576
7.22736773127545
7.91907056498321
8.25034311920842
6.27611291575949
8.78429838973231
4.5760711979683
5.74260643830209
9.65392082960145
7.77773147755158
7.9488121129246
6.46827478942193
10.2040545252618
3.86384540385636
7.25468266257563
2.00952114613566
6.15940422463617
8.53037946292391
7.31344180619227
9.28724722177968
8.40009696129859
10.1706984634772
7.59817867615554
7.23010103198431
7.34149704008483
8.26808856735082
9.62796050247105
9.21349367815567
7.70495320854347
11.0472360661929
10.9277366550095
11.3650272675347
9.85440279077396
6.68010138521293
10.47983388234
10.0372117058313
10.1431667062622
7.5678598178559
9.55219227820954
6.53303537808284
6.66423297912792
8.9895886100737
6.05282932047295
6.63247417242297
8.9630111338466
7.81030105441985
8.94094943315223
7.27084125880885
8.44213747053814
6.46415442131823
9.42642957306576
6.84183649529147
10.7604824963004
9.30486804484509
10.6367780339167
9.68374651431796
9.94213975353768
6.28700692799413
7.63252421200664
6.95733026100313
6.64908505818824
6.49090948305732
9.61814522419686
9.40274745215908
8.40883879204735
11.37754795141
9.36962557110187
6.15093928390488
11.4701997966772
10.3320314885729
9.1491895959791
5.91449740969055
8.09886605293824
6.63406630198555
10.4129838792768
8.03539945902132
8.18944554143322
9.24659480731695
10.4798723585426
7.07713273636531
8.86090730806963
11.2736596603682
8.85340031949796
10.4549480776673
6.95696867516579
9.66041510074068
7.72441593113734
10.9312959872251
8.66377432948934
10.8281303007375
8.32775549470342
8.02527530891587
7.53564823375871
7.88328605532047
10.0738132476736
9.55943390364958
8.66447260490909
10.016144057135
8.41271901459372
6.83256362435673
7.73954562803015
8.59019657592638
9.30860419972253
5.3972400509269
6.23047415308851
8.81927313822128
5.98497677382394
8.25418311646518
9.17510064017186
10.583300591314
4.88253128852305
7.77898847256585
4.88473585370847
7.06237084709002
8.60416308576635
8.61798654206749
11.6137812964341
6.8137346938022
8.77779700739749
9.28295484859413
7.97673880835696
8.45431742505204
9.25216146632202
8.63378143875415
9.6176507458412
8.82688840971794
10.2360082802181
11.3086584838084
9.06812324927581
10.6398471062724
4.57012301081266
11.5762963508542
10.1046714919729
8.71321731033657
5.78278278313507
8.75354749760447
6.83450218582923
8.96356948692953
8.88082536856397
5.34199530558906
5.92164015753907
8.46523291381738
8.82026258307313
9.46546954764691
7.83871361883524
8.27125247770727
7.35189696762615
7.18296467644419
6.79708003598356
8.98481856985184
8.6753277110106
9.18909082632674
10.263629365181
8.92975421238116
5.07482529751913
6.18531254551413
5.87994227242761
5.70219857959839
7.54621037620205
9.93229614429359
8.41772395456236
6.91223495675357
8.81409429920052
9.61551345038419
6.19990276998031
9.70126227266906
8.22679333116995
11.3092036391545
5.32835043247415
8.34566206636608
5.88864336615032
8.54699286044264
7.00193041633772
9.62752742023087
10.3367744841953
11.5299806023852
6.8133973694703
7.98454083331578
10.1227292185222
8.89185790639843
8.26180464883196
5.83078867144698
9.11457144359704
6.49386103977378
9.74171442100195
7.39859431338202
10.6187075008702
5.90745120599743
9.78687397350783
8.02768702534201
8.50881955604485
10.7164011176446
11.0933599286056
11.1541046516853
10.914633748007
9.5212864058452
9.6166135887518
10.1725325444726
8.84937969974342
10.4951588909491
2.74248520113222
7.85374048963758
9.96178331416311
5.74892346788307
9.70330311809484
9.27418715282484
11.6707323822937
5.80892880623247
8.96554316379239
5.14892879181807
8.3418442793354
10.2727161645669
9.54071329657964
12.0111620126172
7.80039546925855
11.7431836538872
10.4041949405918
9.85449466377416
9.30815600100284
10.570490344857
7.08883121158624
10.111015052172
9.88672361997737
12.8398801351372
12.9580433468267
9.89076223800591
12.3324004573032
3.67333712351726
12.6928417494982
10.4940629940152
12.1729298481824
9.48410373402829
8.05663500122614
8.74421190385051
9.20555574935678
10.6292963094005
4.48516030725672
5.06480515920674
11.4197038311969
9.35080674951895
10.4897439125575
8.99950917838577
10.0717815563401
8.02420761552293
8.6908450978816
3.90356806185474
9.42853518271292
11.1458236377318
9.43753942903956
7.29099021556204
11.1304237779778
7.40130897243669
8.65796919453065
4.65096903038979
6.63650879330802
7.35136965087359
11.0420309636523
10.8385828574728
8.54643758832467
9.45376970145432
10.7381481660292
7.59739791167056
9.84691475332615
9.5032650315508
11.5354287067324
5.64522771451129
8.48139698721399
5.67810852863142
9.02872702118843
6.45948822585856
10.5344026696941
8.25751785718113
8.70294697171253
8.63728504287793
10.2875756637899
10.0945379974783
5.55930641035654
11.2807532086071
5.53087657386848
6.90712551452158
6.65157808721276
10.2659319063112
7.53918225313144
8.62037445883551
9.06569621351984
10.0318090555885
9.08328364712283
9.41235675294797
11.1389777672549
10.9827284953016
10.4198471314427
12.3738125933115
10.0925599620154
9.17103094962962
9.35659399115234
10.2212699225057
11.5251221444645
3.81711086599346
8.42022055265512
9.34901944507507
3.32211813096544
9.83009830444735
10.736198553207
10.8748289902464
6.35638837603707
9.99550641730784
6.58883908303672
8.88594159194615
10.8658309965743
10.1387371108056
13.2873950684033
7.01529371811449
10.853893663414
10.8535047354847
9.74885254814132
9.93499859485264
10.8824059605408
7.23288715347972
10.8354362956425
10.5124207863576
11.9441832659504
13.0031630331418
9.36879413892004
12.3778655922605
1.72639340588266
14.2123677239046
11.2536312591676
11.1974892707813
8.53654621564601
6.6497676976085
9.22833929103074
10.5845792199841
11.0692924098129
2.96058084038056
3.54022569233058
10.543321964361
10.2543439464221
10.986878543753
9.26200821048723
10.4251970247029
8.56538590468451
8.24821898256076
5.24059746091739
9.49125493969176
9.28699373668658
9.01720358554346
9.71166098816261
9.94303574133682
5.9141070612757
7.1665202607261
5.80227881067273
5.51310268605575
8.97690895751532
9.58596417690268
9.99541164910353
8.07594393402491
7.3428133408804
10.1925543513164
7.05880479059286
9.66852014085993
7.0925830923729
12.9816458913984
5.46282465806851
10.1026669433763
3.71148958289539
7.42398775787892
6.86877426857096
10.0658881404092
9.47070568639494
8.47044951836997
8.9776965050323
8.73494091611749
8.67064901248779
6.81594092851374
10.7766869332962
4.30867401405818
6.19689506443095
5.43175913459241
9.46066878066464
6.20540648222784
8.32903883488341
8.42233349046165
9.04031466164411
7.14948932958584
7.78725000754269
10.1961445863973
10.1501363115862
9.74539729480776
9.89187450710507
8.82117358468286
8.67855807311073
8.51266196433606
7.53859777471435
9.9638490647231
3.48791813678687
7.07712002958471
8.9580930928827
6.1441161472729
7.0933640158348
8.14387687520432
9.77786630208102
3.09733391375489
8.43423333756641
3.81111193185357
7.88624968031115
9.88818352831173
9.1908740628642
11.3995032120277
7.93065346473288
10.7083691307179
9.38684043592587
9.04756676356764
8.9583167672874
10.0952640236717
9.25342508356536
10.1783473254284
9.41831268812542
12.0242166738709
12.4625558968946
10.2552610159913
11.7163553999868
5.07527210439633
12.1625016275704
10.4833875663415
11.302622643196
8.92911589476406
8.96133078837519
7.89766164173006
8.52896325500846
10.2844948293773
5.37243383603959
5.95207868798961
10.6501319467835
8.99526186951587
9.87601543579301
8.1978331041644
9.08398224780996
7.09239441135742
8.61245406406793
5.85909184673335
10.4103858257749
9.22970193332861
9.5794301981167
9.09490789741685
9.92505320632868
6.34706176662596
7.53592590349687
6.39847135190042
6.04322505023331
7.15996063290826
9.19840180354348
9.22450462160031
7.33304269922843
10.6858338377334
8.99358326710312
6.10431744272877
11.7582024913773
9.40648802474718
10.97802267784
4.49501297874969
8.43329904721418
6.37751298361307
9.51719669705245
7.37083245033617
8.15925820012522
7.33597979879619
10.123656988399
7.65714356395435
8.18370028591154
10.703936618948
7.4918850207601
9.53974606172601
5.60459293240014
7.87165309537823
7.14965320436674
9.73961687490305
7.96775368170287
9.23228015052044
7.38777312055401
10.0155465163297
8.94863838738939
9.47887358768644
11.8034519508207
10.827831359993
10.0594190895923
11.3358583536293
9.62655189204954
9.66468212910801
9.03994079885478
8.72543881300513
10.9734946718667
1.14674855393264
8.28951997494112
9.60742908315581
4.45856520816169
9.58686884784598
10.244016839427
11.1813768561855
5.68281087662605
9.44387894470999
5.93649108977815
8.50848960771877
10.903139834005
9.74272767940299
12.5832360473787
6.85226970469209
11.6092922484819
10.7029268187526
10.0893471733073
9.47963116118349
10.7713492681636
9.20635095910784
10.3814253841578
10.0439380976854
12.1042285326326
13.4037788602244
10.1324961464691
12.8229136701168
4.51641341754673
13.2712017850772
11.0864126098071
12.7306537088177
9.89837171672843
6.58965798142909
9.20206228790627
9.24091606816951
10.949882523553
2.91187006885078
3.4915149208008
11.5535173177009
10.3006627448482
11.4352246416107
8.71546709139963
10.0247620191111
9.07044463323471
8.29492058741263
5.42184564417794
10.0143808362229
9.11776790256526
7.60513047083371
9.5245944350218
10.2474449919352
6.31732719733066
7.50592094776801
5.31826567295714
4.56982817527364
7.80483051778433
9.8849983999504
9.97603638930825
8.87147286393462
9.07836022367401
10.0050034151338
5.81187203364031
10.7579781463378
7.3145751831003
11.6740711760148
3.48928269778607
8.75628201740109
4.38597313057605
7.65820872926939
7.91032707659833
8.68341622226882
7.96528323607799
7.47937878167634
8.60005062369884
8.03690053461584
8.72401970555926
6.76359751336787
9.86047872767517
5.22532039125104
6.18510698760903
5.31734109026958
8.37963521567572
6.09098843790501
8.37985080235917
7.6740148385106
9.14119449892276
8.96631981809799
9.3953507843468
11.7867810489838
11.0207238189083
9.04261639574391
10.4913572418446
10.1838440624784
8.64643797944942
7.7906137799714
9.06540976063597
10.0375952938597
2.60482286227538
7.6805277371829
8.91089664010444
4.15919018274407
9.25662214346196
10.6464932229743
11.0492696798865
5.81546662693728
8.50797956670304
6.23274176696651
8.94784587963859
10.3874836942697
10.3309543433777
13.0589146034996
5.79279304670433
10.5368785656619
11.0841263021154
10.4705466566701
10.1025354349663
11.1235221832002
9.24824252659376
11.0742717076374
10.09587803585
11.0011139981711
12.6573221293638
9.31698292643741
13.1294548335908
4.49747656775246
12.5625856888271
11.5578847138923
11.9394660993603
8.81848096584481
6.91977645546196
8.07668487574877
9.7819584158524
10.2817013082564
3.72105403707648
4.3006988890265
11.7069063228288
10.1223636582183
11.0776341018196
9.12437876242227
9.33168570741051
9.16593592456078
7.40617279434596
5.68447845218055
9.26792410536241
7.96760000237437
6.14964783107503
9.99395989979695
9.58576605652258
5.42389023788157
6.61248398831893
4.79649653688055
4.77146068263764
8.83662809363577
9.58562337453277
10.3848639727764
9.26764701639186
8.1964209229973
9.50043264675428
6.1123266865356
9.88346999196198
7.6085383701453
12.1275925680774
2.24895476926037
9.17384537698701
4.76418930884443
6.67139897752719
7.76143601876908
9.10835541210717
8.64539209494639
8.68760887731208
8.46282425991636
7.93005940678268
8.14340480064615
6.85081750944925
8.54548422852646
5.08167806465304
5.54200394581828
5.80808321321901
7.21979176692643
6.70359651111929
8.36557529908174
6.33038949087926
8.61125891925977
7.33114196913056
7.98154099712673
10.1798114139513
9.00839304682611
9.70313902202616
10.589796455503
8.10334103011498
7.56064919765886
7.54230131259063
8.10574507052166
10.1072028076633
5.11389941006116
6.69085996353045
9.21236834784183
5.78512444509999
8.08738227306144
8.2476931782449
8.5944586891171
4.00241556399321
8.5775870805066
3.78893953495864
7.02150788753147
9.57113947697417
8.26638102053665
10.6226655144595
8.01366709169172
9.35252301109703
8.2246805434478
7.31415747179175
8.2815247697396
8.81610116985325
9.88048427631654
9.69557401596929
8.79630527393688
10.1887939972585
11.4843461964588
10.58183960968
9.89655144010987
5.25228220125423
12.2585029778979
10.9311635383168
9.42855227728387
6.85324538887753
8.70202515224404
7.64189196749414
8.57020093526956
9.88748484586624
5.18354573790575
5.76319058985577
8.23757323572282
8.80393415165252
9.80653087110526
7.6220194463701
9.0947506038081
7.43149959607693
8.88197664425905
7.56265496733194
10.5337502730083
7.94697116669816
10.1711386433368
10.8587284503094
8.77647897483578
4.95938299373555
6.30490027774806
7.23726806492499
5.08180960411742
7.83869881248258
8.39127476055653
7.82332251574679
7.51351264396759
9.77395016792612
8.50286171150401
5.63663312505791
11.2574422759633
7.95782856582721
10.9280092778885
5.97562306749031
9.75093441197889
5.78411433433583
9.54356744694925
8.38569712706103
7.29557117286691
10.4440826977034
10.5348836870878
7.80785171714747
7.50190609084458
10.3199902368173
9.52627189590751
9.59460341589931
5.36709540031435
9.53555196770013
5.79711169166198
9.67908441521855
6.90809457936761
9.70721364435509
7.38525170340415
10.0906728237005
9.04445153249472
9.44061859811428
11.7428916237542
10.5999437309294
10.4273665607159
11.3666962927851
9.70652089461858
9.43679450004441
9.38757493600978
8.90055651301044
10.9129343448002
1.57238474883604
8.4947605349649
10.2882472343788
4.87578333882911
9.56732916036191
10.5990999327031
11.1618371687014
6.00699920551511
9.3833186176435
6.50149352082788
8.44020775725105
10.9116184904573
9.74486469876029
12.7080430018239
6.83682321199804
11.3931766659865
10.979164595428
10.3392378664654
9.48176818054079
10.6265007626699
8.69549198940008
10.6034913666677
10.0459991078271
12.4518626697876
13.1758912311608
9.68868000891818
12.7785832319151
3.98795565151204
13.2831352594836
11.1244180468524
12.6090501344837
9.84545604354844
5.96387543511148
9.1825226004222
9.33607551969169
10.9839881913414
2.28608752253317
2.86573237448319
11.4319137433669
10.262407755276
11.2073370125471
8.65490676433314
10.0588676868995
9.12523713875761
8.31537356021869
4.92016057593786
9.94501380766008
9.48403103189072
8.50358008989431
9.47690817325021
9.97308400412495
6.75767510308483
7.85764827971304
5.10624328525167
5.3034816842703
7.97542328741
10.1357354944553
10.1034470394713
9.19117936077327
8.54990245763933
10.398597652496
6.40784677266497
10.3141620087869
7.38214251200426
11.6817096719167
4.38899279289374
8.82213602767633
3.84444357548183
7.15205399161366
7.9925940014476
8.82448591309625
8.65752746823183
7.51172644154276
8.58081619943857
7.80752713515048
8.16394443203471
5.65191205240252
10.4342179328735
5.46486709165636
5.64507914272279
4.72224974562552
8.3791716499498
5.49589709326094
7.7847594577151
8.07986449003899
8.18496773879589
8.35665333871691
8.10507127845197
10.6795254639342
10.9119087587231
10.8630924038395
11.0764993936371
9.31760040038538
8.89495598200631
9.5639523189136
9.40890568898507
9.992825385202
4.18832436387569
7.3979242275421
11.0247655423431
6.46662720261158
10.1988296025547
10.3178647831561
12.6298303245727
6.90462442367717
8.46320965804531
5.93610453690423
8.35353107408263
10.0498662520327
9.5795636962558
12.4902803926827
7.24910359742593
11.0314982216555
10.8949678334531
10.0828427236122
9.40310813961795
10.4539348952016
8.12531390543511
10.665404455725
8.77418089650548
12.3163397771267
11.5319018859423
9.41550074877043
12.5260063353689
4.89580083877383
11.5283822046363
10.6497727817565
11.4722237337336
8.1827813592822
8.12560333185755
7.64640435335064
9.15617669399492
9.3367190903564
4.91097085505211
5.49061570700212
11.1119891460885
9.06766513123471
9.68596433170233
9.04344652549165
9.58756370051835
8.36188979127325
8.08394666769192
5.02982438445455
7.54350639651493
10.3914102569103
9.02635424697285
8.9471523760723
11.2259330832621
7.27291142345515
8.28887034271581
4.65234075039732
6.99340207213361
8.26806634139158
11.4556874436734
11.4992623207432
10.3813951961532
9.04783738517366
11.1518046460504
8.16755144481245
8.19105819210044
9.63444037324187
10.9240474406554
5.67617803924055
8.57943980923461
5.85749149773743
8.4291894305685
7.09030848870559
11.3930901587565
10.161378840108
9.82142674343618
8.48443340189337
9.99113259655353
9.84297997507839
6.32002258931208
10.8886371300148
6.8701597193679
6.762455002863
6.68361792347314
9.87868588712355
7.59074837463987
9.49724671174258
8.53428368718026
8.67644257390927
8.33376583639927
8.63216673785716
10.7098321740757
10.075735741373
8.80446108614873
10.683736028072
9.23628877688189
7.45030586301012
7.43195797794188
9.22161693930261
9.91214173984427
4.67645140119087
6.8839165950352
8.61989253550966
4.39977858298523
8.89807509710959
9.97177586991753
9.69455489129857
5.40768266048103
8.38252601268758
5.57073150659175
7.86048844973059
9.24018201216839
9.26034710556453
12.3626619789708
6.05222948262801
9.165880007514
9.88662641873016
8.90322088887422
9.08389154892668
9.87094853662034
9.03330542179446
9.95752345767878
9.61602765385331
10.1878459008547
11.7817154319426
8.941767708116
11.5393060163368
4.10283041762414
12.508853032116
10.8577425077604
9.77358372582323
6.86338006402046
7.3440449537785
7.63261978846981
9.76910961850507
9.56800101841132
3.7551480014429
4.33479285339292
9.44755853285805
9.58498385878079
10.1995327194722
8.35501545655864
8.76379313900232
8.04267320058199
7.16968211809813
6.91170552073812
9.25628716494215
7.55513242015319
8.11964061314673
10.5483715330454
7.95824605749813
4.27803815799517
5.39276063726421
6.01794189134712
4.80442932870248
7.93030006783531
8.83835470131626
8.43309418775835
7.20739874798493
8.28066735514973
9.15513739522567
5.68117712749735
9.96860778202794
6.37646710297025
12.1147437707301
3.94870673091638
9.29386512483847
4.62397374843086
7.08309424949925
7.34039133635639
7.89158247595549
9.98307765613094
10.5089181208747
7.84914994751357
6.56349786362341
8.35109830690632
8.56758912722704
8.72232170319086
4.58331392851849
7.9957478244466
5.63730410320323
7.5725378233989
6.41095145083865
9.31851547861081
6.36796826035632
9.82661331262658
8.94055708818506
9.45208828044517
11.6594854284819
10.471950375942
10.1854086848888
12.0873635410229
9.55993992247591
8.94052910652652
9.12609214804924
9.67400055204547
11.3928869228026
2.87371538535172
8.24973494272324
9.94232388753062
3.4928580970771
9.5082849149571
10.4172640962492
10.4914787743472
6.11636631853629
9.86327119564588
6.211371881081
8.29764505143286
10.9119276889649
9.6571984017736
12.5870889571644
6.82884547729741
10.5915867451568
10.2939114985345
9.21719706047904
9.36162187237593
10.3175303297995
8.18423742816199
9.9620237818352
10.1086022540294
11.7389875229885
13.0600831946779
9.36879413892004
11.758151341373
2.89471164651205
13.9566408296791
10.9451116911573
10.9922935278193
8.23363705514076
6.18804839397847
8.96600622985277
10.0412097911648
10.9978308417855
2.49886153675053
3.07850638870055
9.80433366755706
10.2620482585116
11.0425031189627
8.76205356027311
10.3537354566756
8.92328747146943
7.94999343782047
5.66916888948882
9.01367397459167
9.29108693147661
9.05631285145299
9.54849522857524
9.84532232379352
5.77124991841856
7.02366311786896
5.31157056571104
4.13605810870069
7.99077470209885
9.84153284550625
8.78600099680256
7.84907297488915
7.75861809649722
10.1309930104304
6.16064655476649
9.66852014085993
5.80577625895001
12.5337942810369
5.35498358633087
9.5272702991494
3.4169186532249
7.05237691825127
7.15098400147113
8.92361117641268
9.5689769572383
9.05176078266635
8.51168044389868
8.10959180882009
8.38084153198348
7.57194954469849
10.1537165093813
4.11845644797983
7.11468813787853
3.86093128484075
8.6041163444967
4.63457863247618
7.74343259208246
7.83581354702823
9.73319487358785
8.84713864914633
9.16209394639502
11.5209232641293
10.3333882115895
9.81075779218621
11.8461769035574
9.42137775812333
8.84711066748779
8.80387958483231
9.3963634340985
11.1114676155929
2.73515322099914
8.06193585826679
9.56464628350807
3.83962616652519
9.27649116511163
10.2255339589594
10.2552031924514
5.64633061597605
9.58185188843616
5.92585937908126
8.15704372049415
10.7733655246124
9.51863623742102
12.385829446388
6.43997373561044
10.3597929953113
9.96206009302183
9.05932745786754
9.22305970802336
10.1789681654469
8.46623703207302
9.62349217046884
9.87417178277379
11.4167749597715
12.9215210303253
9.67177669630712
11.5568918305967
3.03327381086463
13.6963956638464
10.8065495268048
10.8988750887806
8.10949521437172
6.70535464582368
8.87258779081404
9.66941946760476
10.859268677433
3.01616778859574
3.59581264054576
9.71091522851833
9.9720539244615
10.9490846799239
8.62349139592054
10.215173292323
8.78472530711686
7.89159106990125
5.81202603234596
9.30332009878914
9.09430925275065
8.62080995873111
9.35171754984928
9.41281905673891
5.5744722396926
6.82688543914299
5.5613210325669
3.59271414424118
7.79419880708743
9.64475516678029
8.58044674328593
7.5635604728894
8.02801703472312
9.75634211772776
5.69126215974954
9.85631922531638
5.37311163558856
12.1097196146846
4.8367227520752
9.19193045607087
3.78423451434798
7.57397814860106
6.76749330948093
8.72683349768672
9.16849013563593
9.05176078266635
8.37107911295998
7.91281413009413
8.90244276233326
7.57194954469849
9.6749392267443
3.45829305327748
7.20362474486685
3.86093128484075
8.25734827504861
4.63457863247618
7.74343259208246
7.46436406370743
9.25686402508045
8.2106427338747
8.85243368771265
11.215948694563
10.3749175329435
10.7345521006254
11.4158023262903
9.09492778707608
8.86525417887274
9.71507380988784
9.06648197675857
10.9952231301543
2.9837631732141
7.86171046431825
10.5081552782387
4.93817144523425
9.51064776805078
9.54235002683166
11.6335261629932
5.94511627797365
9.46560740299763
5.39499055666141
7.5664062983409
10.331098015912
9.18926127717826
11.8161483669124
7.52365178202951
10.6368517159309
9.58865687465389
8.65579139070843
8.96812944448534
9.83183135666514
7.08182255501303
8.93553525709607
9.48569702067997
12.1557127470387
12.6562235863185
8.97280526756945
11.0363425130131
2.96884004803125
13.2339353811196
10.1900592706021
10.5503377260129
7.86151161185882
7.16410150392567
8.40692931617557
9.20730833922034
10.7049335121874
3.48646972831629
4.06611458026631
9.35726264043792
9.50877554519081
10.6721294194786
8.65419724812918
10.033315400516
8.44815323249273
8.11282402146776
4.25223647065571
8.29786798589322
10.8571071856682
9.88046815262563
8.12110743366897
10.7270768265102
6.76616827112355
8.08292769454086
3.85867432801951
5.25904444125816
7.03117550771621
10.9969191200763
8.89089415335869
7.45290215857942
8.33454461817758
10.6801364261669
6.74402396120669
8.6730376941028
7.62639066801522
11.6998928290925
6.2399673047837
8.69336884720497
4.47286770424301
8.54099059263083
6.15183083725844
10.255881625525
9.66951316797141
9.33072700873926
7.80092793668736
9.56556750558013
9.64070150959253
7.10125896771757
10.9712659949312
5.38858911551723
8.18092619939782
5.08984480338125
9.99574581728981
5.86349215101667
9.10548989263628
8.71830281631919
9.56709087522258
7.90113383384709
8.53749861533841
10.7338228060582
10.713297429097
10.8815323292139
11.5543644906429
9.48812066179504
9.0122344074613
9.8620540384764
9.40182181983711
10.9370076157809
3.8199315858322
7.96525582813095
10.0213334585036
4.79419364272612
9.39680767846769
9.6860942050125
11.4981134179031
5.89560008679687
9.40739188862424
5.50236817823853
8.15290198458849
10.2728825015386
9.55047430488587
12.2926536289725
7.52365178202951
10.7838319445195
9.92716050239495
9.07903365471864
9.31858858423264
10.2894574655051
5.97685653061156
9.60216294654402
9.9089472142354
12.3026929756273
12.6023345698347
8.97280526756945
11.374674247981
1.97840757260813
13.3724975454722
10.4519016192965
10.6973179546015
8.07118918687117
7.6258208075557
8.55390954476413
9.78186780284481
10.646717997814
3.94818903194632
4.52783388389634
9.90525101043617
9.37948580881251
10.3311566344901
8.99257714428268
10.0670311352246
8.06060920607634
8.3180197644297
3.90546840120762
8.55981513238033
10.9999643285254
10.0537033975829
8.02201109610924
10.7952756494785
6.90902541398069
8.23479206770568
4.43831917996953
5.88998387762219
7.80897791987288
10.910360606588
9.68589447884207
7.31299624443963
8.06216762339037
10.59770099841
7.37427382337172
8.76384105421377
8.32336983349599
12.274452292717
6.32890391177202
9.15709838337991
5.01826309226058
8.687940930278
5.96990090027898
10.8360993229739
9.39579473251237
9.39067467439592
8.25948725169245
10.0399041916327
9.73896801546828
6.41523477367515
11.1225412020244
5.13303109894536
7.43369439376804
5.95168663167721
10.2855532977941
6.72533397931263
9.04554222697962
8.86957802341232
9.97935667372922
8.43650782362592
8.98946617408058
11.4459766130863
11.0832129545884
10.7146762021928
11.3051671519558
10.12843830064
9.60646661473462
9.66775132962176
9.22496882513281
11.03568268562
2.22896845693413
8.59330699452281
10.270696807367
5.22896810933866
8.78275576257789
10.0984064799486
11.1581425361414
4.93367599814514
9.50606695846334
6.03766124983301
8.88450835476821
10.9907222268388
10.2817564243844
12.8200955307964
7.57758007791828
11.5628487806767
11.0360559993512
10.4098916979981
10.0186599061649
11.2445359683924
7.90887229118078
10.83399589887
10.3673702380131
12.7320390633995
13.345563345851
9.46803777326218
12.8906357608875
3.07891112831366
13.327211133376
11.1133156089456
12.4994524532983
9.84445325421068
7.39816843992791
8.96617534327078
9.82941756407574
11.1354362717056
3.861921013223
4.44156586517302
11.7859035618723
9.83145336755467
10.9793093776322
9.19455794733054
10.1918022488902
8.74117919861412
8.38365541068642
3.74427135498426
9.87132190965125
10.3709777165785
9.07336773091352
8.46704719070095
11.2775756635752
7.56114622992117
8.69014699628973
4.7120228141236
6.15909115524416
8.29496007691119
10.5481587287035
10.6500939630531
8.42437797671804
8.78386936316907
10.2586985637793
7.15391582415145
10.2404701107781
9.17829944344298
12.2959396297331
4.98540278112039
9.27521690581585
5.43935897203633
8.47246126010137
7.17766535121976
10.2486883839798
7.52749641723137
8.29981080764663
8.76478285197745
9.46043597735631
9.44055326823048
4.59099715105155
10.6444029377074
5.56120902922304
5.66624801219476
5.89858957343318
9.55971063129226
6.81693917456596
7.66294758622267
8.3557459051464
9.26860514908587
8.94678013061392
9.35745416982839
11.5792404933288
10.8811823758581
9.2904187826642
10.5693291881893
9.97630350682333
8.46962082552468
7.98715561200691
9.14338170698066
9.96230799198825
2.68708978712463
7.61550050418644
9.52824945814724
4.13962060431862
9.2370824559779
10.7739038731375
11.0297299924024
5.94287727710038
8.43269226483156
6.36015241712961
8.90994926512018
10.1799431386147
10.1234137877227
13.0393749160156
6.09774105417848
10.3672064509716
11.2115369522785
10.5536969758999
9.8949948793112
11.0077588130093
8.84087686952432
11.2016823578005
9.99617855193257
11.1794947693
12.4876500146736
8.4363790797936
13.1099151461067
3.96063062842319
12.4824548063852
11.5711359868842
11.9199264118762
8.94589161600791
6.03917260881816
8.0571451882647
9.81024607901647
10.0741607526013
2.89437072630151
3.47401557825153
11.6873666353447
10.0844670436999
10.9079619871294
8.91683820676721
9.12414515175546
8.95839536890573
7.43092074565658
4.89281121252507
9.16354100568005
7.83609615742125
6.85546874899554
9.84033988001072
9.91758976001032
5.43933673057563
6.55795785024018
4.3485872045396
5.46954505556559
8.87395839173887
9.45411952957965
10.5122746229395
9.39505766655497
7.62898796400415
9.81058891805498
6.61817545846712
9.00286614531817
7.62810794857076
12.191748254281
3.20515793196542
9.39876766097887
4.28535710017399
6.31686243747935
7.92386274005167
9.23576606227028
9.00549905031856
8.84535198282974
8.59023491007946
8.00784449958154
7.78423029157897
6.79432048623139
9.11954457643255
5.1012476430785
5.67370957448595
5.79263672052497
7.40112295295835
6.68815001842525
8.3501288063877
6.76519113359801
9.8859382346905
8.219981193315
8.7153339425894
11.0794102088936
10.9008579085614
10.3795232126601
10.9571142661367
9.87998437041213
9.42411156870757
9.3140848217155
8.87691593931371
10.6265760160671
0.727235553031953
8.13346418777544
9.8389861724965
4.59239255938625
8.77807214681295
9.58025382680081
10.694756820165
4.80055556310658
9.09696028891044
5.46626131444261
8.70215330874116
10.6426693410197
9.98480813063426
12.5151501103908
6.94120631168041
11.3804937346496
10.6217217366899
10.0369608708685
9.72171161241476
10.9975090498593
8.28997495303522
10.5412939252631
10.0860929672874
12.3783725554933
13.1632082998239
9.52625328763557
12.761608520639
3.16480768222702
12.9181044638231
10.9634945661169
12.4013483251435
9.62239413883273
6.90874501133722
8.87275690423206
9.42031089452284
10.7873833858866
3.42641812050113
4.00606297245114
11.6877994337176
9.55732113606349
10.7969543316052
8.8279915431379
9.86226288144469
8.35281031308121
8.00506746016271
4.13463259574336
9.64700522786932
9.86686790425594
8.45738792849708
8.11889930959588
10.6666471156257
7.0494665766122
8.15412544235642
4.51115194060762
5.65769496181891
7.97726977315236
10.128364110687
10.2736056874789
8.0332652847304
8.61497450769762
9.92354557424665
6.79447917491774
10.2404701107781
8.46137493439601
11.8868329601802
4.34154015544945
8.87297973309494
5.08246324839389
7.87988037553798
6.74182168807104
9.48101058748169
6.8898378346225
8.29681640131728
8.67136441293872
8.89798600019726
8.84797238366709
5.183902718958
10.2437046472182
4.7647172180687
5.83664415810788
5.61436188780444
8.85031031648604
6.53271148893722
7.42834545795818
7.99739578147519
7.62635914890538
7.07621226509313
7.65924900504163
10.1070149297643
9.51090026864858
10.0341324633243
10.5796678852499
8.06375838322376
8.05007773233696
8.83680930631682
8.23444073050818
10.1590886891139
4.60727087924236
6.50673204509657
9.79637192676617
6.0132582457232
8.6118342484725
8.27517269687755
10.9355035174909
5.08812257412857
8.62947296195721
4.12062619366277
6.24364381481028
9.3521064320144
7.77865821163431
10.7136209431373
7.56134060015295
9.83764270256128
8.18176213223745
7.30956146353022
7.61498909461886
8.42122829112119
8.60794788375903
7.84484445185331
8.30748019930748
11.4546267272764
10.829741407387
9.95524530847013
9.85854045651977
4.80089109905231
11.6815326078726
9.52812038396403
9.02321621010152
6.11183505529823
8.51871308864066
7.16164572820676
8.28633048598163
9.23464451725645
4.85682958764971
5.43647443959973
7.52439831407001
7.72794003083234
9.60216843472293
7.79017998383425
9.31215527907821
7.31456216065617
7.9045210788111
6.42392234325989
9.03461466522352
9.91811862211006
10.0838347535543
9.75001696569932
9.79871488750361
6.06599617059967
7.2940207707432
6.19778781275993
5.0375812680232
5.83990540093441
10.2987176103395
7.02407904711104
7.01490749459504
9.71716789615941
9.98193491643008
5.40127732203579
9.41455518737588
8.18052040137209
10.6319646382066
5.822095335192
7.71437726330742
5.38192731826454
9.37136141915209
6.85061395116695
9.02232075719421
10.3101461967894
10.7703878540982
6.87964482022485
8.33200663724929
10.5689248101931
8.78184742798331
10.0524071685668
5.97555051835815
9.23711306434076
6.17092587163115
10.1112321944473
7.07209040274364
10.3992244151613
7.74971844968266
8.81419336329966
8.5586987254944
8.88559876303618
10.5463028939006
9.85060106856331
8.26912496901331
11.0626403571366
9.10697262564187
7.4303669331624
7.59942718617485
9.36215456492603
10.0540156149661
5.54129792721713
6.97181873692512
8.12814982544956
4.98923471058863
9.08540001073684
10.458335836729
10.0009473193185
5.83126423079679
8.52439988780939
6.13423778075376
8.05059908788782
9.4074502663706
9.08599435624411
12.587594868066
6.58614671817365
9.02393590492481
10.3282151177695
9.16065824967034
8.90953879960626
9.63838027292653
9.31678389554681
10.596216505386
9.658461151322
10.1287977050975
11.718544150454
9.55779356600878
11.707081190294
4.91940222992552
12.9109088485735
10.841876095405
9.9952418086547
7.09533429120227
7.54088246594919
8.05117815767331
9.85165733197304
9.50895282265407
4.55697051110345
5.13661536305347
9.78562663590336
9.70760097118622
10.1362108516321
8.12988078374897
8.76116075795955
7.92545776947758
7.5569542792204
7.50459440228909
9.75551489901377
7.78914789324098
8.51106895779164
11.140007755334
8.04614819938805
4.44220145592292
5.48066277915412
6.85865183395944
5.39803563484075
8.67404132890108
8.87049681940223
9.29064201909191
8.26038493716411
8.55826512526369
9.18727951331164
6.10413465721509
10.2902094968188
6.87851655006514
12.197291484198
5.16609004816319
9.26673194499199
4.89777384557685
7.60537311679068
7.83082468212172
8.58137919688928
10.8971611022611
10.9589826301615
7.60656607136794
6.56809706985538
9.25663793768483
8.98220132397337
8.53913166666456
5.17277005612188
8.59441553674166
5.86920911962081
8.6683632406921
6.79332751461367
10.0375015026054
6.18477822383002
9.67263454652134
8.67651785399283
9.05318224388079
10.877516675731
10.7212674037777
9.55962613857121
12.0234148947993
9.78384560863887
8.87007195493584
8.57805403135847
9.87087222399352
11.2887056068347
3.63073524452653
8.15235467163825
8.60093593376607
3.91720947560949
9.44733595063023
10.5286123508063
10.7869720260491
5.86781922378373
9.75908987967806
6.12148764556629
8.61536783320169
10.6625854194238
9.94017722277107
12.9369973698911
6.42452724291639
10.4947191543468
10.5401721527223
9.47827878939685
9.72648910523589
10.5872291343084
7.39910110382813
10.4119522755974
10.1532462772904
11.1656433061565
12.7417019416179
8.39703719551007
12.0368371986293
1.81239477920295
13.866265003897
11.0241388160748
10.8965302760875
8.18166668508341
6.32284152506355
8.92738029633695
10.2341815214719
10.7741155835804
2.83317019021747
3.41281504216748
10.2423629696672
9.89516943735489
10.6277040346858
9.00054711896335
10.1300201984705
8.25667155130794
8.02890697425706
4.47661126080188
8.98922328776744
9.84706901021114
8.46426155988389
9.35678145760001
9.81261492904015
6.39650704725719
7.62453164740072
5.49716963744407
4.62425672326551
8.68043179487194
10.1460394504272
9.5767812722469
7.59228376399015
7.78089187133204
9.25373499029921
6.11998542957567
8.68890752383553
7.219993742536
12.6312481928862
5.04540474368657
9.75226924486411
4.07049219918942
7.44355733630439
6.57229710592758
9.91695380973893
9.36048991102279
9.18159821527311
8.70712274628784
8.86235156628059
8.54326825326609
6.67539246202273
9.83786757227899
4.20858589288039
6.32001073608947
5.41631264189837
9.3070487608784
6.1899599895338
8.51016823720079
7.48351412944444
9.26957622848623
8.87071907958806
9.24840044669963
11.6442677263252
11.0315472880537
9.59137777735798
10.3444069041974
10.0413307398198
8.73318880970015
8.28811460670069
8.9184594229888
10.0375952938597
2.18093504946889
7.77020620051639
10.3012874136498
5.05524052208192
9.19147516493812
10.6464932229743
11.4092433755809
6.15342924979224
8.50797956670304
6.4719534239795
8.82224748856523
10.2449703716111
10.1884410207191
12.9119642658525
6.11761659832815
10.5368785656619
11.0841263021154
10.4705466566701
9.95588372514232
11.0085404939841
8.38775927335679
10.9924683485141
9.94892769820282
11.4804537639938
12.6573221293638
8.71074006760387
12.9825044959436
3.31591372641487
12.4952026532873
11.5578847138923
11.7925157617131
8.90273395706818
6.65316841821153
8.1099800475898
9.63500807820523
10.2279228088716
3.53869899104944
4.11834384299945
11.570779454327
9.97541332057109
10.9306837641725
9.12437876242227
9.26844819288521
9.02342260190218
7.49920259612431
4.52819473837956
9.18308069316411
8.87846161167151
7.66905061553391
9.28316262307711
10.3031903831879
6.3304493882878
7.39437810459806
4.13463259574336
5.72073369292545
8.70623174186194
10.2991562901226
10.8576238869185
9.54227365443305
7.30037058365946
10.0811626767994
6.88874921721158
9.42417747077562
8.45464565884312
11.9806422304302
3.92142763927419
9.17384537698701
4.76418930884443
6.94264498379695
7.61857887591193
10.2062626498321
8.83449730219552
8.11208711109349
8.60977459756353
8.7021570680127
8.41001283789657
5.11973841445059
9.51508392690752
5.65290485236707
5.54200394581828
5.31737496825732
8.3339738818396
6.24149336325017
8.07144294913147
7.16073048407299
9.88017510217641
8.74385060925427
8.92597337743224
10.999120250065
10.7299836221164
10.0159535351482
12.0429545822834
9.823383020424
9.07761251059089
9.03438142793541
9.89041191147759
11.3082452943188
3.79820640124414
8.06193585826679
8.95897698571187
3.41105473795376
9.28490922934762
10.3053848268675
10.2494798829491
5.47663880573062
9.77862956716212
5.98081627944675
8.74534026100745
10.7733655246124
10.0023992120994
12.8590254235464
6.35103712862211
10.5649887382733
10.4105490588051
9.46130087955545
9.74602879271996
10.6130006431552
8.31638543633281
10.3593456641352
10.2233907392252
11.6219707027335
12.8329730605974
9.81463383916426
11.9588652522846
2.59584573833698
13.8392528067035
11.0436785035589
11.1040708317426
8.26077042146485
6.8926535064067
9.13492085199201
10.2537212089559
10.859268677433
3.28110941349981
3.86075426544983
10.4499035253223
9.76796057090633
10.7973653794206
9.02008680644742
10.215173292323
8.35069282940858
8.03857129848981
5.52631174663168
9.45030032737771
9.09430925275065
8.62080995873111
9.2642022450985
9.20762331377696
5.5744722396926
6.82688543914299
5.99810874165977
4.53709409823477
8.5397604287524
9.39327969296674
9.31723155439592
7.3647100641837
8.37887829896125
9.71006238687617
6.42936248850544
9.99917636817352
5.52070233667049
12.5993553611809
4.68977241442802
9.77180893234818
4.23471558395345
7.27106898809581
6.46123925184275
8.47825868259362
8.94327178035539
9.66043042394355
8.8370951740936
7.71794782504106
8.46136007473581
7.33734037514898
10.0681358378772
3.44459969276488
6.7638268736404
5.00318770602098
7.72357636436927
5.77683505365641
7.86135814040244
7.75549678799044
9.67590933574962
8.99597587015649
9.338459060412
11.502078488659
10.3664058801832
9.96597290218375
11.9347584349456
9.38263535918349
8.8396310094555
8.88233690812108
9.61332669505013
11.200049146981
3.81261310978897
8.19969881895677
9.51466565054367
3.99335467643719
9.55545716950247
10.7182682210709
10.596866543266
6.39229226985216
9.67043341982433
6.50204611362353
8.20182609017001
10.7641781476552
9.52962433545127
12.7457517512669
7.32046932789278
10.611258437455
10.4665086603717
9.3939173080477
9.3159362179161
10.1402257665071
9.05712692756559
10.187817028552
9.86596702807051
11.6127833257763
12.8237856836402
10.2001560989217
11.9565988030115
4.05645465323096
13.7842503921932
10.8994260366975
11.0130695591957
8.29820596819164
7.06862132654466
8.83872383648323
9.88638272855639
10.8500813004758
3.46399875751664
4.04364360946666
9.83593316807885
10.1224930732546
10.8580834073771
8.65650906451422
10.1011848967031
8.83491951516534
7.70865854827242
6.47010042116587
9.87677719944923
8.40198642141243
8.60848188253209
10.1885580012269
9.61163580116271
5.2346542352825
6.48706743473289
6.3626342313319
4.75757552236607
8.09459157577776
9.01512968186587
8.95244254945512
8.42346483096961
8.87343974226124
9.9115572277253
6.10127807398514
10.393116692167
6.32945097514231
12.2870359693466
4.73261979952744
9.28051198745904
4.20008946522433
8.0714346748862
7.36345449281414
8.99885955370384
9.87061015144363
9.26938904652125
8.32726073231313
7.80461798275634
9.39989928861841
8.09936908215143
10.1034606958205
4.75843016278484
7.40679195859727
5.0312941395102
8.74356101669174
5.80494148714562
8.99820540057973
7.74910725298597
8.67726702853707
8.39477319762221
8.72940545387136
10.9061140793263
10.1839991163276
9.60395276861924
9.84861149012394
9.17691459900903
7.98065758687667
8.30068959796193
8.42266400891532
9.26762800653722
2.86786439347547
7.08364018826158
10.1789904618389
5.34396101957734
9.09541711553658
10.0862616232704
11.5509414297965
5.6542615990119
7.73801227938053
5.67913691803043
8.29302760282978
9.46433620648245
9.38622240871385
12.4840892333582
6.3596025884145
9.35629056179055
10.5106039159674
9.96855853288664
9.20365357475836
10.4659879186125
8.09555098616921
10.2237153603766
9.36812983597553
11.5330981541925
12.0563789774426
7.55966665830752
12.5076521831005
4.15391649380004
11.7877748209341
10.6352224295208
11.3154678497845
8.34143305391619
6.62924073826773
7.50513825527299
9.11556609356543
9.49638990765267
3.50763806324065
4.08728291519066
11.0937315423984
9.45641832774282
10.3297406122512
8.09014836610783
8.27334264997045
8.22120398989691
6.45039009242481
3.98801394830562
8.58941282559183
9.20219818028643
7.6769419910302
9.15464076514658
10.3136854544021
6.33167108164503
7.46067184801359
3.59243563193984
5.96016028657213
8.25622094201992
10.428005701633
10.5378605752797
9.076111606463
8.06125360768623
10.12412290401
7.09004236169328
8.39372189411045
8.59357754933094
11.4949104298816
4.16948831685723
8.5452564335812
4.82579967225932
6.85282317751427
7.02939284039005
10.2652434256859
9.02711574478085
9.37941965636346
8.01147589482106
8.93715881335385
8.40324161531816
6.23315822969793
9.58002890003475
5.78454735802097
6.54197010452445
6.3871446284488
8.31562599677137
7.29187790205704
9.27210808858047
7.22567545720021
9.96411196474973
8.5099979379202
8.7790873490651
11.0729423104691
10.9717563542716
10.4273665607159
11.1615005498231
9.95333244822241
9.4950100144178
9.38757493600978
9.10088912809928
10.7659541162116
2.14834509477486
8.30452568312901
9.5389105721833
4.2273853746293
9.11087490853597
10.2274148102917
10.7682469344593
5.23875807857034
9.23633838905494
6.08005534012144
8.86906186207417
10.7064227474954
10.0581562084445
12.8831313209544
6.87613426162212
11.4513921803598
11.0509983787127
10.4374187332675
9.79505969022504
11.1494698473665
8.41738560319832
11.0004597500403
10.2457262362714
12.4518626697876
13.2341067455342
9.2168762287058
12.921241789623
3.38399320873886
13.1318600523905
11.1563512806445
12.5682568784765
9.88292522403439
5.58983626980548
9.03966545756506
9.67930015442791
10.8511367923622
2.00530857875822
2.58495343070824
11.8547079870506
9.6210745425392
10.8678527773154
8.82152364471337
9.92601628792039
8.42615839089147
8.14125492088078
3.93309660855123
9.90999773654057
9.67374998129978
8.32570687591766
8.91934335980633
10.1782797470869
6.93554831706148
8.03552149368969
5.01301169975878
5.88601498380489
8.46812521460005
9.91204674447697
10.5503944791356
8.53716421046768
8.46096585065101
9.99703568854093
6.99765135518639
9.87737429969402
8.05296581434034
12.0375004917124
4.2461356500366
9.11238208790086
4.02831105721942
6.91446300763727
7.30507600138287
9.14503552166839
7.91739201891348
8.5489380789016
8.74953814299795
8.37126216444485
7.88255501576639
5.83291459947088
10.4342179328735
4.99996893996945
5.25001652444541
6.06230111108678
8.52331360917794
6.98065071221956
7.78002589949031
8.07986449003899
