12.5314036654045
12.4586116315513
11.7562185351378
13.602588731615
12.9298666470553
13.0757145034223
13.1337342125315
11.6961476587211
12.0206684187124
11.9042177713151
13.7901130497427
13.26323882155
12.3563962388653
12.4460947399628
12.0792251978543
12.6336190580905
11.9770098051682
13.7939827926757
12.7423423289276
13.2463203242236
13.456740875248
12.7194460960309
13.267108564483
14.4061271991047
14.3017917836994
14.3235474563618
5.91211602068227
6.43157370951699
6.08959867295265
4.18607712317844
4.96113905303147
4.70553481201318
4.94716905307349
7.04214325507606
6.17596946849869
6.431573709517
3.57550757761937
4.0949652664541
6.43157370951699
6.19468052963499
5.91211602068226
5.58411098407592
5.91211602068226
4.33659950751441
5.57170859859054
4.33659950751441
4.44168136419675
4.85605719634914
4.85605719634914
5.58411098407592
6.43157370951699
6.01719787736462
3.92950065800066
5.28914408963782
4.44895834683539
4.87476825748545
6.96974245948802
6.10356867291064
6.431573709517
3.90351261422573
4.42297030306045
6.10356867291064
5.93810406445721
5.91211602068226
5.91211602068227
5.58411098407591
4.00859447090807
5.31513213341277
4.00859447090806
4.7696864008031
4.52805215974279
4.52805215974279
5.50501717116852
6.28105132518102
6.4502847706533
4.00859447090808
5.49261478568314
4.52805215974279
4.79567444457805
6.53665556619934
6.53665556619934
7.1472251117584
4.61916401646715
5.13862170530186
6.02447486000325
5.50501717116853
6.62776742292368
5.7615936363463
6.3711909577459
4.28349373838196
4.52805215974279
4.79567444457805
4.61916401646713
5.31513213341277
4.4489583468354
