7.35836017682052
6.83729383159271
6.70186941197844
9.05292399215666
7.59863159901751
8.28560538412053
9.19067424218132
8.8077770605426
8.3365376211604
8.10594649203496
8.73527724444736
8.77211685266871
6.8311209313724
8.32774625601746
8.35445392208966
6.62295446522008
8.85741430567177
6.46092777581981
8.30571826311955
7.96445555311668
7.82674399513256
7.89834300169969
8.09538590664613
6.67650536179793
7.9322203439134
8.1549535087585
8.39019772951791
6.87688177844619
7.09592819395959
7.40405028849447
8.5411016423949
5.80370021384958
6.92551542019102
7.43197367406235
7.84196665266369
7.81512206255618
7.51640975402795
7.65992141768297
8.42264446691218
5.83901348755062
6.65833344258211
8.24388084653889
7.72540828366229
7.17195862075418
8.39805721341919
8.82304009489778
7.34009373177909
9.58509932924008
9.07009816546672
7.41253644796917
8.68476390811583
7.14460834567347
8.18783518905749
8.50876660287955
7.10891447737671
9.34323475025551
6.04502763766098
5.221805996393
8.57436110618335
7.11971887342929
8.5959294192286
7.49213320073885
9.47816113189356
7.26854293785463
5.97458261544068
6.17678625601295
8.06505596123352
9.01262842887343
6.97722454202124
7.88668783651525
7.14217207232436
7.04543261867588
9.64134092176183
7.20338058921848
7.20149952333216
6.86299848650106
8.35251542011939
7.92177880761931
6.84894206274
6.99679232271881
6.61776801112035
8.07642839783234
8.841492835152
8.32620460636021
8.10158368829398
8.43958677551577
9.96578753110451
6.79236410548798
8.40616365670584
7.74810428956037
4.80692536800104
6.62021009017764
5.03787364353786
5.44911930309809
6.29364216750177
4.34099364175206
4.35629690349883
3.97936160177322
4.20643746750832
4.54368041233444
2.92850457967213
5.69153565204495
3.86152673659821
4.88282034936642
4.90370356832155
7.2742620840608
8.0336612333399
4.90676511523505
3.822365947375
4.99407302008291
5.1056358210404
4.82246721217513
5.72473219638574
5.29500274967519
5.27227364534332
5.06096119385746
4.51607777942623
4.62674061394777
7.33578193446797
4.41269305092281
5.12346430252052
7.35720633376278
5.64206676761497
4.4855661272825
5.56985144085636
8.05626194062146
7.01303249571162
6.84226486717841
4.9692751203686
7.29339172956371
8.80083553998525
6.05802466115239
5.76710974523785
5.11515952859686
4.14393469102529
6.10553881396039
8.43680721785123
5.62580237393826
5.67362547450458
4.55237978577131
4.36848943216312
5.95366309693928
5.82979331814187
5.39377847611161
7.63876026586016
4.16424925191953
5.96684479703415
6.30961145749492
8.2129894478626
7.74529893866933
6.93851956483347
7.4120953091201
6.52837616817248
7.83081944724015
7.79170154831782
7.87766129934011
8.31807412997257
9.18239952887001
5.45645811682915
7.32746385614006
4.56539287745376
4.84155534777553
4.8777836188434
6.97540060102391
6.96413286078075
7.88089662817107
4.84355063574694
5.88259400969849
6.23610934532695
7.96072157788221
6.32105621944984
7.60064041606695
4.92106535558612
5.94263056653114
3.95262928516391
4.55788554568647
6.72176097206523
4.56753224806877
4.17966091687931
3.92801819560982
3.35266814034112
4.25913072836298
2.04171523493932
4.73495644919713
2.40287584609276
4.56166607721495
4.94080743998486
6.36175199016192
7.35775840633198
3.57663098463782
3.35423144663496
3.67339112186033
5.00945621075972
4.05174456827615
5.07344448635548
3.70362762338525
5.41621110665749
3.78417346432389
4.34507755718759
4.19501213891779
6.62472287672479
4.36094214886835
5.21501420827215
7.04964958501535
4.7564801373541
3.37140954483311
4.86383330823349
8.36763911320907
6.04634028470993
7.01278998256942
3.77004357344034
7.16901972734454
8.20147370541855
5.4316901484141
5.39251589093044
5.16943258799157
3.9665257250694
5.42374695685606
7.38335023908839
5.04601056265036
5.47347545729771
4.8279452396369
4.25748540238248
6.65090941142471
5.48030612270531
4.44398307887849
6.32479476833165
3.39200462084414
5.75980215848324
5.2870298500285
7.35803254644752
7.34822866451283
6.89485064254198
6.10365705513532
5.71937261435464
7.521935441721
6.84059597647446
7.66843171871609
7.52342883495292
8.29422837164707
6.23451180818844
7.45561200503588
3.9601654720447
4.51182574058629
4.2035761386807
7.23409834093425
7.63728287178751
6.69602334004099
3.86641866246949
5.74323446335117
6.1625246920155
7.38695445711248
6.33151173906992
6.37526669774254
4.77092273292629
6.46820169381462
4.27773494161121
6.3057081582739
5.48832315171344
5.33609988843132
5.1664637420366
3.42696908554537
5.35196007774275
3.52587525950511
3.85054436278755
7.08439319590986
5.22841314467232
4.92436637454251
5.27182148039959
7.57454552887405
8.94829366116692
5.78038651881043
4.96234773882239
5.32003906594369
4.41467618523487
4.16975290423196
4.61763468073137
3.49247107702214
5.62723084550284
4.8234460381739
5.52237673121957
5.53427987069558
5.96668418305364
4.73691298492466
5.66751693027351
7.53720552329393
6.32750904595801
3.56276385910755
6.43655554589758
6.74142556604317
5.58651301733509
7.84993011777296
4.75154539069962
8.04766379041607
6.57241351114792
6.77703728261207
4.48641596761706
4.67253251427881
4.89829276890962
6.20156206415075
7.36370850842441
5.70879335072182
6.60097708148611
3.32927889622008
7.09156567072987
7.11308728911924
7.16432855095402
6.96393573069139
6.75313807768307
5.79140278268405
5.07392526230336
5.00229672309838
7.96863925978473
7.11625321566999
7.55845619799562
7.3921752284805
7.48906041604559
7.12338923940688
6.71715061955742
7.53946143848555
7.58829998005396
8.7496021575326
6.1416361304307
4.5591139424071
4.38518451803064
4.37996785279168
5.34421109225711
6.47211155727328
6.53651143839946
5.84753828504524
5.25978665406376
5.80921046673802
6.1234982510293
7.95046254817942
6.51849508339978
6.1487055363895
4.21489547060175
5.76684087489551
5.15445392595798
4.90048060828484
4.94612631487379
4.70349696760441
4.75568397694933
3.49010740196164
5.33538935081666
4.2046067162694
4.13759244567994
5.25218304769646
4.90307250674106
5.07050880715059
4.56648319362067
7.44863420190656
7.8899361765569
6.24400296555226
4.98535032495614
3.91736966502799
4.52287102986974
5.24291371007815
5.69983711981855
4.21440247743408
6.21204276077764
4.59234553631584
4.71147657050485
3.72335471679337
6.96601639252914
6.32791878242982
5.99228653629
6.09865225066606
5.47168053049469
4.46048708746601
6.06656106862229
7.6434095873873
6.72065341273947
7.50471890117829
4.96861003504275
6.97242668957549
7.1334821521366
5.49994896900486
4.4096446027648
5.17116059174871
4.74425082642771
4.98251477645905
7.47374828419019
5.72124900079513
7.21295056520645
4.25782132065117
5.76214663654117
6.32594532077264
7.59942974121568
6.86963582513562
7.39071675344422
4.70462619076815
4.06890467826103
4.90858422908391
7.19769088172193
5.78610422423861
5.7841624539032
6.79643602843348
6.9311041810466
7.43118933893351
6.92715626259945
7.04705927498278
6.45153158619235
7.43543020763163
6.23843038550255
6.90254850584145
5.33975982185414
3.68032266479566
5.56338492422655
6.62212614991444
7.72306198488645
7.10083550955608
4.01470771299825
5.97817437100485
5.40554468401822
7.86787829096455
6.88166101835503
6.42510817871229
5.20667075516594
7.33642520054675
5.6963456679844
4.75906543541939
7.66246708993212
4.525582377786
4.31480403818009
5.26435165011786
3.47367635077136
5.99638343984615
2.39574993508962
3.86235466131112
3.73662904047107
5.58673319651398
4.51924818308802
7.92285738492826
6.6225589383974
4.19935165734697
4.52627879452255
4.05661157160944
6.34520050486224
4.32384845586044
5.54719423485083
4.69865586681603
6.90875742963337
4.3358007643281
4.33427832350166
5.3174798274095
8.03334558483389
5.95159596472897
5.57520240561675
7.54102336735878
5.03261035574786
4.8557833818474
5.20904684037411
9.32348667261433
7.51734273964389
8.00619504245961
4.80705398383253
8.27532723289767
9.22022073095912
4.01463212031568
6.39887202754979
6.79279758433915
3.6692160472662
4.317750514142
8.13013367813909
4.09316368573929
5.82954979826374
6.04724651759737
3.08094213143117
7.74484139753701
6.24103003844634
3.90560809140679
7.93435340940784
3.56017792094666
7.30540356822681
6.43688967010959
8.00000972452933
8.76993913966297
6.93990485543715
7.84546859099012
5.69761516591961
8.08016210285039
8.26974047506079
8.77123011556508
6.80661984844612
7.91692442946395
6.88191665000511
8.43330708746583
5.93760162924931
5.79093367003235
2.93234398687283
8.77588149263596
8.31243281891093
7.5128846010205
3.73610752120155
7.41661274866318
7.10300641385487
7.47331795755368
7.80707817476332
7.20648621752023
4.96543836921303
4.73781281974897
4.61548800438768
5.92362969624492
6.01133129336987
5.94539128714199
6.27807067237421
4.92856405365385
5.11571476601089
4.55142308329173
4.18104090083489
6.38325822841294
4.41732157388829
5.37642726681835
5.28002387474085
8.12318301713547
8.62708405316849
6.01845074355987
5.47777499697256
4.94001916178826
4.49124383687324
5.19852905101873
5.03974727528702
2.1738698368187
6.72298528649333
4.13184049636627
5.71861314020177
4.7559826206663
4.8272045473948
5.61064041538863
7.01130676891451
6.74088241015814
5.10599963333926
4.07821974785914
5.94212016241338
7.25306034192231
5.43805388947528
7.84418334357046
2.57571452486741
6.94342748374554
7.83354635037105
5.93728076447789
5.19819696796428
5.48545139364724
6.20086791754384
6.54885356539962
5.94749518408773
6.93898288575524
7.47785002787435
3.12336535578707
5.28274042579147
6.99861381350055
7.56873226037826
6.83390380619805
7.97533491932695
5.35105906082118
4.43385377756646
4.20284924545387
7.89913465256362
7.7259411609516
7.88922352243279
7.0327070096231
7.07857469956657
7.39095866022762
6.33552586881247
6.56090104190839
8.28009150049277
8.87028199152967
7.083026327284
7.7307076813555
4.79770445989479
5.87970040455291
6.42363755210878
7.42328055813709
8.41589599453858
5.23095927878463
4.10519356801193
4.62489668770524
5.91210169688111
7.27387830428859
5.13002950012518
4.71715692491419
6.32713594710502
4.63067918013517
4.05511252991275
5.12093455417229
5.81547753669347
5.55443535093953
6.02757020280276
4.05043671962235
5.2834720363138
3.84936150215581
3.53543639442545
4.87905977622673
4.38334740612675
6.42373857588057
6.28772670059049
8.47837257832822
7.15911992415644
5.52205037343447
5.54430898190693
3.37621957707992
4.6334601780768
4.71970832664834
3.57134437548948
2.96186868845671
7.55737554148754
4.31716996452764
5.41842098520227
4.14887518695989
6.6317286594856
5.69980127902895
7.15912980652639
6.95461715336808
5.3752759151118
3.13498168524975
4.6402593604464
7.86736345051369
4.87373425430162
8.61225122500392
2.84011729071368
7.83800058802875
7.75094669391324
5.4210770599934
3.7188793016863
6.15888280360582
6.29999944242318
5.31432820803806
6.55437549162804
6.14532314343258
5.95852321674619
4.29530046623731
5.43523134135299
6.82676341731088
6.6670117760321
5.90950388003707
8.22615741805277
4.11913315194855
4.35430415061702
4.58779088036025
7.36398981105218
7.60961559164961
7.08337427415608
6.56035322483459
7.07468341127569
5.82624070519235
5.58615238264401
6.4068687601488
7.47551680616048
7.87580614997511
6.89638365835542
8.10032160437959
5.13517222996686
5.69386853882871
5.3556458685102
7.56332278327479
8.02898532457898
5.83849785290236
3.20438888801672
5.59998462122432
6.82454000420059
7.2465133239219
6.68461192644693
5.11830221856441
5.41155213754269
4.10258547375192
4.58193477894126
5.62535597957096
5.89795337586929
5.80723144938549
5.91609731173734
4.92086394643993
5.34654630831501
4.26343665302313
4.35901744717452
5.5102466947716
5.52813932144837
5.70930496220293
5.28034788238143
8.97226734441967
7.18942943034567
5.94556656559656
6.00470202658205
4.25368841846969
4.27870053003686
4.50668562837843
3.91007004449089
2.66186714641487
7.17857850915773
3.59958119008386
5.96250432000857
4.68112902549689
5.20086273019395
6.20355268618698
7.2426816638482
6.94230381227067
4.40524344442042
3.64743448440014
5.14978259529171
7.44517334594519
5.38646578139531
8.22026798688763
2.59367661403123
7.1149345476412
8.10416383386351
4.6276114359449
4.57328393307488
5.97537370618463
6.4497590961362
5.76773815436351
5.74607378197519
6.12744161201986
6.49641485819267
2.65751633045619
5.31925269595046
6.64917561118601
6.77646434321507
6.94458054081972
8.33388120378976
5.14527737230632
4.06187949535196
4.3018594510942
7.6952263948999
7.66576704699545
7.72684948597837
7.1514182563825
7.68484361716401
6.74025543063457
6.66471180786391
6.27230147016579
7.27706464825235
8.61126130355179
7.57988881200656
8.00025290182987
6.0223967570492
5.90723971652814
6.13414606411506
7.9133694834476
8.4660944489388
5.0189863065421
4.66746828548482
6.55088331249632
5.76729687240162
5.87433861675628
6.83663263363992
5.64673332830902
