5.37671520115529
4.67229204576167
7.17799238169138
4.91424193323437
5.2654302672327
4.81606997832608
5.56470872163127
5.06974666474937
5.90092405986474
3.90096154364849
5.4137511256346
4.57722429670866
3.61962655617587
6.02404618554426
4.79467418029506
4.57507236608763
7.19201410212486
6.17389937534288
6.62993745710073
4.3167402879855
4.01586260265859
5.59680410929509
4.45222701789518
5.58618394438241
4.7639519178119
3.29980737032746
5.55106396089042
3.97296323540244
6.18448301257619
4.1588777303873
5.77028186001104
5.60364962222918
4.71921677356511
5.51511389824253
6.22509658813964
3.7070616522233
6.01504876202117
4.40684614591983
4.70519993626814
5.16745230876455
4.96563147992894
5.87217476114715
5.28944591706982
4.42446672769275
4.57730018339088
4.86896318306998
6.03833029883588
4.43570284551355
5.22772506447399
4.85635831327171
4.30066853343907
5.40879933395793
5.48961088290131
4.75230853142551
4.44426909813146
4.60073936185784
4.61179417395397
6.32386306719505
4.17565764589138
5.26512241424092
3.13859144454307
4.99264370774348
3.91983834728472
3.67949765347591
6.12996485154867
4.61973587184204
5.44723586331978
5.73365107334075
5.13013512759811
4.46868267396201
6.1472647647351
5.0595004906564
5.7478163191948
5.64398227447781
3.80251666738554
5.03912759721714
2.99706515933647
3.87664891884054
3.99022648079393
4.26255260584434
4.03884694359257
4.52897410427084
5.77289126677132
4.14037678796549
3.91641215643916
3.48073841427686
5.62855303817705
5.77210742332877
4.48411540604318
4.23417392794169
5.41330396496455
3.98739311614867
4.70369965076475
5.20044399736993
4.22304108110442
5.17033941576624
4.55083102352858
4.63040667057825
4.75871814560464
5.09718713139689
4.91485767691427
4.01649952768237
3.54399573961943
4.09419554458297
4.43751231655323
5.20438941960815
4.43962618114039
3.34159910494783
3.78537616893321
6.40663905269439
4.22581440699457
4.25840704036474
5.58941434483309
5.68417954996399
4.79886915961802
2.26837681292069
3.82459190827703
3.36427222363472
5.65187027405966
4.03164185152029
4.02162694505158
6.07705144276687
4.83930298931583
4.0150320678055
4.87851588864575
4.00009528767987
4.7603517322267
5.02344471323353
4.92906423028329
4.17109352071897
4.58273945704505
4.37471170804446
5.76876797665037
3.73698054072016
3.67843994426134
3.60016476388851
5.53173173757111
6.12534754200362
4.14189755817544
5.63510597690731
4.64811233850941
5.16573343233361
4.86131232202318
4.54977364728628
5.07274460066236
5.48145199649427
4.73488349866025
4.7825351944286
5.33440826141764
5.72882644671187
4.73280253371247
5.05351566085496
4.88708181400637
5.00769517326934
4.75648748948912
4.12382347813229
4.93351174223231
5.0981293141669
5.25151631282796
5.06607423636857
4.01621036456034
2.67543711652041
3.39079486465538
2.70809826400796
4.89374791229416
5.75187641631865
4.25990289882255
4.31406849425915
4.61380905879445
5.42647625722594
5.28189330698416
6.20039905977953
4.20299709840022
3.49813660277312
4.97129817596291
5.00031473904303
5.12018737362801
3.19791973493792
6.48469541551801
3.78244946153677
6.31640217351976
5.03070343214429
3.58740251249645
3.85033938545754
3.44393839352501
4.85626246372692
5.3191636296572
5.57788066909468
4.9962610280669
4.6844343855982
3.95755907320609
4.53163333398992
4.14217003459118
4.68650007031946
4.37059521850328
5.09228161686891
3.47543564396509
4.63352776238519
5.22670887935221
5.52714771808824
6.3323072954055
4.64145498710852
4.4850308105231
4.39445974942877
6.61571088629164
4.77792425487764
4.53130702825131
7.12761997155798
5.37521461653515
5.25325132737921
4.28565452778141
4.46743810770686
3.40733264123234
6.32316911777239
4.80979364348003
4.36973774921942
6.58545443743784
5.5959597115647
5.45840802100896
5.62627276460903
6.03365765056874
6.66578365253503
5.70520746122845
4.78366620462658
3.45752958788675
5.99695804698754
3.91251142053397
6.33853280274551
4.66154222013066
5.99934786143162
5.4813694347656
6.73285415815724
4.24843419922657
4.90556189129378
3.92679690725206
4.90240086762113
4.77535753904628
5.34952536114829
6.48061202798521
5.13112804832885
6.47507665722799
4.42796177376575
4.73146280591676
6.67654491008763
6.70428304110816
6.01294969367027
7.33073542020639
5.32364508356971
6.6759269221113
5.47388236973721
4.04708987963932
4.49555479427114
6.00070577334677
4.73769332454001
7.08270500496777
4.23877970734874
4.01798906918229
3.06921393584398
3.96570041378558
4.44006739337406
4.86615597349967
5.60203954749255
5.35434432396222
5.8997572943751
6.17574107967003
6.21841104786083
6.41960315928718
6.16926838226177
4.63064993754237
7.13017246661531
7.01694550764223
4.01193380020076
3.83349059621113
5.72551634680294
3.23036552943643
5.49622221725514
5.37795719219071
4.31182272725774
4.96822404152294
5.04755202600474
6.76947291276179
5.75798413609287
6.01653799456484
6.59084788995715
5.6767947507829
5.05883578843211
5.14278288853765
4.14525858260797
5.84954091476094
4.39584838104705
4.02827720765637
5.0319307304694
5.36639607016748
5.49665144594557
5.5061730990395
5.87380843047192
5.24589496604224
4.11521697549365
5.1216128185031
6.95563696589194
6.00268629810143
4.82791629647913
6.43696008112919
6.01630146991198
5.58801532063803
3.5972657091496
4.60353976353131
4.3616164927739
6.74481735806106
4.59656316762952
5.41834917685043
6.70142423234563
4.3071320326297
5.62967055950764
6.05513196936875
5.13158248484472
6.60154318424932
5.90666459986485
3.98956784994433
4.43297117838822
5.64709037437529
4.10061409946736
6.99691789318939
3.74570882270677
6.26640057886265
4.51860753898175
6.89874036536826
3.34222709001231
4.35306945710904
4.34951646201527
4.57212778818268
4.83010056092429
3.90607491241768
5.52673592837021
5.06275041453632
5.85686327719267
4.03511001776015
3.98856319697691
6.17522376481704
6.50712861736432
5.10111238205756
6.48794706245729
4.57996088489527
6.14955630566562
5.48302507033541
3.45607795514474
4.34900355163064
6.26557005016171
5.42449440180321
7.01873256021772
4.17204980525491
3.95499016287864
3.8332162562757
3.5173622136881
4.05849074450687
3.70253014043402
5.19309814674546
4.63888716339531
5.64054169958028
4.55033652007222
5.45778766127949
5.37765654181327
6.30857174872803
5.430274864685
7.08126154898155
6.71871161808985
3.58948547194121
4.35152480946203
5.41098795034845
4.1864379670352
5.11875121399496
3.48857391732714
4.59031346486341
5.36057837554394
4.94454375712406
5.86532828849332
5.15471464604371
5.48280109822807
6.86034111726519
5.29260031251572
5.53819550432714
5.11809676208084
3.77392626403373
5.79439789565084
4.04411872160387
5.25743624139958
4.79885763814796
5.2135634826688
5.08767027877283
5.74745033898652
5.62073664901273
5.38090827448885
4.4485185005196
4.90250816052369
6.24682310386941
6.23225674947928
5.16121782150509
6.26637731564844
5.91322800924957
5.32901779909191
3.30975476404552
4.83646108436094
4.44477160015809
6.81857613663484
4.82524214003037
5.72759206335434
6.6140285978924
4.12328221108627
5.39303022610589
5.47235406769257
4.81613210096356
6.69657940336556
5.86532419745532
3.96264835144065
3.43210665980248
5.22345856293521
3.04578879534896
6.38945927499763
4.6895967797312
5.68576097978017
5.13806411956783
7.08717894017374
3.59077880222507
4.08087578162612
4.49760499487198
4.52123690093965
4.67846524360955
4.26993083176873
5.51791057526898
4.92317806594522
5.29712264337861
4.81739527108144
4.08305078721501
5.71246337668106
6.96348373377842
5.4889207089969
6.21180928359681
5.20874174804317
6.75243344040494
5.2690862875496
3.84345651268839
4.40746880241796
6.86844718490102
5.75386300075183
6.72203263462084
3.40246874753299
4.02345846927627
3.80188965982565
3.40838927540408
4.41637331051174
3.66990152755748
5.05976236683536
4.66944165658113
6.02771881358407
4.51927025493783
5.97844212725433
5.26398215886633
6.04977200207991
4.74598838176082
7.00473746629341
6.77113584592349
3.24620615227758
4.12934298402423
5.94198937526659
3.90016520371199
4.87861346403441
3.99179648695038
4.96761186483104
5.36107630613516
4.42237084547433
6.39630275200013
5.22146676234081
6.17295233580663
6.85599758811036
4.71834560644849
5.80593678194144
5.17315318196477
3.46675658875797
5.52626627598989
4.11410494673199
5.40137045856984
5.45491743332312
5.72372424726852
5.09505593879888
5.5698092245756
6.08033764488629
5.4183285255152
3.77349216624615
5.71493494894423
7.63124671915691
6.13722375288091
4.86453877547511
6.27376297567447
6.76086792988085
6.38821881760878
3.3946405887551
5.38886200836066
4.44686505267437
7.10827047854497
5.06201702182815
6.02618028639981
6.3244024296019
4.9703588794888
4.01671254960402
4.56139620768236
3.95105190400135
4.66008101602772
6.71129203786196
5.0640012866258
4.60510442360549
4.79485143007625
5.085173930769
7.27752744065885
4.58908251133072
4.99328568822419
4.38565064365075
6.32669704662474
4.92003078691165
5.56716636330204
5.71619422014893
5.65794916889568
4.06798657615884
4.92120518652844
4.52089747833719
5.76984560671875
5.61758853325545
3.47670813176276
4.23548263824676
5.68227005855632
7.06141375360841
5.64536436429121
5.16656415419813
4.91773014898896
5.79432575008006
6.48881109479131
3.94649838203441
6.20312225966698
5.91033949457615
5.89444657099541
6.29639689251392
2.63776175399961
4.20729577548732
4.30627239470265
1.66089793852107
5.3164821575191
5.81179100864594
4.66198803449461
2.48218377619511
5.57489395791863
5.76770627160491
5.40960039895566
6.99365474349349
5.75530881387289
4.91695511104786
6.20459463185021
5.95200786350362
5.14721724860964
4.96315322459486
5.88790602929613
4.94091214107363
5.41855354726927
4.24430395346909
5.03497889403958
5.34160392481948
4.7320870537485
6.2334853133745
5.27691031824352
5.62711272956205
6.68658302237358
4.77167937439921
6.0219474258715
4.3264434769001
2.39873787152698
5.50583872707896
5.41835184029372
5.28620710930663
4.00857580787758
5.28266080704577
4.32164738103774
5.95038224739766
6.03357516006986
4.82066331311756
2.65040828816247
6.10923590435055
7.08498861356789
6.49527910680091
3.74145489739141
5.50035441791334
7.15516888528718
5.95358776971109
2.97478982983608
4.96901124944163
4.47549168337691
7.04206465182408
4.76720890792116
5.95680859177072
6.07232730591848
3.97388025568352
4.72047361197095
4.00860852096915
3.68326498909798
5.36384207839465
5.71481341405667
4.4485900783429
4.08387513835806
5.00631522313068
4.64808623362736
6.57761366926616
4.93984673254608
4.07858877600511
4.1919828391471
6.68424288827607
4.68217788688615
5.02345285559141
5.81674196304535
5.25330945335846
4.42553241781018
4.1907471636526
3.62437498160565
5.57605548131374
4.4680173743941
3.81548564162622
4.12214698503374
4.99010603833219
6.71131120889289
5.53202871107818
4.0571771015728
5.25650765885241
5.93495786541067
5.91646926746362
3.67817754890507
5.97848958435648
6.05097160990677
5.8410073227834
5.40205120797096
2.27084949545448
3.96639970040061
3.87093033927165
2.08264134230033
4.81328707774749
5.23748301301288
4.65435649935036
2.52426052729135
5.57678660277885
5.53028314097509
5.31251045518852
6.75623161286368
5.29960419557325
4.00225819882877
5.73164092202889
5.32174910451281
4.46075523709047
5.13027859572682
5.18812816425806
4.75687310606182
4.89775403141751
4.00436304597766
4.69837526717397
5.07517573655038
4.94043795843167
5.84365847316592
5.2060609501894
5.24706764994227
6.25237919886887
4.64204666928136
5.37864817397156
4.6515241613052
2.72381855593208
5.39482294311913
5.3503157516221
5.28620710930663
2.99721617628433
5.50260939715675
5.18910989249016
6.1239915189423
5.68791370660513
5.84782437947089
4.02764331746663
5.19656359294065
6.39300248419166
6.13220194088679
4.75634411300241
7.05057172150421
5.73147971387614
6.16238033204197
4.54173355053652
4.47751946822608
4.98115267937231
7.61494565096726
5.75223412983176
5.75879510920737
5.29878341066893
4.81227677303242
3.99861370268636
4.37577289453952
4.35540408042051
4.87264265092253
5.88212697971832
4.71859336583954
3.88346951776258
5.22696836113624
4.63442153175404
6.88043587373885
4.70229913559858
5.02075165960033
4.57473363382811
6.15442319444323
4.55799870845595
4.98906117111696
4.03393388043664
4.49180370299921
3.64390002090735
5.25894196682048
5.23371887137658
4.89952180736827
5.63807371334627
4.95435405905609
4.69585256170001
5.65957214013125
6.00963728739646
6.7357972821553
6.48301468436365
5.49920492619122
5.10552565015728
4.88911269351011
4.74202501218488
5.65476582732564
5.53672134580253
5.76149765450856
5.57967059190413
3.08171762961118
4.76788489613551
3.3044143572205
3.04153487618822
3.52553452976522
4.25136303865557
4.36049505119579
3.66921746292338
4.63175032861937
6.53166555328369
5.27917481161475
6.44299639003774
5.42997785724322
5.48674742086429
5.36171687882401
5.4625959380547
4.56462541069311
4.35442390310278
4.43029196891874
3.19368761717946
4.2869532016467
3.98913457264774
5.01672136456538
5.4101858058695
4.35618641774089
6.41123985081423
5.16338774168182
4.46089587056296
5.99392410928523
4.32340554409021
5.35144916528804
4.17168399354193
3.60541968356959
5.29807725598123
5.74863181572299
3.97430657020983
4.25853154134046
