10.7274184417871
11.1321365030516
11.1760510776973
10.6036067400223
11.09000345175
11.4417283325378
10.5591619829366
10.4602126102297
10.7495931433291
10.1080239293592
11.7800577186221
10.5701268818055
10.9105371902263
9.93090339940446
9.86702679372787
11.3615657937411
9.72068447981524
9.87839586005167
9.18626067084293
10.5531901799838
11.7384411250222
10.6923130218412
10.2713137078253
10.9811121494993
10.2127798715629
11.3867162442343
11.0463059358135
15.5893025550589
16.3652333289913
16.0770193282963
15.8626730238991
13.6122571219705
13.1918676777242
13.5240055583653
13.9859572571028
13.4734396480946
13.6567007694128
12.9508051236714
13.340744437047
14.5854015621038
13.0271839573218
13.2959346985445
15.1734848290653
14.061522915056
14.5409579146615
13.8795059163624
14.2512803528644
13.4550159688079
14.0114376796156
14.9401384723066
14.3128462967349
13.7538904606497
14.4461529000782
13.4289960006523
14.1319938313735
15.0606946240644
13.5706293393314
14.6825912533407
14.3157849307522
13.0456792751297
13.7975650349669
14.7129651053037
14.12963883573
14.289419917629
13.5835242718875
13.8527681191579
15.2416007497392
13.6561259739669
13.18606869034
15.8001676937368
14.6882057797275
15.2417701009233
14.5357051039978
14.8779632175359
14.0850194945041
14.4999813223072
15.4259664924783
14.8556308179529
14.3805733253212
14.0153178807943
14.129808186914
14.7647129795896
15.6906981497607
14.194596581483
15.3065584954923
14.4596317207537
12.4170019301268
14.0804746218892
14.8047387091417
14.0349426686656
14.2209194125037
13.3886778903826
13.6138226018794
15.1469045826748
13.2027011465445
12.5423970411997
15.6454281601767
14.5334662461674
15.3818361969546
14.3146630605537
14.7341402179862
13.7930247998389
13.7519449565026
14.6741494327034
14.1644382802303
14.2468171343565
13.9190697716447
14.2698742829453
14.7183093047185
15.6405137809193
14.0461431625377
15.1581050765469
14.4183426587327
13.097128086715
14.0589361099183
14.789696513661
14.1744179498407
14.357679071159
13.6399992829694
13.66069082251
15.28637986385
13.7044378172195
13.2375175019253
15.9180630058617
14.8061010918524
15.3470434514237
14.5687000756604
14.9893622131707
14.1364683060894
14.4063912030279
15.3350919957189
14.9313790921808
14.5020391295409
14.2090900007243
14.2350815374144
14.8353184133236
15.7640192060146
14.3187780082227
15.4307399222319
