10.9275738707802
10.0978011140862
10.5217827029601
11.3886435114212
11.5344896767155
11.0265718650038
12.2064940571011
10.2521170029898
10.6107363220253
11.1832431645406
9.75054080334726
11.3881383647319
12.1843901138723
12.3095187323503
11.4972438010962
12.4354979431012
11.3433950072991
11.6123770226715
13.0992276750953
11.5398075122765
12.2370488484281
11.7662707984998
11.3604796306798
12.9642032758178
12.0290259258268
11.0553767876935
9.89163511633204
9.7449077128805
10.5632172242378
11.4439078678551
10.2192271784022
10.6432087672762
11.0213455688035
11.251884377282
12.1671788809225
11.3987325718573
11.518142278844
10.9065745627739
11.1791388291207
10.9483828107841
12.8429834128622
12.2427662112726
12.0431848258696
10.0241853130027
10.3754157327581
10.3173431824119
11.4475417874523
12.1193207010834
9.75831536324887
10.4972707496271
10.3721421311491
9.96635096332909
10.7699196409134
11.7563636971442
11.3442272774435
10.5370774893783
10.8431131870315
10.4191315981575
8.7789310746835
10.4633872360581
12.0495078415763
6.46139870796196
7.66754494273023
7.56229039996133
5.66780376043795
5.40777196895873
7.85968791558555
8.67736563274509
7.83250070100844
6.12731561229475
8.25023997186274
7.94997908885881
8.4751389747894
8.08047342686761
8.5546796493639
7.50961080887232
7.55523689093423
6.43049887050218
6.20245786489097
7.03899467646308
5.98652939697598
8.35215024767287
6.9512946371035
8.05422874417559
8.23020443089268
7.68864807621449
7.71030611164093
6.20058900552408
5.93587426618936
6.47857715864857
6.93712669195375
7.75146534709646
7.64825321940027
4.58299299019706
7.69581267698677
7.23155557006317
7.77168074519875
6.91588040914344
5.09733339400571
5.62417119544937
6.35295457418924
8.11868786854125
8.4262968311405
8.24414955640041
7.17887875510806
7.59362976119698
8.63003383436663
8.10193628679375
7.71347426139774
4.63778766955406
7.03643015977354
6.56222393727725
7.66515804434933
7.61791926459927
6.80232508610817
9.86410405081772
7.8916701062076
6.66873309073902
6.77194521843522
6.47018668051248
6.005051367745
