9.2320758420944
12.3602478648427
17.3248257437711
8.55101810237782
17.9822696787702
16.3600884854983
11.8774274589209
17.0656744881509
16.9978387290011
15.9335440583533
17.7417382052544
17.841667808598
16.7245411934566
16.7957947829624
11.6699985495101
12.1678059306534
15.6439477462344
13.1724593790936
13.1772105954669
12.3621527249164
12.8309100850644
11.3568044456057
16.739827421941
17.3611849911429
17.0929079683632
16.5818155595356
13.2288276052374
16.797326003221
6.64094771945912
13.7317710459644
6.40400492817668
6.39590977949985
16.2106727063182
5.82288327387662
2.98421112568747
2.59102342654355
5.90242326037448
6.10316005033281
5.69393238154206
5.35266329347243
16.700002971509
16.2214073844029
4.01099233685876
11.3187571125295
10.9878359306223
15.7057574739451
16.3551985446555
15.2235326323727
4.17926657833489
5.2877788175116
5.48591157491467
