4.9625138191143
5.35409911163364
5.3420201218715
5.10595729622334
5.3420201218715
4.72645099346614
5.10595729622334
5.07192307064492
5.35409911163364
5.28423884376461
4.79927158239498
5.01922361470091
4.48540640096844
5.17877788515219
4.86491270372564
4.47715360407106
5.28423884376461
5.17877788515219
5.12579437460595
4.86491270372564
4.86491270372564
4.86491270372564
4.09764730131385
4.48540640096844
4.74919538073374
5.12870168349094
3.5067893579996
3.51383135596198
2.96828296503188
3.18944522736815
3.18944522736815
6.63301847847949
7.0079111432604
6.84794786089819
6.69308802813067
6.84794786089819
6.42824937254559
6.69308802813067
6.84852687962703
7.0079111432604
6.89923950995074
6.03554158414408
6.33378003790607
6.03554158414408
6.03554158414408
6.50607637660273
6.4099244353286
6.89923950995074
6.1600883227437
6.1600883227437
6.1600883227437
6.50607637660273
6.1600883227437
6.16982095356774
6.32104971285776
6.39104881063893
6.63115229239979
6.19488204367936
6.69206389705894
6.45972069926444
5.87544529057332
6.45972069926444
5.61060663498824
5.87544529057332
6.42722524147385
6.69206389705894
6.69206389705894
6.59565945758487
6.7719164727062
6.47700236930692
6.85318432170143
6.47941876149829
6.55636925428733
6.69206389705894
6.85318432170143
6.89122930085664
6.68600399436099
6.47941876149829
6.68600399436099
6.26079941101555
6.18384891822652
6.15752302278473
6.45309286605649
6.41747126006062
6.9146531134402
6.6823099156457
6.47754080971179
6.6823099156457
6.2127021541267
6.47754080971179
6.63297966120816
6.9146531134402
6.70842746535609
6.25108880256297
6.4963437457787
6.10550249443888
6.63059510532017
6.29052915818386
5.95427373514886
6.70842746535609
6.63059510532017
6.57761159477393
6.29052915818386
6.29052915818386
6.29052915818386
5.65870389187709
6.10550249443888
6.17550159222004
6.55431813794915
6.08389235066007
6.53942547629404
6.46339865341727
6.30853882064975
6.46339865341727
5.92903251789255
6.30853882064975
6.24385563302228
6.53942547629404
6.25080809783247
6.12141861239066
6.3666735556064
5.97583230426658
6.53896989430308
5.95427373514886
6.20410984773376
6.25080809783247
6.50092491514786
6.44794140460163
6.16085896801155
5.95427373514886
6.16085896801155
5.82460354497655
5.65870389187709
5.71788222469643
6.09738852745363
6.39632969921988
6.74911304511932
6.58914976275711
6.43428992998959
6.58914976275711
6.24146986645236
6.43428992998959
6.55629298158208
6.74911304511932
6.57875727518378
5.9833287188657
6.1600883227437
5.65870389187709
6.36450753387287
6.16085896801155
6.20410984773376
6.57875727518378
6.36283502162291
6.24135617173894
5.95427373514886
6.16085896801155
5.95427373514886
5.82460354497655
5.97583230426658
6.04583140204773
6.39039307076643
