9.54784639195888
7.16020993613054
4.89570015545094
3.97124214662484
6.31538831510627
6.03269098570061
4.93077801830368
7.28801908556574
4.3975359566201
7.35132941250951
5.58876691397325
8.1605614745825
4.83078266189742
7.98978185530157
8.79106383250985
4.81792744468096
7.29724081078314
7.47013896560749
6.21687337971852
8.45995446513645
6.51657780841956
5.8349440489602
7.783654426679
4.16696409907619
5.87012413015346
6.18084440429711
6.41943617385379
7.47137430402799
5.75898469778176
4.42959884379956
7.493153194226
4.83078266189742
4.49543770121004
9.32357965292925
3.44568983918555
8.4743632587111
5.37783597730589
8.28282262955621
8.66930939093215
9.49740759699815
3.46619143105843
8.83250872423283
4.30683247498379
9.12080988615227
8.16042022053704
8.28282262955621
7.39127014194087
6.9898712005924
10.7063751857539
10.5079593447558
7.07310654495615
4.47276385306517
9.75215915697888
8.43854919672301
6.47047555895555
6.00898906553032
3.99674797759241
6.71028299670746
9.2260179391324
9.54784639195888
8.6150949881659
5.29481858404498
6.38977153454287
6.68947596324391
6.43323843656825
9.06211544728812
10.4719262153874
7.51165740413228
6.70046698396017
7.31642523950662
9.28725814234182
8.0658790261825
10.1830987761069
8.89001014172619
8.83539906970031
7.71399298670491
9.71814148608777
5.79285359138177
8.73508506302683
5.54843313495607
6.55382031174713
2.56106153982589
1.80912673863284
1.48069410876127
6.21995359932862
3.70723154700412
8.7479837497575
7.88686242133594
9.18888389366518
7.44425379180205
9.08128703621312
10.2391023671803
9.83948995860014
7.21004191128895
7.79377714427105
9.31002858332991
6.456640140527
3.97169538195646
9.05677633749918
7.22373561229482
11.2024090257176
7.58246726737862
9.31079624421261
7.21923750729154
4.89489879397549
7.36202988058214
10.065913692268
7.51604100136815
8.01174770160873
10.6964591704984
8.87967973345272
9.25203131049042
9.78657529002357
10.8146028335155
10.455919008574
1.80318501801458
7.84645554619163
4.20992913530429
8.49274578968762
7.30438215266436
8.49632728803905
6.62189149905868
2.4821349759982
6.65683868290933
9.12026679197477
8.69283750356411
5.74382026988268
9.98873988989753
9.66129409587397
6.43599767822404
7.56805264133326
7.56766880376209
9.26934025672648
7.34134140347813
9.99964932323746
7.84198345573278
7.53308677256565
7.94340668251602
9.44540005817933
5.38152030114735
8.67512254254008
5.70099164898513
5.62898219234364
4.53139547148533
2.38573188329678
3.65101522805022
5.47027626029227
1.48069410876127
7.99227104275163
8.37815466302019
9.27450828267138
7.96232904068025
7.83825913226573
9.0652454168083
10.4053146975149
6.79272491157602
7.0321286605611
8.83218414389166
5.28456951336091
5.33233927738553
8.91022531374693
6.43112326501703
11.1432967979608
6.37649824514422
9.23444955650987
6.42326336923486
6.35152823961459
7.40994018825526
10.4427476063739
6.21805882516633
9.04319681898973
9.52010945857565
9.66556606726976
8.03302602346238
9.33839621670989
10.9056231126972
10.879907904546
2.31184289682822
8.25085347248087
5.7455207053761
9.11593863255511
8.15690017611906
7.33650636229816
6.15624481208356
4.30966580710386
7.00167146068947
9.77571643747439
8.2582842403878
6.69084818061262
9.89259097588141
10.3732452164791
7.25385335846187
7.38536809369734
7.53029734520526
9.63284526691553
8.0544262217065
10.6311803939606
8.33576319649494
8.60672171478059
7.2526591469862
9.5413033642445
6.67180353800698
8.22044016044228
5.86924586151215
6.19960536481888
4.13934013105785
2.20854013126048
3.32910022627237
6.54171484699745
4.11794225999101
8.29893619725152
8.35314564494265
9.48587838424727
7.02449468524255
8.70198435224548
9.80733755019415
10.4807686821952
7.85578009953069
7.61200150041264
9.1580169805529
6.2798651192813
4.78191434143865
9.60582885292361
7.52817772522124
11.133178945386
7.08185838942519
8.98139595447777
7.53042263768701
4.58953541531422
7.61221967733095
9.87580725126652
7.13673831740051
8.08417364321777
10.3670588807635
9.710155262046
8.7007491967618
9.5853997978353
10.8806140946196
10.8548988864684
3.12342274328102
7.99602831198391
5.96951715124568
8.97338029226846
7.45913076799975
7.97298983158139
7.25329927228778
3.0502402662902
5.26929761193058
9.95074232056805
8.23327522231025
5.28473527547723
