16.8127717133761
17.3658479150177
17.6656457670426
17.5078124715228
17.3396539789593
17.9339238792165
18.7150655268274
16.8975315960145
16.5579217537703
19.0122817297361
18.6646919792742
18.1584139269205
16.6127597955177
15.3590665559571
18.0904725538748
17.5257758981978
15.6060923036389
16.659916486635
17.3280199243421
18.38050483474
17.611809807983
18.686975414106
17.9762085386687
16.9918082678656
17.5512820519079
17.235130623539
17.0463484566208
18.019349161579
17.9981160509903
17.7468737663489
17.660750027238
17.4020253183999
17.7713241929603
17.3395081379614
17.7270675475468
18.4185698629693
18.2650216258172
18.1672166618228
17.5860003918628
17.5939048358524
17.937095928953
17.5679963907091
17.1538125920435
17.8594537285919
16.561045339655
17.1670649594534
17.3917011892143
17.3519156247976
18.402965085305
18.54492964181
18.023214629377
18.5785485027129
17.7565446273752
17.8412082939839
17.8737900024945
17.8744682340749
17.1778568193611
17.0173691177983
18.2349826013902
16.9019898019722
16.9285173383405
17.2129388813331
16.4285678110173
17.161837780485
16.574526368636
17.412629010509
17.7946143450505
17.7001182998027
17.8436927323227
17.7714202226876
18.2372574325533
18.6608085369107
16.9589172670964
17.5266084214913
17.3023257361546
17.7531040576078
16.858792690515
17.3326638848312
17.1240131796083
17.4262237014979
17.1177262184882
15.831933951021
16.1544558575859
16.1775782047303
16.656676940732
16.4838937388005
15.9694684921602
16.4820951937771
16.2003445067439
16.5227319302276
16.2588749471176
16.5909364089944
16.5084857651931
16.8462224597154
15.91614235355
16.6618276061671
16.1682745944842
16.7077688417812
16.7316558839212
16.8484190502671
15.886808668598
16.8015323879659
16.2841746786763
16.3533331869389
16.1680988774433
16.3591705689607
16.435299918886
16.1997330285166
16.1375361839292
16.3800741731103
15.996302200134
16.1327072400804
16.1576651745061
16.5132460398269
16.1393347289525
16.2215037426929
16.1873695120642
16.3896373273981
17.078359397847
15.8751970169812
16.2725630270594
16.124944531192
16.4650659524376
16.6628843173196
16.7090745215868
16.8126596576787
16.1088806877697
16.1224535210967
16.075780705405
16.1170304467714
16.13472891162
16.2706364221805
16.4477212350082
16.3172822118247
16.071534742241
16.6500876016341
16.3741217560803
15.9432571900828
16.4510530401888
13.3640805278441
13.0462553701853
11.1131123994986
13.3019662946305
13.4547279625624
10.7437491162975
14.0461291061197
12.0302366190998
13.9473990097367
15.1324759185249
12.3533405580458
13.8922006919138
11.927211265223
12.8799222685322
14.3574006651264
11.5854529564111
13.2404888109265
14.0210306718195
12.6111134278631
14.1071603016552
13.8366428099006
14.5932370648791
13.9845740565664
12.2008426820887
12.787206672532
12.2293518248662
13.144968124482
13.1765027561485
14.2255415577108
14.5428215220199
13.0140688969807
11.219652709682
12.5624062073673
12.3931388474654
11.920432466358
13.4987842015021
13.3088761619527
11.0775408731995
12.2364324019428
10.7440783578606
12.1517302049401
9.59190571485736
10.1984843591012
11.0627023360297
12.222386557665
14.1360043313951
11.6981110448245
13.3433075929458
11.3905322898659
11.6462432143111
12.0186383349106
12.314188061862
12.5307033871304
13.0942735157451
12.5823771372811
13.2319831687856
12.8620027962284
12.648440009236
12.9751529087675
13.7465251388037
13.5567955419327
14.8136014081402
13.3275746705681
15.2153173162056
12.7935498523549
13.9367819214593
12.5223875732938
13.7254873155428
10.9565697227917
12.9728042418453
12.8402549319313
12.7942852690074
13.256199964566
13.6501657670526
12.9689566852606
12.7649506488849
13.3430998969623
13.3249162895909
13.3187720908246
12.5833575806353
12.9648993513612
12.9648252783802
12.853130171701
11.1613611839621
13.1088410961461
13.5029767470259
10.5195166627409
14.6935733512739
12.3136375242904
14.289861025951
15.3841038691407
12.7600616937437
14.1915396827887
12.5823988122755
13.3429178236601
14.5064314613574
11.9927150723005
13.493773130156
13.5839770839394
12.9920345843569
14.8112772336044
14.2116639943659
14.4303100958389
14.4325668276255
12.4448139295816
13.1181891668043
12.3516216507546
13.1077385127086
12.766730738337
13.6746692111591
14.8539898830791
12.7352815431925
11.9342353125568
12.814230555106
12.6567031158218
11.6435292211008
13.1567854479517
13.4554990850476
11.2528140341153
11.9192825636058
11.3098413438973
12.5617795569729
9.72219116467646
10.5541249627845
11.418342939713
12.3617243264539
14.3532526919002
11.810394325641
13.3359478484967
10.9850435945533
11.345402776082
11.6945502865636
12.5468015705396
12.7350372505936
13.0365707633668
13.0632722805636
13.1742804164072
13.3222003083348
13.1086375213423
12.7292516157037
13.5050847105946
13.7323087819862
15.1719466977554
13.5235590961422
15.0504312346457
12.9919857692334
13.9257924956705
12.5661754929026
14.1186132441569
10.974016683005
13.3937469872622
13.5730467434067
13.2449678604321
13.3610966921743
14.0848734124633
13.1542409311188
12.9242407452938
13.8098053137142
13.5686244686411
13.5578016861638
12.8600030914329
13.4383065158883
13.3339619871031
12.9265372175217
11.4353516422462
13.1822481419669
13.7728330575852
10.7146851220462
14.6937256958938
11.9216057945293
14.4860081165186
15.0810119961321
12.8342729830235
14.3348295672067
12.5541576952722
13.68239391808
14.6966111320263
11.820558216367
13.8330436513484
13.519694605305
12.9564023435434
14.8966842390234
14.5138266372702
14.3441264599119
14.7011127620093
12.6821537609696
13.152915720825
12.4353388036364
13.2986967606286
13.0631850107042
14.2794727385399
14.8005627607331
12.884129309996
11.888759629571
13.1030882190824
12.7901411983663
11.7223244837538
13.6331011137401
14.1306110343682
11.899275745615
12.0383244193387
10.7873595127331
12.6264821773768
9.31418007615648
10.0316431316203
10.8958611085488
12.2579391736572
14.3428020061975
11.8672247589926
13.0224433375238
11.0206376924575
11.3812042348519
11.6405987598408
12.7263944458834
12.7869097863137
13.1960894835053
13.2901698706184
13.1960894835053
13.296973905416
13.0834111184236
12.6647824148424
13.8012840373797
13.7079020282168
15.3981270527275
13.2229529341234
15.270281788009
12.944656338639
14.516891637661
12.055869188622
13.9984010691147
10.5702247733654
13.3028026763711
13.6074603262192
13.1046078550157
13.2628888184167
13.7569027439849
13.0252160710248
12.5439242228579
13.9708012227228
13.7117450421107
13.4457135614662
12.6300002896815
13.508371648977
13.5632941319708
12.9701322498159
11.6803948945783
13.225843174261
14.0217994265776
10.4980325454044
14.9850830071704
12.3029174990293
14.4474122469538
15.5331501671418
12.9987393019054
14.5226950895343
12.9354693997723
13.7523173478972
15.0703698217786
11.9992836773684
13.9029670811656
14.0642207993375
13.1113660694825
14.7013641839401
14.6319549532237
14.6205597747812
14.6484735736826
12.8716569155529
12.945359758561
12.2967949805484
13.1346813457901
13.4563209221689
14.5191421466738
14.952947262339
13.2578879997484
11.6467461891802
13.1558922721396
13.1638998881187
11.6304981757781
13.3443701582369
14.3529794415527
12.1022669310872
12.1439902299279
11.2205170131207
13.0002408671292
9.57657007226398
10.4648006320079
11.3290186089364
12.7781996432189
14.8820770082371
12.2365235737202
13.3070704768193
11.1138260236721
11.4743925660664
12.3558924581534
12.634771954056
13.1720398271682
13.1044669916779
13.0418231932726
13.1044669916779
13.7036106076673
13.4900478206748
13.0443016921253
14.2471211059933
14.0677322567644
15.6788163067582
13.6825234787703
15.7411157680321
13.4649168082007
14.5684925405654
12.45596883777
14.041546474378
10.8437725454576
13.4490176298481
13.2073606770712
13.3203142839171
13.2771680048835
13.8707623790003
13.197162516791
12.6495900334471
14.4039587231104
13.9307371478254
14.1738010897215
13.01806074515
13.8947204203552
14.116579638633
13.1818827479178
11.3827854239807
13.4375936723629
13.7241899559801
10.6008724657022
14.4447706472292
11.9591612195902
14.1695678538455
15.1895994609302
12.9048175684737
14.2448506964261
12.3949514666036
13.5793285727381
15.1648401304108
11.4587657441998
13.8350394971832
14.3416776105428
12.5708481363139
14.0557850595948
14.7347948735215
14.7272490817063
14.3047172942435
12.5279006361137
12.6016034791218
12.2356593273344
13.0737512658036
13.5040958467589
14.625831453599
15.110449818062
13.4107241155152
11.1062282560116
12.940588025817
12.5648805067081
11.7371874827032
13.8976556648991
14.2077096123852
11.9409149887368
12.250679536853
10.8397229065541
12.3922927250418
10.1298555789261
10.189067716618
11.0532856935465
12.5596572143487
14.7552350419196
11.8472136405699
13.9065027923231
11.4963440260541
11.64719933255
12.5976074582173
12.1601659072184
12.6974337803305
13.0421998646855
12.934540731217
13.1522419162679
13.3338601787788
13.1202973917864
13.1971378078921
14.0359716059764
13.7239759773252
15.6765950358793
13.3674356853071
15.5006967839543
13.1211605287615
14.1573060522075
12.8246983990552
13.672001618717
11.2487191087689
13.0794727741872
13.1134389436396
12.9765580044779
13.6203311291922
13.9232037435467
12.9786200879209
12.4568361807987
14.0599950828056
13.6421347749243
13.804050660833
12.8125849079483
13.4003492960282
13.2749400535456
12.8674473577718
11.1579461887165
13.123158282217
13.4781482348905
11.0215978213723
14.3294065481986
12.0615696945478
14.042185474461
15.5114488372329
12.9230624797467
13.9324340708902
12.2205245937862
13.1469052665118
14.8129722623447
12.0927074651125
13.5076773821337
13.6841750499789
13.0922325503964
14.7205332284985
14.4887209182917
14.3155746804463
14.4658846606774
12.394824763206
12.922176609656
12.4173944703014
13.1873490777897
12.6761959130982
13.938787785647
14.7011244936889
12.5390634128167
11.7168200600744
12.707098669893
12.5655461766227
11.5604822034856
13.6236244086355
13.7638371755841
11.5611521246518
11.8362355459906
10.6602825998156
12.5034766528651
9.76956092997268
10.1006452822945
10.9789065779847
12.3544314563249
14.1117048041376
11.9952716551263
13.2241408066461
11.080017627421
11.3357285518661
11.6360418092282
12.3897067410431
12.5589188074586
12.7522668414477
13.0638430697607
12.7522668414477
13.3554195593956
13.1418567724031
12.5330334853279
13.6173437375394
13.8445712933072
15.2721446637949
13.273495381796
15.1353999501178
13.1042482805544
14.0242137770811
12.5076670155673
14.0478381326887
10.9197537879063
13.322971875794
13.5867454221569
13.0487497300563
13.4404389823347
13.5263325407965
12.9846946262142
12.7546944403892
13.4432326131515
13.6519284039472
13.6419175390204
12.4796670651586
13.15010412301
14.0711039556472
13.136407064932
11.3587195876859
13.3921179893771
13.6789216338599
10.5763900886747
14.399089391016
11.9378914982344
14.1238865976322
15.1439182047169
12.8379391901538
14.1991694402128
12.3494757836179
13.5338528897523
15.1195718082906
11.413290061214
13.7895638141975
14.296201927557
12.5253724533281
14.010309376609
14.6893191905357
14.6817733987206
14.2592416112577
12.5034182590862
12.556127796136
12.1901836443486
13.0280700095903
13.4588275246388
14.5803557706132
15.0649741350763
13.3652484325294
11.0393498776916
12.8951123428313
12.5191992504948
11.6917117997175
13.8521799819133
14.1622339293994
11.895439305751
12.2052038538672
10.7942472235683
12.346817042056
10.0843798959403
10.1435920336322
11.0078100105607
12.4927788360288
14.7097593589339
11.8017379575841
13.8616546811345
11.4506627698408
11.6015180763367
12.551926202004
12.1144846510051
12.6517525241172
12.9967241816997
12.8890650482312
13.1067662332821
13.288384495793
13.0748217088006
13.1516621249063
13.9904959229906
13.6785002943395
15.6311193528935
13.3219600023213
15.4552211009685
13.0756848457757
14.1118303692217
12.7792227160694
13.6263203625038
11.2032434257831
13.0337915179739
13.0677576874263
12.9310823214921
13.5748554462064
13.8777280605609
12.9331444049351
12.4113604978129
14.0147267606855
13.5968664528042
13.7585749778473
12.7671092249625
13.355080973908
13.5438569848424
13.370538554881
10.4452759614669
13.6262494793261
12.8657035471867
10.3723144687493
14.5498838065792
11.9827671750672
14.1941315373304
15.1125855802983
12.9384090749386
13.9765244741789
12.6013627418609
13.1421271438628
14.3787945860254
11.9619910671389
13.5028992594846
14.3395724803972
12.9618405383522
14.7415418944331
13.9465641109413
14.937037449943
14.152422019842
12.1501605823844
12.9877805531953
11.898345611758
12.6250821919156
13.1019172911599
14.2184747294358
14.1595261967202
12.9031081109683
11.6899143233165
12.140877199769
12.4787323543168
12.1462742131275
13.4654692015851
13.5233487136529
11.226008467556
12.4622741487124
11.1612504248744
12.62225815561
10.2466456937459
10.6156564261151
11.4798744030435
12.3516583548472
13.8869525695686
11.7458712918365
13.5511028967764
11.5708387060212
11.8265496304664
12.127068461056
12.4160389145172
12.9533067876293
13.2290446012861
12.5659218997069
13.1190025497037
13.258085398591
13.0445226115986
12.8879068075685
13.4093173533858
13.6827537983285
14.8426264441659
13.7709576929898
15.0471644276714
12.9424307855757
13.7601291587817
12.722600735589
14.1209470902349
11.238735009505
13.4626444185619
13.3181137979153
12.904516662008
13.7307909578104
13.6613370472329
13.0821435799062
12.6031028335228
13.5358890317907
13.3687516560412
13.7482979886
12.4623036782323
13.1411566334195
13.1389347390597
13.0734419402892
11.3798256922536
13.3291528647343
13.8002532779734
10.4527010309385
14.8531884731769
12.0358592146042
14.6934649202716
15.2675663373631
12.9672049165327
14.4954506002625
12.9941984519146
13.8573402358894
14.8097069847568
11.5357749796114
14.2179067782837
13.5231936407665
12.7668803625936
14.7626060342161
14.4916349133482
14.6660197653404
14.5603420264893
12.6952313847913
13.2397305750525
12.6096024080792
13.3633458491782
13.3341991959485
14.0906259430375
14.7668693779413
13.0388453117672
11.6916700415671
12.939278126641
13.0499183913141
11.5134307599194
13.3001621238048
14.3436624677761
12.0463222216792
12.0595970104197
11.5667952259844
12.8086191236749
9.60578026229919
11.0993099807789
11.8854192041535
12.5288389570848
14.6279574366933
12.4836246881476
13.687423930465
11.2708324378397
11.5265433622848
11.9993456903592
12.3501274802382
12.9214563361006
12.9470316102827
13.0833087651466
13.0847412633231
13.3462269339647
13.1326641469723
12.7069715456604
14.0595739142407
13.6983486749514
15.1503078535031
13.9927349471997
15.5208616956401
12.9842366176065
14.5224242550241
12.0269938933065
13.9291363994069
10.6050018646578
13.4017929546368
13.3667044151005
13.4405087171006
13.2568828704164
14.3062060210955
13.5397512384751
12.9991380585545
14.3514322437259
14.1813821341793
13.6142938846025
13.0733665148525
13.8576869834343
12.7780143695814
11.8793504627623
10.1550157187743
12.1350613872074
12.1072091205378
10.0714842408956
13.8751935899732
11.4715140391366
13.6483483216358
14.6738432098806
12.3679973989616
13.4522269632156
11.9975921913848
12.4844420469241
13.6537546727091
11.3534731904721
12.845214162546
13.6070174846267
12.0052804922077
13.818404132727
13.3255844501152
14.2554963966781
13.6944856009749
11.6130285927254
11.4858473393737
11.6376424891051
11.8094588878608
12.2408736462602
13.4234230131523
13.1791330846509
12.3805507501002
10.8580952198597
11.5473512436574
11.9563823543144
10.6710967769907
12.9196077439714
12.7054522365112
10.5295961802618
11.2691685067267
10.4945150043884
12.2620213339584
9.38521222255105
9.94892100562905
10.8131389825575
11.8792185174894
12.9312484036599
11.6032906030564
13.1116230031325
10.6685685717184
10.9242794961635
11.381316939044
11.4412863810992
11.6459469092218
12.0853710540577
11.6182907228018
12.0853710540577
12.6048880602448
12.3913252732523
12.0869607389985
12.6948312553963
13.2160298670165
14.0254575640322
13.077777482355
14.2302478589154
12.6132144184528
13.1691691184684
11.9975608222727
13.4101065430336
10.8720342461058
12.547230919177
12.0847796936325
11.8623248606429
13.3279211788212
12.9373750014693
12.1200252772027
11.7148828614564
12.5294136680438
12.7665770914776
12.9250676085078
11.6192405505566
12.4761942487245
12.0074244799582
12.0553224413573
11.1145097725773
12.3110333658025
13.0669123542079
9.95697066352452
14.100209190937
11.4179751256039
13.990868225446
14.4268627713652
12.3327084087145
13.6827361834748
12.1145884707866
13.266512143964
13.7191387587354
11.0081856588413
13.5222230684092
13.2131022094529
11.8910432991182
14.1965078599785
13.5625874845775
14.0325696350996
14.207317330894
12.2495266569232
11.9715584388151
11.8364387161577
12.0467868213667
11.8211903835245
13.1460622940202
14.0532473339694
12.061249337289
11.3745418043488
12.5665804910232
11.8619853967785
10.7480039227648
12.5738640563242
12.8904086217426
10.7145525654932
10.9456485117159
10.8233098147168
12.0748103098267
8.98519165065476
10.2507633783345
11.0368726017092
12.1125135815243
13.914124361657
11.8003958330899
12.9585773457355
10.3111754310922
10.4618251643607
10.8798166029231
11.7485762950387
11.9747815700021
12.0948856494644
11.9838947489646
12.2325953025049
12.4563095159772
12.2427467289847
11.4891011216968
12.841703490277
13.2580979646353
14.236537777533
13.1499878387675
14.3734350580812
12.4064783431014
13.7424974723285
10.9279708413385
13.5228814518875
9.90791224830649
12.5799103993174
12.6095198660617
12.2964521871987
12.6848670684093
13.5179159748611
13.0108609053434
12.529476953139
13.0591919093155
13.0291141538182
12.5161873059423
12.0314701113957
12.8162035140706
13.6556492847192
12.3611067818517
11.3924735866569
12.6168177062968
13.7171607204658
11.0368826440176
14.6167419442461
12.333289248492
14.217285218607
15.5124032857382
12.9087626861298
14.2449922684681
12.3468875763597
13.4410674414218
14.9686891435756
12.2117880230935
13.5917171746902
13.8451474012914
13.2776850241995
14.0636263281386
14.5925033229422
14.4569867088079
14.4147711379694
12.4783871636458
12.9558973384374
12.5062620726486
13.7567079303297
13.3183124741707
14.2625902560033
15.1846711432612
13.202651291949
11.0347179993593
13.0048488206937
13.2212444238559
11.5452812530447
13.6208070463043
14.4259668830406
12.2159625632707
12.1561290783424
11.4560762719637
12.3930386103977
9.61734151079336
10.7003598908509
11.5645778677794
12.8163910052847
14.8221119034775
11.91999978696
13.3715277091868
10.5278136385831
10.8885857542049
12.3621006291505
12.4227408901985
12.7488838927618
12.286287497004
12.883354008696
12.4239971500444
13.6074833793061
13.3939205923137
12.7199912834947
14.4608590736968
13.8139669669524
15.5619063747737
14.1138787580169
15.9115075256013
13.2111515183887
14.4633345829412
12.8483281906758
14.258708206253
11.2542887789719
13.6243253610886
13.1587771381658
13.1301735231232
13.3649377236317
13.9039906452687
13.1709457720642
12.1942918582204
14.0269503488258
13.7837048026498
14.3159992517206
12.7673454536219
13.6716254210153
12.733372335625
11.3152310328318
10.8430338541136
11.570941957277
12.7694454734458
10.4876502723399
13.9582651472323
11.6889235134259
13.7609953554424
14.8501489889024
12.460222190759
13.5865154714543
12.0987212125761
12.9484541018376
14.0720913563397
11.5339715461072
13.099103835106
13.5442574457695
12.253422938019
13.5710129885544
13.6848803047968
14.0006968456433
13.9221577983852
11.9392799452237
11.9349979961778
12.363354225509
12.7942476684235
12.2972057710454
13.3150823698489
14.262394194167
12.4579394398506
10.5194877021039
12.2601369685953
12.4767381449851
10.533795262426
12.6985300972101
13.420378482375
11.1917004770902
11.1318669921619
11.0310943124677
12.2501307632582
9.19235955129739
10.2753779313549
11.1395959082834
12.3686282013873
13.8998349543833
11.7669667865648
13.2184947087916
9.51632764796432
9.87709976358619
11.3506146385317
11.3528158192263
11.7278344622531
11.2470385832428
11.8418179170691
11.3847482362833
12.5659472876792
12.3523845006868
11.6996523139745
13.4405201041766
13.6609339665572
14.6620195225067
13.755792173633
15.0116206733342
13.0581185179935
13.8402710525481
11.923403419831
13.5814638475127
10.8293068194759
12.7166723099998
12.23246458648
12.204068332303
13.2119047232366
13.6836137139253
12.5124689750505
11.7472165217728
13.0173253661267
12.7781164019842
13.3025523918411
11.9731984911405
12.8774784585339
13.5260747810272
12.7038555719877
10.7600611315385
12.9595664964328
13.0866829193295
10.7098153332238
14.1832423937546
12.1558185345131
14.18790909874
15.2390807045647
12.4097821626587
14.2195053875593
12.0300745255881
13.3133110284547
14.5829597922858
11.5388184299019
13.4641663349506
13.9094668598607
12.5905488975187
14.0000519599565
14.2248347891854
14.6895189656953
14.0612695558033
12.326424597502
12.697749521356
12.0875613185117
13.0600415588439
12.9145433833214
14.0749584075199
14.5300618982053
12.9018352133812
11.1772633468805
12.3595711346502
12.1760495459167
11.6802008203842
13.7039286948409
13.31049340583
11.1239903625164
12.2642292313584
10.7032620838636
11.9683660207623
9.59164225108043
9.94754570275082
10.8117636796793
11.8214645850479
13.9524772033002
11.2659068147327
13.279184453679
11.6398350854506
12.000401627845
12.25845999837
12.2036297931584
12.4050776656093
12.7909266393304
13.0705894181668
12.8821188395511
13.2845087640107
13.0709459770183
12.8488839546317
13.8468447220056
13.432726677093
15.1696570494803
13.0947963250717
15.1362496311646
12.8069885517042
13.6521954692407
12.8674135683163
14.0486490568484
11.3047077154498
13.4236886731975
12.9856871494385
13.0251374244734
13.5543970117028
13.6650564317467
12.6017110712039
12.1728899180674
13.5523574896784
13.2408487031307
13.5972237936416
12.3882200384187
12.7697618091447
12.8810053128375
11.8385806276156
10.3894927533897
12.0942915520607
12.3159043727219
10.4589875645571
13.6782891573745
11.6935207457342
13.7546498063375
14.7498385376786
12.2507228114185
13.5643650187641
11.8260755905235
12.8437282596326
13.8585879045302
11.0444525097979
12.9943779929011
13.6604369455459
11.7223951977016
13.517138991208
13.340868062402
14.4062412324804
13.5783565870548
11.9917594848413
11.9987874302351
12.0982450592312
12.4009921605762
12.216001503132
13.4278435870547
13.7910299327659
12.4370207648138
10.707364564091
11.6191027439464
11.7112350973493
10.9344532650873
12.814915170214
12.6252690480103
10.3782428072195
11.5184816760615
10.4956090988796
11.9790497614817
9.38398926609641
9.73989271776678
10.6041106946953
11.5767841943559
13.2134452378609
11.1564297350384
13.1697073739847
10.3535377826022
10.7141043249965
11.442900286929
11.1651179784371
11.5403421946914
11.4819624598816
11.7756447096444
11.5938510019337
11.9895640554883
11.7760012684959
12.1051248620128
13.1030856293867
13.3232495973986
14.4429879003904
13.0351143436989
14.5609707646426
12.6975114720099
13.332542802486
12.1157065006488
13.3743745813081
11.0841678617152
12.5215871122493
12.0656672372981
12.2553046447481
13.2947327995934
13.5555793520524
12.1264792578449
11.8986193507038
12.7201959720571
12.2582908732273
12.768065751825
11.8951676015749
12.2767093723009
13.75713545309
12.8134832492827
10.8709609831876
13.0691941737279
13.1956481169965
10.9408760052866
14.2908247187742
12.2673298941803
14.1435957385538
15.3449544767936
12.6408428347216
14.1769005801637
12.1415858852553
13.2689976682686
14.6888335645148
11.6761221779426
13.4198529747645
14.0153406320896
12.7005104750404
13.9557385997703
14.1805214289993
14.7953927379243
14.0169561956171
12.4637283455427
12.9550135761528
12.308496837319
13.3173056136408
13.1718074381182
14.3080075422608
14.6671600730184
13.1355858080705
11.1643799625061
12.3176677872032
12.409800140606
11.8999980200919
13.6910453104665
13.5677574606268
11.3563580845583
12.4965969534003
10.8532471274273
12.1893015395696
9.74162729464412
10.0975307463145
10.961748723243
11.9585627598611
14.0895753781134
11.3768066663818
13.3900843053281
11.3190825376068
11.6796490800012
12.4084450419337
12.1703698530673
12.515039243131
12.4701740914866
12.749836870323
12.5613662917073
12.9637562161669
12.7501934291745
13.0793170226915
14.0772777900653
13.5436265287421
15.2755308217093
13.3258569971345
15.3935136859614
12.9178884033533
13.9094595240375
12.9732873405452
14.0060442494529
11.4418058902629
13.3793753130114
12.9458311925042
13.1354685999542
13.5151097309368
13.7759562833958
12.7390148192446
12.2787636902963
13.6582312619074
13.1965353429446
13.7030975658705
12.621970633108
13.003512403834
13.1697173926687
12.160556131914
10.3748819888238
12.4162670563592
12.301293608156
10.4726880003864
13.474654657975
11.4638388591189
13.4733049253806
14.8057111315589
12.5464453552737
13.4655861373138
11.5963937039082
12.7848138772975
14.1271576029477
10.9524802762231
13.1455859929194
13.8836587611357
11.6040820047312
13.7340533043297
13.6488002479387
14.3473268501453
13.5053988859579
11.9328451025062
11.8150467792339
11.9252692308355
12.1958488142408
12.2137931790165
13.483716180935
13.9681049395141
12.3616452205264
10.7730708771944
11.7963833239222
11.7407151710111
11.0003651514182
12.9065187863695
12.9367221418587
10.7080441365739
11.4595672937263
10.2338237221845
12.0989342817103
9.87673227467499
9.67418640466336
10.5524477003536
11.8767455250928
13.3225042919498
11.2592826020996
13.3059116644654
10.504540209393
10.7602511338381
11.5313019826077
11.2253081060404
11.5862834303055
11.6078943206955
11.821791518486
11.4960057786433
12.0873738586715
11.8738110716791
12.0560902771211
13.1133785715116
13.379122191279
14.4988604942708
13.1990349521473
14.6842735674417
12.7763067427153
13.2816598184344
12.2742020987818
13.315460198973
11.1801054984267
12.4628800907798
12.3872315951416
12.196390262413
13.4855997254994
13.410859234988
12.2764608170324
12.0486009098914
12.4905140854419
12.4531760112081
12.8341797270073
11.9608739146783
12.2605270654213
12.6705170947247
12.3561056042355
11.0244669562653
12.6118165286806
12.9508785755976
10.0910745485479
13.8738870389049
11.8262700882393
13.430200983678
14.7792875506497
12.0934290294339
13.4232758946269
12.0466365014652
13.0414119623601
13.6772835607862
10.8896153782166
13.2971228868052
13.8363690539639
11.7275598018395
13.7124836614193
13.4264986623454
14.7236684454985
13.7294824690372
12.2118059587147
12.1748498133182
11.6785473658097
12.2334907978921
12.4274276739201
13.6946665179605
14.0241835342047
12.750051048045
10.8120248296195
12.3634613171933
12.0167868951365
11.4737452032629
12.6742912062286
12.9196998555799
10.6910218502951
11.8548385920172
10.9501344867108
11.8950351313588
9.63329975304421
10.3775880503286
11.1636972737032
11.9998951557259
13.8779271293154
11.6078231683299
13.4989087875603
10.1735929347162
10.3242426679846
11.471958742446
11.1667948022927
11.5635637653879
11.8789923106831
11.6677477308231
12.0167019637236
12.1765103046018
11.9629475176093
11.8732708904577
13.2804181977681
13.4954035654573
14.0957163867304
13.2578757168082
14.7699917308013
12.7812915081124
13.6020603925858
11.755486987754
13.4710383519694
10.7200514291624
12.6216691654812
12.3344691322261
12.5687464181095
13.2821964196518
13.3494010595903
12.7852410250767
12.295365657493
13.162746958537
12.6405175305902
12.6676648638017
11.9970793372585
12.7045976509224
12.6986309366724
12.1103034580697
10.8911547923077
12.3660143825148
13.0715197710863
10.0499109109613
13.9199281698657
11.5941934238131
14.1012194485062
14.4780565147929
12.3514370038241
13.5331081740072
12.3729009622064
13.3336269056535
14.2343557991398
10.9774302533396
13.484276638922
13.2638830353258
12.3218573369264
14.1204977062376
13.7446325974385
14.2621183570352
14.0956937335036
12.4790753788587
12.413782615377
11.9562563622932
12.4472352312539
12.5075007050594
13.6581029593382
13.9442777330874
11.9507950674317
11.2006712896381
11.760454826078
11.8561811716429
10.8677784612807
12.7435854259667
13.40189310212
11.141990694251
11.4518068722549
10.7242508583516
12.4889347445939
8.73876890893463
9.96853447723886
10.8327524541673
11.9671403048814
13.8278409560476
11.6888939747653
12.7267170262421
10.5072190164657
10.8679911320876
11.4358628143971
11.9176569671548
12.1555774353684
12.1139812780168
12.3900607166915
12.1139812780168
12.7383997600495
12.524836973057
12.063491294926
13.3707604217434
13.5166843752389
14.8479555855798
13.0948194443865
14.9102550468536
12.8909462498501
13.7453124157212
11.594865814621
13.1858834203285
10.2361376970437
12.886031235833
12.5497974077878
12.7583689568705
12.7790301839758
13.4345014736902
12.1789949288737
12.1293900649103
13.5642410773226
13.004670453898
13.2090550864163
11.650266982897
12.5168872179168
13.5774247284231
12.7458502288837
11.1287376192411
13.0015611533289
13.4553594070321
10.4822183519079
14.3066549942739
11.7274067644977
13.9379949587462
15.0079646947756
12.478016220695
13.8883307971815
12.0051106770431
13.0658745535285
14.3684442470196
11.9678265144888
13.2165242867969
14.2876584844113
13.041215380587
14.1518652262874
14.1424455588013
14.5039490523457
14.1354808781086
11.8469178645057
12.3877109591167
12.0290668647427
13.188521551009
13.2138845351406
14.3198848012182
14.9159339747879
13.1217368130264
11.0582669816054
12.8939160523741
12.689884358569
11.7868008108005
13.9786967460597
13.8710933576462
11.6859853706312
12.0765974720672
11.0084817578024
11.9418375519412
9.9617275915567
10.2527653766896
11.1169833536181
12.7232183684342
14.5533747350042
11.6765432393593
13.5787315814783
11.0014023021936
11.3621744178155
12.3649517013535
12.4999263682523
12.6831817534295
13.1014111691748
12.7097354322128
13.2391208222153
13.6306264565523
13.4170636695599
12.6629747030668
13.7566352531751
13.4135474861136
15.0581491965101
13.7227161795456
15.2563600647698
12.6732244733608
13.8824669080975
12.8952905342136
14.0755798330608
11.2749325628646
13.3710292506771
13.2439246108767
12.5268372011292
13.7223287283383
13.32929941557
13.0775675619863
11.9355819702247
13.4267054522699
13.5304086922383
13.9125160088941
12.0392237346055
13.1402653557284
12.9580816222812
12.46811300002
10.6666410837985
12.7238239244651
12.84679688271
10.3746248414111
13.1828074568369
11.443957057374
13.4709693319402
14.7084528491654
12.2047708649638
12.8686189379075
11.5765119021633
12.7487745013479
13.9467462351443
10.956351935787
13.0044854257931
13.9218811959214
12.1618807531481
13.7317177108893
13.4671857299826
14.385549284931
13.8839531791511
11.9398431347077
12.3708099901439
11.8357218984439
12.3135316519975
12.3647359568642
13.8823824976376
13.9187208468231
12.0341487589714
11.0145752337803
11.5587203281481
11.2033019003302
11.400077691078
13.1027678129632
12.7376140845625
10.4777116766935
11.675831033583
10.0825721909895
12.1059323139117
9.56322906578352
9.41787368229167
10.2961349779819
11.892259383878
13.6708361658321
11.3725053045824
13.0778141919159
10.7651163234092
10.9157660566776
11.5639113494337
11.3685476383567
11.5924247878086
12.1049442520953
11.8065389370453
12.1049442520953
12.4530111638645
12.2394483768721
12.3746174355983
13.1792496057256
13.5236277876695
14.5219326899187
12.8490736441439
14.8781132673697
12.7833047749167
13.4277197455541
12.1986463489277
12.954251622681
10.8144431058847
12.5566813341873
12.4217220709446
12.4311451185349
13.1217072454796
12.8244991485253
11.9503688864118
12.2781712208222
12.7380022278827
12.4959583743932
12.910900365168
11.5234250165795
11.9870609805161
12.9322703455704
11.9463915209846
10.5923419402372
12.2021024454298
12.7727069190158
9.99863956236953
13.2897946715358
11.0647035532381
13.5207401114195
14.1536639642327
12.0951293074636
12.8714704744433
11.6712629061177
12.6122962297822
13.7388438727696
10.9646106128443
12.7629459630506
13.9717898137055
12.2377835203815
13.6982869025411
13.5018199536418
14.086694205019
13.6819025543623
11.3468456619215
11.6151123403501
11.8743435155386
12.4743620125959
12.4410785555084
13.6413627907278
14.239457316573
12.0291909251819
10.5502860233023
11.7432472857565
11.597544043952
11.0387650643936
13.3022200878448
13.1138056804737
10.9379496242243
11.3285617256604
10.5907491372588
11.7871142027371
9.54399497101309
9.83503275614601
10.6992507330745
12.3142850071472
13.8768980767893
11.4690030006897
13.3711913428088
10.2382170350679
10.5989891506898
11.6017664342279
11.6783020207731
11.8829625488957
12.3104629789067
11.9165000640789
12.4481726319472
12.8373910884185
12.6238283014261
11.8997894359411
12.9934499860494
13.206007247444
14.4271944112111
13.430283177301
14.6254052794708
12.4656842346912
13.0647408773161
12.2373631763548
13.055900678742
10.8531599333118
12.7303736125742
12.556270921803
11.8393908729212
13.5147884896688
13.1891031078487
12.1044554461232
11.527541649615
12.6653811930637
12.7731210150658
13.1473698725077
10.899489762356
12.0005313834788
13.2307238607505
13.0790471504697
11.2342767668886
13.3347580749149
13.5589639006974
10.8773909630621
14.7947394682054
12.6026586749652
14.2176932994426
15.5838569259218
13.1121238393962
14.4181417895346
12.6704636640979
13.4088015422607
14.7052252040826
11.757768520851
13.7695736578826
13.7126993115
12.8743088902644
14.738900327229
14.3786947135427
14.6557258906979
14.1757746020872
12.774299723815
13.2188674393129
12.0938037950762
13.148553807012
12.8714611655878
14.0962570441589
14.5755694036263
12.7870032518668
11.8744424435002
12.5995078850143
12.8132804424453
11.9628532609922
13.1769091086502
13.9164340336979
11.7276268360346
12.3567227453083
11.2008563328271
12.6012976679925
9.75227456941889
10.7333710876215
11.5194803109962
12.3749521805614
14.373014480022
11.9762389818856
13.1680112610674
11.2181520611331
11.4738629855782
11.9709836014328
12.7827640762458
13.1521908688221
12.6511739702306
12.8239344312118
12.6511739702306
13.3193362763665
13.105773489374
12.6385823941722
14.1811527584166
13.6876526541573
15.0261038375938
13.6305525622683
15.5288714788625
12.9735405968125
14.0448173169386
12.3168666273731
14.3393988554696
10.7812808965671
13.7161482015987
13.5702167096781
13.5241487317803
13.234122304341
13.686911735112
13.4882266050845
12.9236652122675
13.9984224046174
13.7047754582276
13.7847439087789
12.8758171639485
13.5403324937479
13.8674594304496
13.3123536544786
11.0928784837641
13.5680645789238
13.417565617573
11.0734644206132
14.2889499910059
12.0222410785451
14.2799648409128
15.2644686383798
12.5382314177524
14.219023160134
11.9252896580273
13.4892286697629
14.7563946623373
11.7370360506569
13.8500007853848
14.2147111326242
12.8292740111584
14.2414421139926
14.3348533498303
14.7531083107436
14.1177662867842
12.3240631792173
13.1126424903341
12.0628519030985
13.4040878098565
13.1545803867049
14.4247082603943
14.9205443045749
12.9657537719494
11.0880449416428
12.7407219820075
12.4422008549393
12.1637212422115
14.0297256557104
13.9713754174585
11.7613710976886
12.4522506802782
10.7650214646326
11.7283247624622
10.2512058316047
10.2194274658732
11.0836454428017
12.4257069180664
14.3990525551573
11.3387423460156
13.3513816794881
11.0340576228723
11.2897685473174
12.3445940213087
12.3615272662591
12.6876702688225
12.8267457825441
12.8340912154442
12.7311638892841
12.9429493701114
12.7293865831189
12.4773331759646
14.0915960049096
13.5256393849791
15.2325589469037
13.5014720976032
15.5366247671169
12.7623936954013
14.1661498930152
12.8044806234384
13.9935421768666
11.2376480050601
13.2736526570238
13.4550734688007
13.0719870506669
13.5365525041714
13.6126823600694
13.0764687236577
12.282738718009
13.8075109198324
13.2129484308681
13.6843381078943
12.15037704668
12.7712879528376
13.0452277422325
12.9112262759276
11.6150479691254
13.1669372003727
13.9377466402562
10.4271942415905
14.6937256958938
11.8322475307701
14.6237177695591
15.0626805951484
12.5241360428188
14.5055970714868
12.3003561249975
13.8193900425436
14.3933627580743
11.707592676834
13.9700397758121
13.3860028483474
12.8434368040104
14.8500870079903
14.1944949073626
14.2293748626245
14.5728217849285
12.5533658395126
13.152915720825
12.197227368408
13.3111742400032
13.246429994359
14.1485923387559
14.9266172578681
13.0673742936508
11.8673569342369
13.3686384270122
12.973386182021
11.6093589442208
13.3452036205338
13.9878017967851
11.7740435719491
11.9253588798057
11.0511236629085
12.4214285933881
9.11035472063666
10.2954072817957
11.1596252587242
12.5907545394854
14.6968144941324
11.8000864012719
12.7836987760436
11.1101298426201
11.4704890241488
11.8569015947352
12.8065812281701
12.8720768634772
13.2127951473782
13.0217645524447
13.3505048004186
13.3709477531188
13.1573849661264
12.8436377054579
14.0131971792348
13.3322830287993
15.0960626079306
13.657484588579
15.4682532219197
12.5690373392215
14.5624269682753
11.9300239074045
14.0441384885804
10.4119347484599
13.3483345226093
13.436692821939
13.1046078550157
12.7285668600005
13.6997122574651
13.3792285589596
12.694111355273
13.9532241588055
13.9751170462928
13.504244790234
12.8915722883627
13.6763056910376
13.4883318835325
12.5793875930352
11.0607686676951
12.8350985174804
13.3884264590353
10.8733230794735
14.4052157750722
12.0134503008866
14.1546178089365
15.4523069874766
12.570677780663
14.0785920405324
12.4667278410624
13.7881769750069
14.9421685334569
12.0533505605056
14.043887899452
13.9722926319333
13.1267394266039
14.283412705617
14.7051446143291
14.5491327409058
14.5008003278956
12.460453090693
12.9416598853805
12.3097149466442
13.1698197804008
12.7344296190479
13.9932244020192
14.7356313698964
12.7443377933043
11.0883776566437
12.740095070975
12.6580753072621
11.4551392105441
13.7238375979464
14.1913004615449
12.0018027814906
12.0391676215183
10.9730728938626
12.4392623286105
9.80652252856288
10.3083743851648
11.1866356808551
12.3890236134128
14.486649147873
12.0436107104672
13.495138632694
11.0690336428214
11.2196833760898
12.1252623346719
12.1599579609395
12.3261880893111
12.2763098354243
13.2188413236201
12.2763098354243
13.8913076998886
13.6777449128962
12.2649953114797
14.1435727547222
14.0157616829376
15.4197158833016
13.6014627457583
15.572391420947
13.4129462343739
14.1192172772296
12.6562142750836
14.4047152104123
11.1921831259405
13.7840449864925
13.5161911071876
13.2327521026463
13.6118583808553
13.4918381206495
13.0849078155251
12.2082540978404
13.8047822251433
13.6185012872041
14.1731972522304
12.231327454806
13.2177016154099
13.4384264280908
13.0209218461683
10.7737873068407
13.2766327706134
13.0964859779715
11.0023812757624
14.0199537908501
11.9250457541343
14.3271293196981
14.9750119630816
12.7624295243593
14.2582419719774
11.7287451585894
13.2751249262304
14.3473175061324
11.2031042287413
13.6358970418524
13.7328920679084
12.3183375481756
14.2967094852683
14.3175724093851
14.4015202086287
14.1011129181362
12.1059787790092
12.9714181481757
12.1713986625058
13.2702599457764
12.8582629977708
14.1280651442743
14.5479525229006
12.7067293139995
11.4181152355243
12.4714242565953
12.0860048377118
11.9912724974689
13.8763338169659
13.4631083721495
11.226965329774
12.2291636794999
10.3958861050847
11.6854838468118
9.94709026800874
9.92840085987919
10.7145100832539
11.8870498183174
14.0612586504833
11.2046603766541
13.3382964767692
11.6917407247436
11.9474516491888
11.7673271458525
12.5109467837903
12.5962195267332
13.1009143645686
13.0390421348448
13.1964962578286
13.1669148219899
12.9533520349975
12.5712715604315
13.7520696493811
13.0795757625642
14.7350712285961
13.3437100991898
15.1756428675162
12.2279561410303
13.7446713694735
12.3244956264365
14.003727145424
10.9290656120069
13.2870801986988
13.4586025286594
12.8227226221617
13.62860866403
13.4998628789824
12.9931420918997
12.4361356178213
13.2939784970496
13.2424863209755
13.0583843413635
12.4571019334343
12.8386437041603
13.9087493581081
12.7690797167999
11.0628590615954
13.0247906412451
13.3811264537872
10.8634265310101
14.012925329281
12.1204782574112
13.8382327448526
15.2116491051626
12.8117408669898
14.0036494477541
11.9932469419044
12.8790697298026
14.871149080709
11.4468461963271
13.2398418454244
14.1927974547075
12.4450991072569
13.8412698512526
14.3967106042409
14.4967053953764
13.8615718337862
12.156734294356
12.3683566157983
12.4323430103385
13.2718860939074
13.3486860797693
14.2663104844184
14.8903818886083
13.1880401193803
10.8524000665319
12.540889602793
12.5673156430925
11.6578386541021
13.6455507518089
13.822177953401
11.5945965697139
12.1438602107337
10.8485877184385
12.3547213904124
10.0379500839955
10.3029937196791
11.1672116966076
12.4303160071987
14.3581526855768
11.7764815348582
13.8231105972239
11.1760570308386
11.4317679552837
12.405078320186
12.2687123788763
12.5948553814396
12.6949874336759
12.5386693825338
12.8326970867163
12.9609759082378
12.7474131212453
13.1581122933968
13.9958023147638
13.5994991226224
15.2338337638668
13.5901793877708
15.464782167652
12.9966836740587
13.767013695787
13.0618247509102
13.7015523745605
11.5002300828943
13.0482432267756
12.8774356780438
12.6868017061809
13.7059766568428
13.9592012670505
12.8898116728079
12.4978570483296
13.4034979862055
13.4763414757909
13.6741002079354
12.7703318187538
13.1518735894798
13.5502795500359
13.002233104438
11.1822543020859
13.2579440288832
13.5088760898769
10.7726993891472
14.261694252439
12.3659429668253
13.9743911660714
15.2896488996288
12.7965403785865
14.1477701138286
12.0179909066326
13.2548826791018
14.6299381323576
11.2984987706083
13.4055324123702
14.000853841185
12.4215180886607
14.1303327084427
14.2994145308035
14.8940576439798
13.9513350524821
12.5117916273017
12.8806381806224
12.1165322109322
13.3353745869544
13.1857189108346
14.3125330843837
14.9514183170884
13.1658029931111
11.3241550411665
12.6095432990116
12.4400173256466
12.1297992019642
13.4964647979356
13.6849194378002
11.451783991252
12.5511391837984
11.0257272884764
12.053080959695
9.94536637219339
10.3481196609175
11.1342288842922
12.0506490770197
14.4647244446712
11.3818078674392
13.5623223952751
11.6203488630339
11.9811209786558
12.3411399353211
12.2030811046971
12.7651063803218
13.0587866047882
13.0727114643118
13.1964962578286
13.3056453426336
13.0920825556412
13.009764867678
14.1349474967977
13.3168605921391
15.1559379471648
13.5602150229356
15.5334734147676
12.6027485347942
13.857454626457
12.9422687198295
14.0802050984349
11.3562887255927
13.4782188342843
13.1678197547919
13.1864822970961
13.5502496460706
13.9167594228407
13.1516498383166
12.6850869145795
13.6955293054074
13.3612192563414
13.5502615160121
12.9149985751784
13.2965403459044
13.3610622459002
13.3895153014927
11.3285788324005
13.6452262259378
13.6699833643998
10.7538679675097
14.4307474928461
12.1914436701447
14.0612956024359
15.3606669181357
12.409382689938
13.9595559767031
12.3445359832592
13.4811897689888
14.4893662491831
11.6204086913398
13.736900693434
14.0514403288255
12.8122905891492
14.3776416906419
14.401088875767
14.9359093307654
14.4833138093293
12.4461342088302
13.1888985568747
12.0548743166363
13.1093983460292
12.9278323812201
14.3935256044108
14.8685588352609
12.9524755005049
11.4558511426887
13.0123072160698
12.2194187084621
12.2776497370686
13.9767193187932
13.5880467131599
11.3692795490447
12.4752943260198
10.9496524489337
11.7831922046251
10.2250279164009
10.3771060125514
11.1632152359261
12.0236312484227
14.3807674218113
11.6904307990044
13.7316038179582
11.1638309119901
11.3146862184861
11.9099764133292
12.0987467564476
12.3069651173649
13.1577217398185
13.0448817592596
13.2677637914009
13.2119037512505
12.998340964258
12.3752203588342
13.6674211949218
13.7541945628594
14.9919957577468
13.0761627353288
15.0722619735985
12.9025749413255
14.0249907070733
12.4494498832511
13.9439918025617
11.00241826089
13.231840588795
13.5541924026568
13.2967475475648
13.8021767572779
13.6027761945449
12.9980828423283
12.5320613455099
14.0038288030093
13.39945955041
13.2404842994163
12.2651156756255
12.9726339892894
13.197805712728
12.8076544887152
11.139816047405
13.0633654131603
13.4814316104688
11.0279198875457
14.6478920950605
12.3537622684213
14.0929950603973
15.54719873518
12.8342729830235
14.0217862657615
12.5369231292897
13.1460518581064
14.6415714363746
12.1055346862346
13.2967015913749
13.7233432304965
13.131400730914
14.6144112680508
14.1208135811489
14.4661115546088
14.308099705888
12.5243683314103
13.2241037663864
12.3217617858761
13.2375836587194
12.6476996265139
14.098621620668
14.8538696919669
12.6218097830726
11.8214156986228
12.7024812998066
12.5432313557019
11.7935125293152
13.332509386386
13.7442732563161
11.5129379675629
12.1095124649
11.0811206772568
12.6264821773768
9.5392079175016
10.325404296144
11.1896222730725
12.0649619726673
13.9919404750214
11.7114539641069
12.8802107764146
10.8829280394171
11.2434945818114
11.6752099897459
12.5586466694562
12.7751619947245
12.8167570569113
12.971609099706
12.7067150053289
13.2115225949993
12.9979598080068
12.5804748811429
13.8535423800034
13.8803211912542
15.3078945617419
13.3887882945074
15.3225401306327
13.1170755016764
14.2147722401665
12.5204942366893
14.0745941802205
10.9548819594148
13.321911106523
13.4032815501195
13.1992866042188
13.1949863406266
13.8561527458228
12.799673128209
12.569672942384
13.7643296307285
13.4518362266336
13.6682918895954
12.723638246302
13.2083037141369
12.4599685209836
11.9496825681161
10.4665019663407
12.2053934925612
12.366715230303
10.0121621964815
13.7385011709154
11.2035039034549
13.4314340085141
14.3942352014268
12.098323963304
13.1624688230394
11.8151824828198
12.4474538012267
13.1268901866754
11.0813884262949
12.5981035344951
13.290207351216
11.7725167104167
14.0997490136839
12.8926221797641
14.0674944627004
13.514982051744
11.465525640536
11.8796008040798
11.9014834055017
12.2481362049539
12.2472259057162
13.3414857600616
13.6811984393224
12.453755573887
11.225284670664
11.9307980402655
11.924731560152
10.9926646192103
12.7148330150553
12.6400067292577
10.3798987481611
11.2684179617153
10.5087163795783
12.1516787799311
9.23400422253273
9.75299999846555
10.617217975394
11.7064074903646
12.9328462401373
11.4106737264857
13.0034722287662
10.2512726069025
10.6118391492968
10.8620954455082
11.3136568572743
11.4436430866435
12.245702832765
11.6473853844954
12.3834124858055
12.0840605335181
11.8704977465256
12.1257052338779
12.5295483059046
12.9345233172824
13.7963016156952
13.0278485530572
14.1281882419315
12.1712776277046
13.3136404203408
11.8129105996138
13.2420752214758
10.7945586787904
12.2958914595626
12.4460797796821
11.8466164257008
13.095965003392
13.2186299403202
12.2429169576355
11.9234323987785
12.2661702635309
12.6366696351835
12.2681983824986
11.7738217058344
12.5488867840193
13.5437961627742
13.2198876225591
11.2321294031738
13.4755985470042
13.571599281191
10.5872523501549
14.9018461986008
12.5366389173793
14.3145728371756
15.513232764621
12.9556160075596
14.4641846364918
12.889705539895
13.7676628308883
14.8870280716764
12.0607855963028
14.1284349465102
14.0562006272579
13.1264770241812
14.8278861523385
14.5495104925574
14.84977880671
14.3559067306629
12.8418792469508
13.3182200797284
12.0292000006766
13.060954860607
13.2594808250888
14.1365605528004
14.5801225295369
13.0391713857835
11.6364075755393
12.759687655411
13.1628257088673
12.0436795139075
13.1814622345608
14.1294313088802
11.9018499251931
12.5156577517774
11.3951166097048
12.6176516986483
9.97287580569218
10.8495226109454
11.7137405878739
12.8842306035793
14.7039617546988
12.0691020676934
13.4643222662307
10.9266971900913
11.1824081145365
12.1655628717454
12.7306065692918
13.0567495718551
12.7482150165045
13.0217198063415
12.7482150165045
13.5171216514962
13.3035588645038
12.5565113773293
14.0935538120116
14.0841153858172
15.258262271459
13.8495031296141
15.6139399763791
13.4812999372535
14.1098670667902
12.4816360365422
14.4356708801813
10.9200413685263
13.8137050375641
13.6533852675532
13.5860452817579
13.5359160731537
13.7567442980414
13.5713951629596
12.7845232858738
14.3387332807475
13.5762437049982
14.1722437340825
12.6149486285556
13.6145748850166
13.8491638499172
12.8800543520235
11.3623333824155
13.1357652764686
13.7020142914971
10.782847716861
14.334022346858
12.4175766742239
13.7129409235582
15.5327461227396
12.773558054133
13.8785631996873
12.314551320347
12.8588390996849
14.8111169483837
11.7681505747698
13.0094888329533
14.1725668245899
12.7664034856995
14.0575130385185
14.3369177351843
14.8180097738191
14.1826688513631
12.4570453668404
12.6896609942409
12.4778186933243
13.3173617768931
13.5645127263024
14.587614862861
15.0409187627708
13.5093444978229
11.1949015670811
12.8621939812357
12.7835588303584
11.9791430325447
13.585965243618
13.7625924452101
11.5350110615229
12.4651645891763
11.1698920968811
12.676025768855
9.97836457580458
10.4141757157683
11.2783936926968
12.2213656900617
14.3379220554591
11.8876635309473
13.763525089033
10.945909591595
11.3064761339894
12.3848476900683
12.1434205575819
12.4695635601452
12.9112306209418
12.5841450655196
13.0489402739823
12.9407452781202
12.7271824911277
13.4794166718395
13.9755716846462
13.920803501065
15.3843706380293
13.4648875664765
15.4445515375344
13.3179880525013
14.0883180742297
13.2123616250727
13.6813217444429
11.6507669570568
13.0278052357922
12.8184686771735
13.0078987237578
13.7514523398286
14.0046769500363
12.6598698067918
12.6092446176463
13.7248023646481
13.5875234718801
13.6538695778178
13.0916361971964
13.4731779679224
13.9003364513671
13.0136670201851
10.9523639028026
13.2693779446302
13.2898453181416
10.7261642869966
14.0944989536176
11.518935132755
14.5299336544813
14.7933338838008
12.7864980584335
14.3787551051694
11.9547253797685
13.4631074319354
14.7861990505304
11.3588355539037
13.8238795475572
14.0203732321002
12.4683387216845
14.245588929178
14.6487700476479
14.2351771989836
14.4551662857534
12.122758913677
12.5794775547706
12.3062885132035
13.0917432898693
13.2138128023555
14.4420346393454
14.7936053146442
12.9609603618632
11.1185598097871
12.894091475228
12.3254575085668
11.5993319040637
14.1731346186085
14.0234372991429
11.7921020103897
11.9293751584104
10.3015042149897
12.1384185555179
9.91361239166021
9.75591021623036
10.6201281931588
12.2342968843473
14.3248135207415
11.448794649986
13.5082986352671
11.4631402492154
11.7188511736606
12.1414829598635
12.5735583301167
12.634073670547
13.348925599272
13.0066037187826
13.2388835476896
13.1958007839909
12.9822379969985
12.7661650320009
13.7736138974842
13.420018342658
15.2810108714488
13.3476144445654
15.3239331110104
12.6796953299052
14.2255896695316
12.4123268437601
13.5727606626994
10.9001358958804
12.8885941180025
13.2179448198413
12.5311696889613
13.7572599427437
13.7436377954278
12.6810320791128
12.0688046216494
13.5681305609485
13.5099631402091
13.3119787781103
12.4451337206641
12.9405552954809
13.9392329630792
13.4825085596105
11.4259933302312
13.7382194840557
13.7654632082483
10.5279755030978
14.6774392203156
12.1959644005517
14.144085285735
15.2863952832982
12.720460428896
14.2410454521289
12.6317546475652
13.5835837235821
14.9978007247858
11.5572477641028
13.7342334568505
14.1005622801487
12.6943989412583
14.5287672587904
14.5134388150468
15.0957616390357
14.3591899312256
12.9470148177396
12.9944399625475
12.1614560633191
13.0268495578182
13.5498528894999
14.7453014963448
15.0183584842389
13.4042660796958
11.5393857563992
13.0166481295929
12.6639076084501
12.1703449830909
13.7466499487408
14.0836486908304
11.8560673071432
12.6423232209607
11.0688529625705
12.6107442364232
9.95853624404717
10.3131365814577
11.1773545583862
12.0520247811403
14.3334436941825
11.7072516020898
13.5624218261434
11.1942562689408
11.5548228113351
12.4557224320116
12.3695308857455
12.6956738883088
13.1989405557083
13.0133428607373
13.0888985041259
12.8233852418055
12.609822454813
13.1681959069886
13.9361405631445
13.8453806740533
15.6028289271947
13.157086123577
15.3235933799083
13.2196425486645
14.3251559392924
12.8075043677458
13.7078553003075
11.2722506591255
13.1056532004183
13.2426347714241
13.3815825277193
13.6460963719679
14.0475422945451
12.7935985899156
12.5487047482955
14.2719908154823
13.6122996506025
13.5492756665664
12.8292462010889
13.3246677759058
13.8548607683813
13.4451512307468
10.899567937849
13.7008621551919
13.219769984023
10.1633852476793
14.9043878496945
12.049666649454
14.2356617488519
14.9532927527084
12.955761404658
14.1401770871523
12.8547742422964
13.6094538735956
14.7151758422297
11.906111040518
13.8651647980407
14.0799587402911
13.018193432632
14.5017718773914
14.3220570410203
15.147034389188
14.4042819745827
12.7719175958242
12.9634967203019
11.7450753132734
12.5229771241392
13.5379725370916
14.5421435241919
14.1647537776804
13.4443934449822
11.5905895719842
12.3974455364279
12.795105916677
12.0461898402806
13.6499801134092
14.0373763060805
11.786663795615
12.6704648443347
11.1398218556449
12.7363007259986
9.84735424795798
10.4891666657088
11.3533846426373
12.4271504936507
14.2961430397112
11.9297210869363
13.7365684330676
11.7451562560281
11.8958059892966
12.5423979033872
12.2782481011234
12.8155159742355
13.1983887251095
12.8164459171417
13.1983887251095
13.485205797151
13.2716430101586
13.2308071373591
13.6156518068531
13.6070304619044
15.2181145118981
13.3590574770773
15.1612583535987
13.0042150133407
14.1218340644671
12.6424742830037
14.1055714339665
11.0302779906914
13.5248410846632
13.2315211375446
13.2136249769919
13.4959160069812
13.4882443766183
13.2215285504919
12.4629455214292
14.1267092727708
13.601298054457
13.9098609485909
12.6454702964183
13.7223116418904
12.6344780022343
12.3277543636278
10.5091385280754
12.583465288073
12.689294326987
10.3306993034484
13.8604235648187
11.9199056686872
13.9589523886063
14.6967360377924
12.6542913520665
13.273909077022
12.2492221672059
13.0800333724957
14.092965423174
11.2799555558339
13.3357442969409
13.6176547975868
12.4854843731949
14.2597382357666
13.6607349480899
14.2645678702511
14.0775023972584
12.2499300846798
12.7002741618284
11.6922626614826
12.1756118912142
11.9469325407693
13.3948582691423
14.0024156453825
11.628450945714
11.4383750627875
11.5138402087016
11.4450169003941
11.2597190546858
12.556090218977
12.9238707408033
10.644591111222
11.5354723971908
10.8597219979698
12.4295359339586
9.38961048930028
10.2090668080338
11.0732847849623
12.1022859861645
13.7296364450035
11.4117644025888
12.7665504211644
10.5792223564028
10.7298720896712
11.2403077293868
11.7113678797329
12.2700408957904
12.0757744706072
12.0710905564032
11.9638859285551
12.7766147839114
12.563051996919
11.9689196223408
13.1353240677629
13.650469753987
14.6681518779484
13.3317896125654
14.8663964559968
12.9101467412342
13.4172147480655
11.8944199505931
13.4310739143813
10.4908394858378
13.0847018590646
12.8532119327358
12.7412320685071
12.8411772910216
13.4189306205379
12.3315759270716
12.4819938294649
13.2382339038473
12.7692736831916
13.2538812069272
11.8245510118376
12.3125640413473
13.6440193565783
13.0502408540645
10.9012139178962
13.3059517785097
13.2278357056872
10.3771837331501
14.4918571694291
12.095319780507
13.8877238716786
15.2901562711024
12.7437725191894
14.0686849694439
12.2219859058009
12.9309085776667
14.5042056511035
11.8355724764434
13.2916806932886
14.032528135587
12.8400987627846
14.4356381677497
14.1866441186863
14.6658450242286
13.9701846274374
12.1059890023059
12.3357736041257
11.5932894189186
12.647092881101
13.2621895292526
14.322795627787
14.4069516778922
13.1250570289711
11.4520049769395
12.5567988007908
12.7010942064127
11.7461127067151
13.6461675020505
13.619848436956
11.4123556324013
12.219358167785
11.0330739816447
12.2748587502918
9.93481487748553
10.4874799828854
11.3516979598138
12.4899794861149
14.0454899791408
11.7825219266156
13.2908543266917
11.6339077534955
11.8896186779407
12.3111216705454
12.6358321475099
12.8190875326872
13.1998055788389
12.6136800055871
13.2953874720989
13.6002773430301
13.3867145560376
13.0984467296172
13.6246359868977
13.3493199549616
14.8791976074577
13.5228225181978
15.0165576934221
12.7465045063979
13.507888126821
12.7966384568481
14.062973333285
11.2075916445861
13.4260088811801
13.1638441302649
12.7708273662227
13.4610056935387
13.2975272737371
12.9494751517242
12.3329312754117
13.4888552598677
13.8706069300693
13.8845092003318
12.495276133021
13.2703412112059
12.9988649737257
12.2511986868982
10.3648182388923
12.5069096113434
12.5449740378039
9.89360494361172
13.4721780151102
11.4326165692473
13.470469024352
14.4332394738782
12.3608856059579
13.049005815125
11.9586947214955
12.4773302539204
13.8686122720991
10.8313436584455
12.8381023695423
13.7706731959031
12.0366669025791
13.9820598440034
13.5464350542595
14.248590176902
13.5166063036911
11.6059167997217
11.5633805585866
11.5059100006628
11.9329333426878
12.4891743697532
13.6442736172966
13.7304750196773
12.0327167143541
10.9440240186365
11.4061300341732
11.6085483185682
10.9980769603083
12.9696908438356
12.8585241777499
10.6643198859945
11.4715279946057
10.6153413611011
12.187479332036
9.51708225694192
10.0697473623417
10.9339653392702
12.0890210376074
13.3690133209259
11.6423256188943
13.1506580189704
10.8707224863699
11.126433410815
11.547729042554
11.8142078000307
12.0188683281534
12.3925507397787
11.8204446374533
12.5044392818308
12.8072475481237
12.5936847611313
12.3352614624915
12.8612433589064
13.2089180740128
14.2463081681765
13.2303895159532
14.3838738273685
12.6061026254491
12.6901620960396
12.1389166722168
13.048500953251
10.7898590240424
12.7682870965488
12.476397802057
12.0833810380147
13.3208093858175
13.0899870350675
11.9763630358611
11.9246853815744
12.7315675826952
13.1133192528968
13.1272215231593
11.3555421607715
12.1306072389564
13.9272674354521
13.2630960610308
10.7100430631668
13.518806985476
13.0514475951661
10.6910455407486
14.4706602535343
12.2982855913947
14.0806539484764
15.2805170260746
12.6918800401438
14.082288980895
12.4545905601809
13.362976437909
14.8250798374101
11.7906243650211
13.7237485535309
13.9323954665155
12.8640132311194
14.2264381056297
14.4863591081383
15.0675086545279
14.2927553462439
12.5777335325927
13.2103306098481
11.9932178503459
13.0102558772465
13.3636336551464
14.3511989751804
14.4557521561032
13.1728099617451
11.1339282867075
12.5050874533481
12.649257044735
12.1053586904752
13.7657273235202
13.8707214208845
11.6393861321313
12.7296336945292
11.0351049638546
12.1569499037882
10.1464943821754
10.4895109650953
11.3537289420237
11.9684167823987
14.0113134836392
11.5210215782371
13.7342165211482
11.2625762006614
11.5182871251065
12.1684139439485
12.0654679406846
12.281983265953
13.0840940270746
13.2486882391075
12.9740519754921
13.2057934219725
12.9922306349801
12.6842961040095
13.6844329817468
13.8463735678506
15.1963140371928
13.3578091713984
15.2104567335526
13.2435581192869
14.047918832524
12.8701333886403
13.8570135708552
11.2771087448127
13.2122569908553
13.2469196451805
13.3502381177735
13.9494136578329
13.8033470021153
12.64331122327
12.2553984800055
14.1060175422011
13.2462707228188
13.5719988375265
12.4751691663378
13.0873411909341
13.0187149658779
11.8394464615455
10.3967585440314
12.0951573859907
12.3231701633637
10.2954858509188
14.0458183153841
11.6675265962849
13.387120648328
14.8386313644447
12.5922045822123
13.1968358607545
12.193604748533
12.328275564793
13.7731949444456
11.5496913208479
12.4789252980614
13.6010381349106
12.201293049356
13.7279439636992
13.3008305941909
14.4202845512422
13.7090866231239
11.8090411498736
11.8020257765056
12.0128520991466
12.2374904469378
12.498137701057
13.7133980675503
13.7056369726813
12.7191569627388
10.9041262178204
11.7044772881419
12.1901329490037
10.9344532650873
12.9262838638589
12.9333993953846
10.6863731545938
11.5325249948232
10.8631382568891
12.4579476131362
9.55475677037654
10.1074218757764
10.9716398527048
11.7404879968457
13.0026402653696
11.6353275866929
13.3144274910491
10.0260460928037
10.386612635198
11.3835014762937
11.1911121278864
11.5663363441407
11.6527299641617
11.4221588703965
11.7646185062139
12.172282390456
11.9587196034635
12.4136020193334
12.7688164114682
13.4120424241648
14.3610132228765
13.2250291015966
14.3082285828485
12.8092269756011
13.4179173466815
12.2534161536892
13.2556486136931
11.1955365553601
12.3908570761802
12.0916613867474
12.0585429910187
13.4394529166578
13.3588176983229
11.9817059030141
11.7159010157361
12.6942018226078
12.7156439780409
12.9190882587918
12.0399409564057
12.8150060345906
12.7819046640414
12.037923438011
10.3945478021483
12.2936343624562
12.3209594214805
10.1762623951877
14.0274510645505
11.5042166132155
13.6526428051871
14.5393282688364
12.4013726792525
13.458939735043
12.2002005271109
13.0037030093768
13.5857108983916
11.1320582881593
13.1543527426452
13.7110772326696
11.9697971385547
13.800552405026
13.3409190047051
14.5983766242042
13.5781964982935
11.8897524836908
12.0911996247208
11.8367594199899
12.3457616164582
12.2700988689893
13.5693746966662
13.7357993886478
12.4876610519375
10.8409681598266
11.7335421630762
12.0560141707076
11.2236271133025
12.9564462798254
13.133231774599
10.8862055338082
11.7295467707229
10.8845061443328
11.8535394242608
9.68729126261363
10.2068985167738
10.9930077401485
11.8294111953987
13.4187754794785
11.4371336347752
13.4729926088363
10.1142129997528
10.4747795421471
11.4359517104485
11.3433258259045
11.7400947889997
11.5767171124605
11.7922904555362
11.6886056545127
12.418747641317
12.2051848543245
11.6108808943502
13.0478550852687
13.1733500904334
14.1151979202669
13.468076069887
14.5057402205246
12.4592380330886
13.337808882309
11.8467000902054
13.7134812619122
10.8550174746726
12.8641120754239
12.5539450442027
12.3287871362962
13.6035007980944
13.3368456094903
12.6147570647495
11.5605908854267
12.9359222657676
12.4698279970354
12.9099022005169
11.5379276874215
12.6389693085444
12.9321654435573
12.4546743006706
10.0939124162012
12.7103852251158
12.2740682151127
9.63964449611734
13.7148029337284
11.675447061093
13.4568480424531
14.3610239184762
12.4149964107843
13.1119467252893
12.2015252133412
12.7166940000283
13.7240684026909
10.8907235934089
12.8673437332967
13.8302587040941
12.09625241077
14.1251630476229
13.2900432281434
14.6479392810385
13.4703368599284
12.0054714770857
12.1281632640527
11.211330236505
11.7083566113878
12.4353651427334
13.6600993374529
13.5871895335083
12.0311995782136
11.2900725105865
11.1814572982942
11.5021755644786
11.4790188873823
12.5785924401606
12.7517353740496
10.4918329661806
11.9382210296905
10.8120250441052
12.3818389800939
9.5165304263431
10.0563086629924
10.9205266399209
11.778760336843
13.3144103331292
11.1841413812998
12.9777010662466
10.92244512834
11.2832172439619
11.6430563618864
11.9187171606087
12.1566376288223
12.4583521206177
11.9772284706001
12.3464635785656
12.774453160661
12.5608903736686
12.3510878829754
12.8702850883037
13.2685035822038
14.3058936763675
13.2516462856884
14.5306843366805
12.6656881336401
12.8118439101988
12.2777913613804
13.3154795952923
10.8927222844075
13.0158329840243
12.6052505985522
12.496773460913
13.3452935199241
13.1816095268949
12.00805027775
11.9425348779292
12.9743980745409
12.5944777830447
13.1868070313502
11.5792265703135
12.2648670874826
12.5636379711234
11.7204653827366
10.510310593292
11.9761763071818
12.6904663922035
10.5473518800903
13.4739962263397
11.7384592300557
13.6368901851626
14.4485743551824
12.7028800963431
13.1340191311885
11.9856815353639
12.81535190867
14.121241202062
10.6968130118826
13.0710628331151
13.1336280636344
12.0208348609548
13.6117348962835
13.7781068500023
14.0421994630666
13.6825717863304
12.0469388992076
12.2589886906341
12.113585167224
12.6568223788084
11.8734557673047
13.2148618453588
14.1393936290834
11.5999081146193
11.0063777171112
11.4061697040708
11.4162684960718
10.8265615542982
12.7469405117242
13.2452968583117
10.9853944504427
11.3324812117186
10.8399757961523
12.1811892566129
9.04670132667211
10.2674293597701
11.0535385831448
11.8159654436283
13.6526997566662
11.5786538791141
13.1119611668562
10.592534005825
10.7431837390934
11.1627285563212
11.6583617378244
11.9178269528789
11.6223189378033
12.2551697101056
11.7600285908437
12.7899264333336
12.5763636463411
11.8013033876699
13.376931603154
13.2118837589078
14.5315711355158
13.3418850682684
14.9164262282643
12.497771701563
13.2263383527335
11.8497380283841
13.3275345853943
10.5233299931748
13.0313062566969
12.7217996227447
12.5342554433781
12.9726092367652
13.6393774674845
12.3448125375695
12.2269769604166
12.9500472989791
12.9198019773896
13.0055777453469
11.8039389760901
12.3822424005456
13.5183420968244
13.0851282969017
10.8239936779666
13.3408392213469
13.1466923490974
9.97788413885908
14.4417974815096
11.3621549673222
14.3243927103914
14.3786073819804
12.7199097625071
14.2274691344257
12.1649257328473
13.5207785119527
14.1925123724441
11.4099235586079
13.6716338184486
13.7833664012337
12.5194267263887
14.5900862981982
14.0845353442201
14.4064895392704
14.1255635035056
12.0832732760647
12.6854938919835
11.9747571998887
12.8832668326059
13.3541299357342
14.0924916478498
14.5906563495589
13.1938098023935
11.6031550566264
12.6770991913809
12.6495816776269
11.8076707429733
13.6344160785474
13.8276109933262
11.6345104171426
12.1233367783315
10.7777927531901
12.2109092555563
9.76651197003189
10.0220763720773
10.8862943490058
12.4517848355408
14.4377010895491
11.3916821341916
13.5511088370792
11.4794147188803
11.839773900409
12.1543101809855
12.7157865643483
12.7907105801455
13.3855201309848
12.893206997557
13.5232297840252
13.2873988801584
13.073836093166
12.9752170514895
13.3931195722232
12.9284203198086
14.8990470456037
13.5811321385486
14.9517884350378
12.1880973070558
13.8849310514058
12.4033438352239
13.9627722052487
10.8587081436561
13.2508410728852
13.5249336383011
12.6557124136745
13.4953437947843
13.6384986335257
13.2980678488555
12.2244317259183
13.4827150546249
13.4343849397718
13.3466774143301
12.4505122235247
13.4317999190635
13.7690769370264
13.0398599747816
11.2032376395102
13.2955708992268
13.525936310641
10.5961481370706
14.370122075847
11.7698088694626
14.3049111768549
15.0294284829397
12.6479660819239
14.2079876008893
12.0934559004122
13.3431461454856
14.6247474861438
11.6346642493606
13.4937958787541
13.8633337371556
12.7441674171414
14.3618922802447
14.4985610528187
14.4567509210941
14.6765308279968
12.3736326503846
12.8367798627272
12.1691903383903
13.0917432898693
13.3658447392682
14.6779146007803
14.8986665058209
13.2365834840925
11.3609177199112
13.1699201706849
12.4962250128469
11.8751605995206
14.0418751042678
13.8796019219423
11.6867069189862
12.2048699536405
10.5230779371002
12.2771490761617
9.75429622713716
9.76736155598743
10.6315795329159
11.9254103376507
14.259107207638
11.3774027882763
13.2667668410744
11.1875171269861
11.5480836693804
12.0755710735326
12.3842644383362
12.4633061662668
13.4652766216649
12.9696754441502
13.3740844214441
13.0935864071867
12.8800236201943
13.0184146795733
13.6821151960074
13.5587488633017
15.3465435395352
13.1225919669389
15.2186982748166
12.8184258505489
14.5014183649885
12.495372232051
13.5068487763684
10.9509421137108
12.8061421311859
13.1117232240783
12.8069983844182
13.6201617679306
13.6065396206147
12.405203383656
12.0806688954996
13.8049758905144
13.5338899724825
13.2074982789829
12.6844543524202
13.1897043363579
13.3538508251521
12.7087729211108
11.5352791154154
12.9644838455559
13.8579777865462
10.6313676115607
14.3494470798033
11.6342608396726
14.0855073690307
14.9829666983124
12.8799472101434
13.9929531784049
12.0652449633358
13.4229394351459
14.6599669606339
11.8666453775801
13.5740021025075
13.4481076252813
12.9761485453609
14.6587819193284
14.5337805273088
14.1982489947382
14.7117503024869
12.5655763103931
12.929189823737
12.5012318142955
13.423579192547
13.2474406288091
14.2626884889061
15.1171309639657
13.0871204954683
11.6815721592003
13.3883846288297
12.9931323838385
11.6307019919265
13.6266489923935
14.1571183807761
11.96422337782
11.9463680272846
10.7815798634561
12.5546655349954
9.22549309750255
10.0118201635816
10.8900814592718
12.4538005331922
14.5911486835432
11.9062059179109
13.1483627306153
10.9290152006302
11.2895817430245
11.7058802922726
12.4595213810373
12.5245197902062
12.9388616548865
13.1616191041587
13.076571307927
13.3255675354062
13.1120047484138
12.8685277445643
13.7628700011117
13.5939683377917
15.3817630140252
13.5378180788132
15.299453079921
12.8536453250389
14.5821731700928
12.1256814507911
13.9067785772874
10.5812513324508
13.1948474449238
13.4327905974606
12.9306801389134
13.2049356560563
13.6542365744793
13.1168385628522
12.5814991022046
13.5778191197708
13.9491160843568
13.4394794072025
12.902918810565
13.6872356725072
13.4240458283034
13.2002608456973
11.4429376806879
13.4559717701425
13.7656363518187
10.5386096361005
14.3379127985303
11.8421640011059
14.2546098091897
14.8082687526346
12.6118926501968
14.1486647010678
12.013160252225
13.4353176897866
14.4032106101894
11.268436018531
13.585967423055
13.5694517291955
12.496432218023
14.4705787706925
14.4088656696417
14.6610728357432
14.5730887041607
12.5779545650338
13.0170060973251
12.2630211543332
13.3096240949801
13.4223521804413
14.53968581535
14.925067112845
13.2546114082241
11.5661684815573
13.196320777709
12.5132104832731
12.1504374643786
13.9070646014081
13.7894899980325
11.5757317731966
12.3883286464097
10.7539206498857
12.0288023988159
9.6287160390209
10.0763130223267
10.8624222457014
11.8676592641417
14.4446201630368
11.49814545596
13.4743017129795
11.370436346301
11.7312084619229
11.8733712050284
12.4291914328606
12.5144641758035
13.5627993744492
13.1748341104636
13.7005090274896
13.003474483277
12.7899116962846
12.9387227477157
13.6701120256514
13.2576704324116
15.0362795103405
13.2123067441134
15.1251680683363
12.4060508108777
14.3901093189721
12.1958764539424
13.6977797735214
10.7584170779566
13.0053940901208
13.3064792344053
12.9999700250012
13.5308746384205
13.725973207146
12.9893667952105
12.5934644227521
13.7905846431294
13.6062451041258
12.8763255031505
12.8245531207185
13.4125248696641
13.459979545088
13.3834378667568
11.5408137124064
13.6391487912019
13.8674355001974
10.2330083443248
14.5923736671213
12.026288910344
14.0084828711752
15.0950517523648
12.584214332429
14.1790704657275
12.430419341094
13.4479813090223
14.6007947887162
11.0779943461117
13.5988366155182
13.6533521552162
12.3344341928742
14.3929556643635
14.2809280178443
14.8796686285811
14.1511886728497
12.685661080531
12.9738780375403
12.1377293330388
13.1716509781627
13.5284085857134
14.4372752162813
15.0183584842389
13.4247077866484
11.5554982324421
13.0701828421318
12.6837180081524
12.0241195034668
13.5066640607184
13.9385948275777
11.7454942513942
12.4451255850742
11.0735874104835
12.2450455860818
9.89119231309891
10.3959797829245
11.1820890062992
11.9752864419285
14.5379115344306
11.7099287682011
13.7323358811442
11.3219588640223
11.682318045551
12.2144406609604
12.2952512644302
12.5547164794847
13.3988317804069
13.1032803007086
13.5365414334474
12.933181371571
12.7196185845786
13.0670416321683
13.7984309101041
13.3315367910877
15.1517272196831
13.2236984362419
15.1775796063617
12.6174247337429
14.2186706888361
12.4963715660554
13.5208502290916
10.9295632203034
12.8829429347704
13.2638165770479
13.3752951601881
13.4362491980219
14.0051004503353
13.0692251965211
12.7236049646782
14.1820663822356
13.6033375371429
13.0816446270034
12.9690626839969
13.5568270720768
13.3566340258619
13.0612579806681
10.5594880714559
13.3169689051133
12.8869366829291
10.5518163511091
14.5783771915312
12.2107662418906
13.8853460192809
15.1984325106071
12.6288890038618
13.8183971900255
12.6908996741486
13.1001992489383
14.2307624229185
11.7088562218274
13.3559101733834
13.9521056262361
12.8268743388225
14.2330487809431
13.8876280708588
14.9951210535288
14.0248187929856
12.356614902367
12.9510102910938
11.7391650136454
12.5384708711788
12.8027057996142
14.3553613775932
14.1019374600733
12.938290908398
11.4280874087793
12.1213165721932
12.3044112767138
12.0428000254503
13.5036130900431
13.622511507011
11.4043635891358
12.5889662759506
11.2389168234
12.5961468628973
9.85137493313896
10.6663703870178
11.4524796103924
11.5811744998225
13.6724340741759
11.7786482910173
13.4208661565635
11.638004972697
11.7886547059654
12.1626641925789
12.3188866263311
12.5530989264664
12.83869341967
12.5171057266511
12.7295928012628
13.4193916078887
13.2058288208962
12.7844291355152
13.7640997933653
13.5119385184967
14.6410923563724
13.4975758624023
15.143859997641
12.7978264611519
13.8043750168333
12.5742613586465
14.1723236811142
11.168891251267
13.5214812622618
13.1029516334683
13.1096419287293
13.525519338422
13.4146522348583
12.8408782201181
12.2147958105991
13.6127994153779
13.5008419816087
13.5990952289406
12.5772087229857
13.2628492401548
13.1208806962482
12.736716397966
10.8555691581073
12.9924273224111
13.1832269494475
10.5058718921892
14.5658957253287
12.105072792714
14.508025677459
15.130403364241
12.4270671376602
14.3443331819657
12.5583503328897
13.8067408062518
14.5747173461726
11.9617280686783
13.9573905395202
14.0514376443861
13.0351169347765
14.6508638929012
14.3832287576591
14.4699877284531
14.4547131666825
12.3813080782403
13.0459636727309
12.0528524427148
12.9115952532327
12.4645969911524
13.7044213616524
14.7716292145911
12.3998536039862
11.3175077126601
12.7305667723581
12.4186523091207
11.6842692665605
13.3704297294239
13.6671250887423
11.477627408688
11.9600226090655
11.1642290846886
12.176872332503
9.93059139340259
10.4085127035758
11.2727306805043
12.2495304169284
14.4977524731797
11.4895238448401
13.2379509719308
10.8848274391919
11.2455995548138
11.8628723385644
12.6841333337421
12.8635409469455
12.8004852082269
13.2447575023441
12.6913845898197
13.6744530343954
13.460890247403
11.9410914940267
13.7309956261996
13.8908792510192
15.2538136054864
13.7407538533913
15.2578074228569
13.1505562382664
13.8708705998838
12.3938242789761
14.4206750436045
10.9346989727722
13.7048999740397
13.6735199121184
13.1536070901936
13.6783701202059
13.8739751114238
13.1165950574141
12.2399413397293
13.8964047169706
13.1755532854621
13.9108072561229
12.1432214876391
12.9572110600868
13.7219203562534
12.9056726197809
11.3470150452935
13.161383544226
13.6707497199735
10.2062131833226
14.1824556145772
11.79032789305
14.0273454549843
14.8702832896937
12.3179880864798
14.0886352532391
12.2369044967079
13.4083036262136
14.5932007966049
11.2854806499667
13.6640145506588
14.02986152963
12.3949838177476
14.0865902309687
14.4516136519128
14.5531221713434
14.4180368697595
12.3909390183002
12.4258055731643
12.0815217930998
12.7966073632973
13.5719051817122
14.5593769798532
14.7331481010134
13.4951182274405
10.9290267217824
13.174958239093
12.6484414736087
11.6840632088839
13.6536037258661
13.8773691637655
11.6592212458902
12.1975552630337
10.8817172247247
12.5555575640874
9.57963969596302
10.2310620347887
11.0952800117172
12.1605325910343
14.5484897980866
11.9144502944819
13.6322044376747
11.4554916583818
11.6061413916502
12.2842253175934
12.2971414714718
12.3538090399283
13.2708298993211
12.7122051839373
13.4085395523616
13.2822921357792
13.0687293487868
13.2811117088859
13.8957758833491
13.654114456424
15.0978380492931
13.4094300034778
15.3570631237492
13.0512990078603
14.1977700962089
12.3843016972099
13.5980913998051
11.0011042440147
12.9853882110249
12.7866670272369
12.7170445693096
13.4792825525595
13.6489053888983
12.8119227416272
12.4195982653818
13.7315145537403
13.8431396664324
13.3962040075754
12.8856375603872
13.4734019484671
13.1207313307951
13.2290192216327
11.4791842477363
13.4847301460779
13.8070493999422
10.051008879374
14.361253824533
11.6951446973598
14.4621588214569
14.9594952735557
11.7816648870075
14.2460238729085
12.3199589448218
13.6422212032074
14.2897645023885
11.3712094650729
13.7928709364758
14.0023932620057
12.5096328165825
14.4763656947917
13.9395063691089
14.6540418922205
14.3956529455922
12.3811786417039
12.7417430598118
12.2076201339034
12.9000015789899
13.2897814093118
14.2197562699255
14.787415910768
13.1329909027799
11.2400453977819
13.1090652284339
12.3913753401249
11.7175287004727
13.5404514887774
13.3844627483092
11.1947594950274
11.9932820429777
10.9271929077105
12.2350597051541
9.63363120553244
10.1714765265977
11.0356945035262
12.0836038234442
14.5574021159678
11.7913117810541
13.4491684185629
11.3005856896734
11.6611522320678
12.2183323069343
12.3500371959953
12.5382728760493
13.4124598132986
12.7663718670385
13.550169466339
12.9187934139833
12.7052306269908
12.9197688980236
13.6388827854362
13.5466739587025
14.9926717131105
13.2426255086871
15.0620817619638
12.7834282691248
14.151254307262
12.2726905054429
13.5875944564056
10.8358661496254
12.8917904904345
12.9801487897642
12.9691185935114
13.2732425558543
13.8467592564201
13.0034286916552
12.6683327985046
13.8490143951016
13.5229627071573
13.2034807336663
12.5107127932352
13.098477181315
13.6448094231894
12.799977344684
10.8139842293126
13.0556882691292
13.1406060171036
10.8602764792651
14.7744987960919
12.4050228724795
14.2862911854992
15.3670310800226
13.0352265726407
14.3209840691575
12.5048331056912
13.7787360572852
14.9678765625234
12.0946684808062
14.0344469817304
13.7392736290624
13.1680573469045
14.2737626080283
14.6360229223515
14.691082105752
14.3532295462019
12.6812581580058
13.3176130719037
11.8105565197252
13.0781834612288
12.8105555093499
13.989704449888
14.7288009213816
12.8290283301157
11.4163641339309
12.6123699154038
12.7435953188994
11.7621955661664
13.4882705123149
14.2228947858557
12.0091365610198
12.3864705702205
11.3060912284
12.2104051049703
9.83597971973043
10.6554360384639
11.5196540153924
12.4875320202331
14.4549241799702
11.4694155882425
13.20617079534
11.1558868937362
11.3065366270047
12.1665802549725
12.5009246826765
12.7174400079449
12.501978853671
13.3013048814957
12.406396960411
13.8360616047237
13.6224988177313
12.3387510539229
14.1286551860959
13.7030671153033
15.4560326025448
13.7602080621506
15.6360281307656
13.1002516667396
14.1552012945796
12.6969190878325
14.502387121973
11.0716552735444
13.85721760788
13.616670074069
13.4573150066016
13.3163067408479
13.6880296024429
13.1838291564386
12.2245618996447
14.1959303012051
13.4276765835099
14.2101254794917
12.5671406867993
13.381996093177
13.5043876993146
12.7749633762042
11.2728891193079
13.0306743006493
13.5955877904387
10.7819044857232
14.3062494517195
11.5089690183782
14.2947940351433
14.9395617093629
13.0304840843059
14.1866459719966
12.0302435369871
13.7527596401722
14.8102964739307
11.7413535562857
14.0084705646174
13.6643508125472
12.8508567240666
14.5202445815115
14.6843174014713
14.0729571734438
14.5864584811925
12.4402844890987
12.917475020203
12.3045481312914
13.2271010827704
12.8799894415249
14.1373966676117
15.0255084721384
12.8247304993608
11.6383745311164
13.1259946327222
12.6260941306475
11.5054101706321
13.777185866556
14.2170745329451
12.0017947124495
11.8210762059903
10.5191898673486
12.316408174168
9.4896069894254
9.8544913586508
10.732752654341
12.6380067368217
14.670293695996
11.7488771129801
13.1618014299647
11.2503195790728
11.4011748855688
11.8408463377828
12.5709089503541
12.6359073595229
12.617927920422
13.1020335959677
12.7091201206428
13.5418107226722
13.3282479356797
12.6061377484568
13.8976304733944
13.4686765164974
15.427238697011
13.5119019000892
15.4027307276539
12.7283535037446
14.3439158092654
12.0461270489624
14.1232273377808
10.5411265883199
13.4112962054173
13.6650087307404
12.887693541894
13.1453501478653
13.4575528914752
13.3010447664816
12.4237573631807
13.5439286785643
13.791787279426
13.6557225944684
12.6405288144575
13.4248456763997
13.5978725477367
12.8486374825369
10.7922818809294
13.1043484069821
13.1338974439932
10.6763297695113
14.3043413888489
11.8132443352527
13.9405468004076
15.1216733514543
12.8169520829076
13.8422254572454
12.1931668498505
12.9403083831353
14.4800886415077
11.8996936330634
13.1960193075805
14.2829362396268
12.8990131451197
14.1602598944844
14.1642388115233
14.4162822492432
14.0756962408056
11.8271262127233
12.3614280463698
12.0342053420636
12.8043655227794
12.7690299799413
14.1960139667347
14.6416347655648
12.8424364027459
11.3742358458517
12.4449456788458
12.2085567710617
11.6469408802931
13.9465569028266
13.5849759876749
11.3662088235598
11.9367375415599
10.7835112066592
12.2428270386697
10.0924934241637
10.1328560167232
10.9970739936516
12.4652353726075
14.1094055625333
11.7431378675145
13.5932201096787
11.4171990136013
11.5680543200973
12.1990611877347
12.4848297207191
12.6680851058964
12.8921995829594
12.4779885203904
13.0022416345418
13.5037351626792
13.2901723756867
12.8364064752571
13.5331558759521
13.4545902343011
15.0529311090689
13.3714124293281
15.0195236907532
12.7142672215483
13.5668025091561
12.8561659467349
14.038245751791
11.2995638781609
13.3145615059211
13.288670398931
12.4882067399975
13.6583102853491
13.4274879345991
12.9033283428826
12.1490748135296
13.2238116975598
13.5005021765847
13.790233142304
12.22796644839
13.0030315265749
13.6509362903441
13.0146141772784
11.3139734535512
13.2703251017235
13.6405952413422
10.6913677811419
14.7688398199044
12.0861291307926
14.242645600376
15.1644113809644
13.0579683009206
14.3954543553923
12.4654246422316
13.7872052293998
15.1397848688468
11.6403296360047
14.042916153845
13.6965054792899
12.7837541885717
14.4690148388072
14.6608777181878
14.5086057000817
14.2077370486897
12.8083800771628
12.8907874611974
11.841903918751
12.9891107304372
12.8909009714744
14.1701971229414
15.0762829583557
12.8477579792424
11.6627110123271
12.9353059381975
12.6497529177795
11.5850224927923
13.4933807890645
14.4350094747494
12.2212512499134
12.0844712281803
11.0847929923755
12.4220400716154
9.60309772921524
10.4341378024395
11.2983557793679
12.5600945842175
14.5617154616479
11.6498069516228
13.0279043136109
11.3754654747681
11.5261152080366
12.1990480815228
12.8049876277374
13.0215029530057
12.7998682771082
13.2494189386615
12.7042863838482
13.5316351281833
13.3180723411909
12.6038649655692
14.1639957898772
13.4861131786801
15.651612529141
13.4485851626802
15.5431444861348
12.8603750532913
14.2215034379423
12.4235606767599
14.164087048477
10.8246378218674
13.5388886379776
13.634378815936
13.2748386009313
12.9321159153351
13.8213250432236
13.3018739662203
12.516850013655
14.1509686110806
13.7918971409542
13.9663427635887
12.7078727454057
13.4098843830729
