2.3808699400984
5.2218762523761
3.3959675818246
3.20782528334318
6.04883159562088
2.56901223857981
4.41044893569956
6.41631634607811
3.89605131215196
6.60445864455953
5.42554657742576
6.23697389410229
6.04883159562088
5.58936100283334
5.77750330131475
5.42554657742576
6.62255692339695
6.23697389410229
3.57457159836388
3.05991300157454
2.02957899560116
3.13534397819276
2.30313576229065
3.55907426087495
2.24753252479174
3.31631926590037
1.52949526527379
2.21055428330877
0.702539922029008
1.51492039881181
2.62068538140341
3.75554688607149
3.03750962655355
5.47412186636409
2.44439133473617
3.92912926360137
5.03489424619296
3.14560311137063
4.17966379599678
3.20042093513764
2.00516371456504
2.84065081660912
0.899398731973438
1.65542833237491
0.899398731973438
2.00516371456504
2.44439133473617
1.72635407521822
5.08853883706943
1.54499260276273
3.5435462343067
4.6493112168983
2.7819978823868
3.66796165552247
2.74236338246178
1.87002500364887
2.34187574205659
0.764260021057268
1.19737077969905
0
1.1057649825916
2.30925262382
1.59121536430206
