16.8279764020765
17.3186261973562
16.3812608035903
15.5950084646229
15.4464834673401
16.12388226921
16.7561126911415
16.3480257404753
16.5694462970964
16.6979238418309
17.1060107924971
17.5287047962809
17.0268867498318
16.8361659441221
18.0864913845332
17.678404433867
18.134214678371
16.4280789934558
16.3896272713263
15.9815403206601
16.443716913661
16.0356299629948
16.313893797216
16.7219807478822
15.9958436600184
15.5877567093521
17.7289303784562
18.1370173291225
23.3954610215334
22.6444518306998
15.8406178393271
17.2051972248028
15.4481029127063
16.6770283645065
17.0851153151728
17.6602787414003
24.2861163090561
24.5719152429805
22.6983325786418
23.1167203337723
23.7852247309763
23.01203396667
23.0157909747179
23.6286861766992
21.887639574392
22.1136810681263
21.7112113162909
21.5718289255364
21.243164344755
21.7119164764078
21.742815260205
21.5326204513684
21.7435204203219
21.8304174840559
22.0406122928926
24.9146367437338
24.7974790645285
21.6723598331369
24.1463368686432
23.9361420598066
24.1798691684538
21.4621650243003
21.3155961712678
21.1054013624312
21.1678184554957
20.957623646659
20.957623646659
21.1678184554957
22.0142777001595
21.8040828913228
23.7800703949956
23.9902652038322
28.3186562689501
27.6990161333026
21.9818578250996
21.0001471736936
21.547164109096
24.2508306649242
24.4610254737608
23.9129662629539
28.525539615102
28.5988874519006
21.6025387704491
21.9192875693821
20.9830652956169
21.368598420011
20.7643004492442
20.9837704557338
21.1921267656755
20.9819319568389
21.1928319257924
21.4375253314638
21.6477201403004
24.7507310234144
24.6350187329512
21.0823080907554
23.5737286667999
23.3635338579633
23.9527715459189
20.8721132819188
20.8585623031191
20.6483674942824
20.3247101526555
20.1145153438188
20.1138101837019
20.3240049925386
21.7707689439654
21.5376987562753
23.4864808805619
23.6966756893985
28.6370753015512
27.9360333383034
21.7383490689055
20.6827516715647
21.3036553529019
24.0195748361134
24.22976964495
23.4523759545131
28.8226354843793
28.8580226447115
21.6805636662682
21.9970216018078
21.7927313551308
21.4612532449079
21.291383370325
21.7934365152477
21.7160473660262
21.5058525571896
21.7396279049966
21.8949992894929
22.1051940983295
25.142253486252
25.0250958070468
21.8475807000316
24.3397422951432
24.1295474863066
24.1686923604867
21.637385891195
21.1965981875709
20.9864033787342
21.0652532461437
20.8550584373071
20.8543532771902
21.0645480860268
22.163503978768
21.9525924487852
23.7429247411981
23.9531195500347
29.2872928924067
28.603963796712
22.1310841037081
20.896326535032
21.6963903877046
24.4046952251989
24.6148900340355
23.896508748291
29.3962121276066
29.4482814379455
21.9930707083644
22.3480033297211
21.0876145418842
21.6716624504792
20.9518620824138
21.0883197020011
21.4279856967096
21.2177908878729
21.4286908568265
21.6577099071265
21.8679047159632
24.8978649408839
24.7821526504207
21.2850179893345
23.8055095753576
23.595314766521
24.2571015869247
21.0748231804978
21.3292838434361
21.1190890345995
20.731231973815
20.5210371649784
20.5210371649784
20.731231973815
21.8826108036876
21.672415994851
23.8136747393917
24.0238695482283
28.2934667549539
27.6452474628623
21.8501909286277
21.3255611506188
21.4154972126242
24.1417271530188
24.3519219618554
23.8746663506531
28.5074606696582
28.5656499960352
21.8785591580433
21.8377628779349
21.2426993140911
21.3292636544741
20.6307902488724
21.243404474208
21.1984892969302
20.9882944880936
21.1991944570471
21.6346011833915
21.8447959922282
25.267343510495
25.1501858312898
21.1783090955333
23.6704706906449
23.4602758818082
24.2147075493732
20.9681142866966
21.0477657689961
20.8375709601595
20.8801355345584
20.6699407257217
20.6692355656048
20.8794303744415
21.5926179435943
21.3824231347577
23.8272514994797
24.0374463083163
28.5496522656766
27.8568574863494
21.5601980685344
21.0198902857388
21.1255043525308
23.8364630089278
24.0466578177644
23.1686362025174
28.7184568163011
28.7687314775875
21.7440306295204
21.4395598185779
21.6614713905717
21.0052724807869
21.1347958227559
21.6621765506887
21.65651551605
21.4463207072133
21.6572206761669
21.6093882811453
21.819583089982
25.2467926875015
25.1296350082963
21.5857401536423
24.0729536993857
23.862758890549
24.0042492597706
21.3755453448057
20.6458244610574
20.4356296522207
20.6448112007696
20.434616391933
20.4339112318161
20.6441060406527
22.0153262946791
21.8044147646963
23.809527829479
24.0197226383156
29.1877995437423
28.5411620932021
21.9829064196193
20.7076227907528
21.5482127036157
24.2339731528519
24.4441679616886
23.4661552741064
29.2890725427385
29.3174599584181
