45.4024742045513
46.4624240381387
45.4665674217873
45.7116623618102
46.0910663863498
52.212030649818
52.6022703049501
52.3347065590472
48.9841455112994
50.9306556214975
50.8645548568369
51.2636213412897
51.9446961993044
51.0546645129952
52.8702116044149
52.7773026213975
52.5495403740759
53.1787965252219
45.9512705737158
49.4470587232324
46.0780118452227
50.3508136816391
45.8595711345793
42.7739059940699
41.8397345780671
42.8175068294714
47.5647371765164
45.5703145072935
49.2463417300724
45.7002598093541
50.2088090511096
45.4818190987106
42.3237125145552
41.4648255328894
42.3427339375814
46.9635862093081
45.6776510507091
49.2444134219738
45.4921342234919
50.3675967502212
45.2457928949104
42.1382479117382
41.4709922005367
42.2792194450176
46.5838395433335
46.5793459724479
49.78951128347
46.5045200727634
51.2965380079173
46.3865860046986
43.4399864324863
42.5870341045838
43.3007932032421
47.4497533424889
45.4404616848252
48.8590416668963
45.5281727371984
49.8970490981257
45.404601034936
42.2106325549774
41.2427034860921
42.3872113344059
46.8676349382357
48.8940322217855
51.5954514505516
48.1968476567473
52.3809721447636
48.4644752729091
43.1214941683007
42.8791319680902
43.0760857162769
48.5721579875735
48.5178304383044
51.6640085774155
47.9553147507853
52.3310034926177
48.0965749397694
43.1727594646655
43.1944625940233
43.2130592038754
48.7271255745178
48.5440147788756
51.7538264651435
48.0090147616617
52.2625560291232
48.4578205772149
43.4218415220695
42.9057716438423
43.3886112899501
48.7344110693616
48.8950333751494
51.7096714499497
48.4427768889953
52.6082509086632
48.6233639995445
43.5583055526777
43.5939470880651
43.6388162374605
48.5744542843787
