25.4486553393907
25.4164652581391
25.9869368688896
23.8010828686169
23.1658372390664
22.9224353771091
25.5213500359626
21.676807786103
26.1247117561283
24.0024227951608
25.2384152623409
25.4681427631731
25.2377601758147
25.2776172495074
25.4883983639834
25.2649505405142
25.6952121962214
25.8820520910661
25.6594364538667
26.6554952961901
23.3243295506996
16.9926471132603
17.6546940520711
24.4005857318123
24.14859177818
23.8601198584246
16.9181072226503
23.8106474045811
17.7297835594873
14.1870564894464
17.841113899691
17.8689729369624
17.8689729369624
23.654571874772
23.654571874772
24.3231562069261
18.4077025388581
17.7297835594873
23.3243295506996
