4.34773714677999
3.7680099640195
4.11176538033082
3.62839202928399
3.00969412281213
4.39621113800757
3.91056275319555
4.10810170837985
4.25722291063154
3.92629552194661
4.3902724322914
4.50871541903985
4.3902724322914
3.91056275319555
4.11649112138505
4.11176538033082
3.67931672780061
4.52153738737429
4.67110082367751
3.92629552194661
4.91394698427835
4.40600520104245
4.76438354797514
3.48940380190797
4.76438354797514
4.03834183890591
4.35566611336409
3.00620825343959
4.40600520104245
3.62446392585994
4.40600520104245
3.84745090358806
4.40678634693476
3.83093698894471
3.00620825343959
3.7575134475198
3.84745090358806
4.40678634693476
4.67110082367751
4.2386521711473
4.52153738737429
4.9884250981357
4.67110082367751
8.64990513332684
8.64990513332684
6.87604456939988
6.78434567428607
8.42513325964585
8.97348681805225
7.26573268674692
7.0997734678615
6.26621583851812
6.78434567428607
6.5711455248324
6.78434567428607
7.65216019817236
6.01652656556251
5.41461949657693
5.76129553277814
8.10155157492045
7.26573268674692
6.87604456939988
7.65216019817236
7.05450987671578
7.44696855478418
6.66482175936873
6.87604456939988
7.44696855478418
6.13484509148889
6.1824386053005
7.42843129971073
7.78530759416194
8.05640984492285
7.34966746011073
7.65691665402738
8.05618069940138
6.95745748728261
7.80482996422997
10.0705350610422
9.15400284661407
8.20409400960396
9.31774162976249
6.30428877436985
9.65289713525652
8.91053096325323
6.72186459015744
8.45331471713656
7.63981264608083
10.2885578963467
9.61567464916878
8.46753808297095
9.23037975345105
9.9028572219541
9.23037975345105
9.49942211986462
10.0109751018523
8.46753808297095
6.68107246467821
7.66128602539276
9.29841046924396
8.0624784477936
10.7451141476104
7.07841220903764
9.00900376141403
8.16777789785467
8.93314894146536
8.06827403759696
6.39501962105795
8.76830217222143
10.7451141476104
9.60044092519786
10.7933454433239
7.7475301948331
10.5702733853166
7.65438989557861
7.81884705126398
7.99248351135713
7.90483803126516
8.30410207663915
6.994114281368
8.11223037879469
9.83297226738336
9.19065964069945
8.13265534834759
9.26445442526296
6.34094556845524
9.90081851249429
8.83714053774472
6.66739828405716
8.41485627572914
7.48482253203017
10.0550760951993
9.94122652049035
8.23405628182353
9.87319580469743
9.66937542080668
9.87319580469743
9.3685044212813
9.88005740326897
8.23405628182353
5.86159777558278
8.30410207663915
9.94122652049035
7.25962338101294
10.6717237221019
6.8691370917524
8.83138942502722
8.12373241378577
8.6955861478065
7.83479223644954
7.10983868094501
8.80495896630681
10.6717237221019
9.44707486530498
10.7455902109762
7.78418698891849
10.1492423877562
6.06756756888421
6.48537157143876
5.61239794785185
5.51590500594438
6.46077803756121
5.60719020787766
5.58110315967811
7.77774014345223
8.02593696084169
6.5602928909542
7.02434458014137
5.75806305632744
7.46100454267887
6.71114479015082
5.69942950452243
6.78715502329194
5.95713889030036
8.52127567520282
8.01734127991372
7.08343614541472
8.04626618367077
8.54048453437424
8.04626618367077
7.93465175890842
8.48459682994839
7.08343614541472
6.09402044045883
6.01808703877413
7.57465028112665
6.88630313172605
9.13527519205544
6.30438621675948
8.26663855003428
5.80626604185057
7.27765426270595
6.10424641413863
5.85009645931291
8.02593696084169
9.13527519205544
7.91939122357518
8.74230621572632
7.20130447679071
9.06584478665624
5.85038033192743
5.70991283975803
5.97331664677989
5.97307971333231
6.2563556425607
5.19320774237288
6.20905163036305
7.95906990793154
7.32629390521421
6.12726705488816
7.36165246818361
4.4583676129738
7.9115954619373
6.85334090491191
4.59652928971678
6.3826602815765
5.45821358053903
7.72562375654204
7.9355689800547
5.83936035701698
7.88131683537959
7.28260177748023
7.88131683537959
7.32075798720287
7.94549973862031
5.83936035701698
4.4583676129738
6.2563556425607
7.9355689800547
5.88305248475096
8.65554362649544
4.37869965888689
6.34095199216169
6.19305370993811
6.56692258393799
5.71719074223611
5.06209224686656
6.91972509206452
8.65554362649544
7.42046591381384
8.78793459391312
5.90160903343703
8.34491261485131
8.02248435613915
7.57829818217895
7.25495026748072
7.33228629936807
7.69282240146033
7.56484778346358
7.82251363455199
9.58853439421443
9.66860048324168
8.2024117742042
9.26575505501523
7.10661360759621
8.82251328240953
8.13607120542434
7.04523926746022
8.37962947309615
7.42161829192709
10.4092165575035
9.64057785695564
8.67392224129777
9.3889675869994
10.1092413802809
9.3889675869994
9.13606382192358
10.1316337630091
8.67392224129777
7.44257099172761
7.25013140267325
9.19788685816857
8.56131644690984
9.94809168940217
7.64707456193688
9.60932689521168
8.00292812810147
8.52199431874585
8.29722089630309
7.19278480449031
9.36862530601908
9.94809168940217
9.37594834372182
10.6339347021135
8.54985502805946
10.6475507006498
7.85682124600045
8.30175099511661
8.1206988189891
8.13126031950583
8.4917964215981
6.93658086315921
8.22664433889364
10.2414660576676
9.06120207285367
8.30429409511901
9.36228696381123
6.29721349777949
10.007355138036
9.11957928503282
6.86033528202034
8.63052805815817
7.77635166199495
10.404966320226
10.0512903713655
8.66967200402025
10.0608901496564
10.1049911430034
10.0608901496564
9.54014316805273
9.96597065287036
8.66967200402025
6.77656129065196
8.4917964215981
10.0512903713655
8.12896922616131
10.9315997690106
7.30475281394912
9.26700514722393
8.2538267131635
9.15876073929657
8.29297065902558
7.27332634204176
8.76122689563108
10.9315997690106
9.73860399526977
10.8848332871755
7.74045491824276
10.7992150070591
5.58110315967811
7.04043789813034
6.36810370545602
6.15484327665567
7.09971630827251
5.81766230448331
6.32696327072044
8.33280647014381
8.23640905744735
7.27183630233727
7.77020469118369
5.9685351529331
8.09994281339015
7.34063103890299
5.17651192940422
7.47449175081281
6.59857042994999
8.96319969908936
8.74571002368447
7.51107369184207
7.57465028112666
8.97975286188892
7.57465028112666
8.57359002961969
7.9981324207423
7.51107369184207
6.3044925370645
6.65702530948543
8.33035603873083
7.09677522833169
9.77421346276673
6.51485831336512
8.47711064663994
6.48415074741232
7.83443808129739
6.54617043802518
6.06056855591856
8.23640905744735
9.77421346276673
8.56082276322479
9.42019092128806
7.41177657339636
9.20884114405822
6.70368704732161
6.29020590731213
6.39530858652582
5.56805720343247
5.96203912780643
6.24330968631506
6.06991531970371
8.27258333972739
8.37639584915637
6.91431949933737
7.95584773895403
5.78507551044768
7.07649677762946
6.8201201509373
5.72644195864267
7.09153719822933
6.13352601706028
9.1249342048983
7.92552803060953
7.38582996643095
8.54610494345916
8.8290713868942
8.54610494345916
7.84797154705677
8.84196776146327
7.38582996643095
6.12103289457907
6.4047301265935
8.35756091980063
7.26911181282453
8.66792169601545
6.35898228707006
8.32123462034487
6.68697707361443
7.23390204387903
6.98126984181605
6.11828069787747
8.08053303115227
8.66792169601545
8.09577835033511
9.34965234950824
7.22831693091094
9.37296774992462
5.85216634638099
5.1606791974704
4.37869965888688
5.30050378344116
5.27520341675179
5.39178898537444
5.05712564125712
7.33876074733274
7.25275201821013
5.34040157048552
6.50036706172038
4.74629919646076
6.87191985260694
6.24727214918827
4.6662539806159
5.56556445265797
4.62186831609108
7.71335505855897
6.78364299094877
5.86354482494603
6.82741640136779
7.30678624540929
6.82741640136779
6.71844483721503
7.71312937921667
5.86354482494603
5.08225658059216
4.83251241796471
6.34095199216169
6.14546798187826
7.91368462142148
5.0881792950661
7.05043162834091
5.35670844549016
6.09379713379638
5.58026889571764
4.63388953761953
6.80973003914832
7.91368462142148
6.58412064936587
7.9708387649946
6.354556125568
7.84140796169179
5.98851781855593
6.08355773453264
5.66876313462132
5.55711314810007
5.67928276288094
5.05712564125712
5.69148149611061
8.29145846618083
7.19021180409846
6.18777404743287
7.34773953866774
4.32228551185805
7.27599919873609
7.09404249410451
4.73466677634529
6.46073325438379
5.65352941065039
8.36122001974325
7.31375128797131
6.47495662021818
7.640615246187
7.91819804068145
7.640615246187
7.5174188573528
8.08363722524881
6.47495662021818
4.69906920216638
6.07417743688955
7.63101546789613
6.12375407394354
8.76045496633772
5.06209224686655
7.02434458014137
6.38836954004948
6.94056747871261
6.26610061305037
4.82139065767397
6.78364299094877
8.76045496633772
7.6157817439252
8.86600756672041
5.76552693232127
8.58561420404391
6.1449026787533
6.2426680019645
7.04840133441972
5.3934404501298
6.56029289095421
5.91362814827985
6.39651294870956
7.37800616531359
8.5200376107922
7.10832935243543
7.42769567126968
6.22532953084457
7.87038667005675
6.84076451584832
5.96442732393985
7.49030529402645
6.66028916103487
9.24348778234034
9.01065366769454
7.7748086122935
9.19664600066233
9.24348778234034
9.19664600066233
7.57465028112666
8.75395500187525
7.7748086122935
6.36871993958563
6.56029289095421
9.01065366769454
7.21687036600929
9.45255762730127
6.59220394289301
8.55445627616782
6.35238590392071
7.04724638537248
6.61973397532483
6.77137344577137
8.5200376107922
9.45255762730127
8.62254149430969
9.45255762730127
7.66857095130782
9.76899505739076
5.68030953693426
5.88413201040806
5.66876313462132
5.86532142972173
6.07417743688955
4.61443464247005
5.90449811820448
8.09203274205624
6.74752080531139
5.87050986750805
7.13472291657386
3.87959451307097
7.6708938727447
6.89461676997993
4.49753401303478
6.20233087320868
5.4163966473399
8.12773821859584
7.63101546789613
6.24147481907077
7.640615246187
7.68471623953403
7.640615246187
7.12252418334418
7.6887425512402
6.24147481907077
4.35894230594343
6.07417743688955
7.63101546789613
5.78362717772058
8.51132486554128
4.88713382924058
6.84938616251539
6.15123677673899
6.74114175458802
6.0700047128371
4.82139065767397
6.34095199216169
8.51132486554128
7.37864898061471
8.60760518554531
5.3228359335342
8.37894010358971
6.93291861119151
7.19863721301184
6.8206202974739
6.4148275483487
6.80880947272267
6.07594635595328
6.60605465297582
9.11935368464361
8.2274218848632
7.33963121028546
8.36656025336388
5.45181222169975
8.35992708508319
8.05275833134223
5.86938803748735
7.60083816446646
6.71880298868302
9.35416576876821
8.45944324071545
7.61506153030085
8.77533650732908
9.0583029507641
8.77533650732908
8.64694556719453
9.07119932533318
7.61506153030085
5.82859591200812
7.20370414673128
8.77893154380646
7.1602718659842
9.90055987642037
6.21394940971915
8.17226065605171
7.19627803985156
8.08067238879527
7.21050140568595
5.97324782052655
7.93155906685909
9.90055987642037
8.68105532195784
9.85895331574537
6.89505364216301
9.73130615678805
6.32569879072829
5.14087922890263
5.82446315625371
4.61443464247005
4.89771057169845
5.86532142972173
5.55239996939886
7.31896077876498
7.9604408364146
6.34347406906527
7.43833238864919
5.13048130032264
6.99564138986212
6.81368468523053
5.07184774851762
6.51784482418893
5.55983364301987
8.65132038548778
7.34402449074145
6.81213759239055
7.97779621835935
8.2553790128538
7.97779621835935
6.78364299094878
8.42081819742116
6.81213759239055
5.37432168504897
5.34040157048551
7.78671548952853
6.79900655682614
8.48009715746373
5.73734472974915
7.69959706302397
6.29467377241897
6.08457536546953
6.51823422264646
5.55516652407799
7.5174188573528
8.48009715746373
7.52208597629469
8.92311913652554
6.5737227207859
8.79368833322273
5.97387307149194
5.47867058730189
6.39459967911487
5.14799092080786
5.8361181712861
5.67779760943665
6.22548334144819
7.21373015810244
7.59597981971084
6.47091959313936
7.22603376312436
5.38597945909935
7.66872476191144
6.66973490858696
5.16304400834309
6.83885124625364
5.85890584543812
8.30208564675582
8.35685201238968
7.06241169648112
8.5479327412205
8.50565311694437
8.5479327412205
6.83666859296227
7.8272543501843
7.06241169648112
5.52936986784042
5.8361181712861
8.35685201238968
6.30574779846739
8.80110357952845
5.85422225472863
7.81647458800344
6.15072399577541
6.43983448291842
6.37428444600289
6.12530304693914
7.80916628037812
8.80110357952845
7.82115817871293
8.52311618727932
6.82922087956261
9.11469475528744
5.5165147102861
5.50690374653462
5.31710725847452
5.40754314613334
6.00543857562812
5.28524017981265
5.14799092080786
7.28418023262969
6.88829100150636
5.39342717249901
6.14854134248404
4.99342202947537
7.15833193692937
6.11390057278563
4.75745024044136
5.92082357010687
4.95965967449034
7.42397695839534
7.27935959174934
6.25464193766976
8.00034255903121
7.69788335813302
8.00034255903121
7.00598899730431
7.11956553197981
6.25464193766976
5.16412850603965
6.00543857562812
7.27935959174934
5.61575605760738
8.24526924372714
5.43957537812135
7.40182771139616
5.25147782482762
6.4596344514862
5.56651468719152
5.57771286474985
7.32637702977068
8.24526924372714
6.92191200776515
7.58648411539739
6.59270565922829
8.19666707914067
6.97210874934273
6.95014248670127
6.83771061984504
6.85794263388962
7.25720667926361
6.73563966756893
6.95745748728261
9.00086111521951
8.9638458077988
6.91403053386952
8.02767815402807
6.27740549170156
8.85392311511875
7.81463051754056
6.11397453569647
7.32466411426331
6.40777567838962
9.49953176468777
8.76830217222144
7.67058966983189
9.25476658142752
9.11383109029514
9.25476658142752
8.25775710093978
9.19777625703309
7.67058966983189
6.44811196826584
7.25720667926361
8.76830217222144
7.65120303665061
9.6492137018977
6.69134348175683
8.65359581503164
7.03912729498143
7.85289679540171
7.27132562445791
6.82948096838533
8.57814513340616
9.6492137018977
8.37002801166444
9.66469484045066
7.82463385689335
9.59258534181702
5.58110315967811
6.85277518858203
6.35815631028508
6.15484327665567
7.09799881637266
5.81766230448331
6.32696327072044
8.33280647014381
8.23640905744735
7.27011881043742
7.77020469118369
5.78087244338479
8.09994281339015
7.34063103890299
5.01948152073984
7.45793858801325
6.44154002128561
8.97975286188892
8.74571002368447
7.48932597774216
7.55544142195523
8.96319969908936
7.55544142195523
8.57359002961969
8.01734127991373
7.48932597774216
6.11682982751618
6.65530781758559
8.32040864355989
7.09849272023154
9.75766029996716
6.51485831336512
8.47711064663994
6.48415074741232
7.83272058939755
6.54617043802518
6.06056855591856
8.23640905744735
9.75766029996716
8.40379235456042
9.43674408408762
7.26633077914256
9.20174000321779
6.20884385104645
6.29770886189044
6.02984905121792
5.51590500594438
6.45906054566136
5.7484664900399
6.01776312221562
7.77774014345223
8.16721324300391
6.9609186619326
7.46100454267887
5.71167662894136
7.02434458014137
6.32527695466214
5.68367537802028
7.1659217179402
6.18597631712468
8.9105570474455
8.4347923832798
7.42958218525788
8.18318211332355
8.90345590660507
8.18318211332355
7.93465175890842
8.63023346462008
7.42958218525788
6.04763401307276
6.01636954687429
7.99210138449273
7.02929690578812
8.74230621572632
6.44566249892171
8.40791483219652
6.19213387733927
7.27765426270595
6.48642664554089
5.99137274147513
8.16721324300391
8.74230621572632
8.1482286503995
9.13527519205544
7.19713496469913
9.441765226974
6.80200091260819
6.96107441935297
7.14000695868703
7.05764359959508
7.45162552396906
6.11260315003867
7.24887070422221
8.88179089098475
8.26407867894859
7.28017879567749
8.31327304886435
5.48846901578515
9.00274313632956
7.97936790583372
5.77949973647017
7.56237972305905
6.63234597936008
9.12068396762079
9.10225929196184
7.38157972915343
9.02325788456685
8.82482114961669
9.02325788456685
8.51602786861122
8.94028162674987
7.38157972915343
5.0091212229127
7.45162552396906
9.10225929196184
6.35741679920353
9.82716945091186
6.01666053908231
7.97891287235713
7.15223255578266
7.8431095951364
6.97701960453854
6.25736212827491
7.96821586094448
9.82716945091186
8.5945983126349
9.79440883457764
6.9317104362484
9.30468811656617
5.53211796270498
6.28751081278886
6.14959425758409
5.66316708089547
6.05379417754381
5.76867710751019
5.85439418552258
8.36639234458065
7.94636758561303
6.66860517039564
7.84648991408706
5.31044293164281
7.55131059532842
7.28548194667712
4.38561808791429
6.82579264708754
5.80767658846005
8.63842255324278
7.68826270263418
6.88781233770039
7.36598647981658
8.33105375816365
7.36598647981658
7.93972659679414
7.67335527489572
6.88781233770039
5.64640031577421
6.49648517633089
8.11184659085891
6.79447923401965
9.12270529151434
5.88099488053957
7.84324721381438
6.4433166997886
7.23120694935577
6.49718524105204
5.64029329134697
7.60254562462178
9.12270529151434
7.76992892173487
9.09541377544148
6.91869986075005
8.56959406229208
6.29993792828785
6.95849702158038
7.20701493574485
6.4970572317533
7.47624696302939
5.71718526079387
6.73302914878405
8.25086559359384
8.13421452185806
7.32900691860002
7.81121006454401
5.83160494333153
8.50068015200923
7.45300379522479
5.93179986392607
7.59195516006968
6.77423471921888
8.49709120727376
9.16926726901966
7.03551317806734
9.10016661768258
8.50419234811419
9.10016661768258
8.55445627616782
8.71696718935203
7.03551317806734
5.83160494333153
7.47624696302939
9.16926726901966
6.66034080051086
9.86483850498862
5.61239794785185
7.57465028112666
6.6233618707691
7.76307540498835
6.08006194620958
6.29579053583151
8.15342338102949
9.86483850498862
8.73648705249369
9.55420749334449
7.27484636379479
9.55420749334449
5.57589137312401
5.55535997678989
5.40373414654177
5.46691980897125
5.85754690561959
5.34461684265056
5.53211796270498
7.67086685421659
7.52230732075341
5.48005406056626
6.54081953373057
4.88638266678318
7.3550633234042
6.41302949238126
4.80590647069663
5.91442614037837
5.00811590474562
8.05799327764239
7.36598647981659
6.27092989618787
7.85245088902268
7.71417131665114
7.85245088902268
6.85809732729577
7.75358185122685
6.27092989618787
5.05708914334747
5.85754690561959
7.36598647981659
6.20516806159291
8.24689800949287
5.29168370811282
7.25393604138765
5.64375601607415
6.4532370217577
5.88030279953954
5.42982119474132
7.17848535976216
8.24689800949287
6.97036823802042
8.22050043464445
6.48566629653611
8.19026964941219
6.06756756888421
6.29770886189044
5.59318908868041
5.51590500594438
6.45906054566136
5.60719020787766
5.58110315967811
7.77774014345223
8.02593696084169
6.5242586993951
7.02434458014137
5.57040034677913
7.46100454267887
6.71114479015082
5.54239909585806
6.7800538824515
5.80010848163599
8.54048453437424
7.99813242074229
7.04740195385563
8.04190583116132
8.52127567520282
8.04190583116132
7.93465175890842
8.48895718245785
7.04740195385563
5.90635773091051
6.01636954687429
7.55544142195522
6.88802062362588
9.12817405121501
6.30438621675948
8.26663855003428
5.80626604185057
7.27765426270595
6.10424641413863
5.85009645931291
8.02593696084169
9.12817405121501
7.76236081491081
8.74940735656675
7.05585868253691
9.0558973914853
6.04318074090774
7.13271619223041
6.90246142358627
6.31487902608215
7.25975205769898
5.13841216089104
6.42847563662547
8.42508476424388
7.55544142195522
7.0722497312199
7.5544528771639
5.2528318434287
8.20918643576783
7.30878503427062
5.67504267654596
7.42392144384265
6.59390531085107
8.89920566932755
8.86471375686109
7.43762764012113
8.85946502848999
8.90630681016798
8.85946502848999
8.33873110503756
8.46021000197192
7.43762764012113
5.73217963630116
7.25975205769898
8.86471375686109
6.56091549348049
9.73291543617523
6.10334075093395
8.06559308420877
6.44303246240128
7.90954720220994
6.48217640826336
6.05508894663892
7.57465028112665
9.73291543617523
8.55615764412589
9.37907263627702
6.69607326389197
9.58003167712483
4.70529992202079
6.05139187298528
6.18008664004395
6.04648141684463
6.63088649638745
5.4957122764183
6.01097030237727
7.82866835908033
7.09876309811201
6.25640655406843
7.01152072405345
5.20389412608102
7.79807130313275
6.65838869923629
3.89447085887194
6.48076337784519
5.50081797702967
7.86590098228187
8.14233897331876
6.69656596155631
7.27935959174934
8.13980738201955
7.27935959174934
7.63143691806363
6.63310112277372
6.69656596155631
5.37460060264529
6.63088649638745
8.14233897331876
5.82622815421304
8.78975737017777
5.63655712477505
7.59880945804986
5.79263612736695
7.00412257793685
6.00843871107807
5.77469461140355
7.52335877642437
8.78975737017777
7.46307031030449
8.23944824093144
6.80317775583396
8.34250969087315
5.94124561147817
6.24380009837057
6.46903324758046
6.06394499288304
6.75207224336127
5.28407302192361
6.29991690991379
8.04993518748228
7.21187422267654
6.69740357774931
7.45251774773434
4.99225487158632
8.08062770905615
7.13275856715245
5.13041654832931
6.9917196817773
6.03302875095429
7.57475090809225
8.43128558085527
6.44841975721778
8.45145335824074
7.89166117768103
8.45145335824074
7.81647458800344
7.79462689017053
6.44841975721778
4.99225487158632
6.75207224336127
8.43128558085527
5.7686328022133
9.26412723809393
4.87441625968746
6.83666859296227
6.32484690129158
7.17598198413879
5.80805602178685
5.55780884766713
7.4154416928651
9.26412723809393
7.99528108422911
8.63706174546333
6.43549629204958
8.9539720150521
6.04318074090774
6.9450534826821
6.88325256441485
6.31487902608215
7.25803456579913
5.13841216089104
6.42847563662547
8.42508476424388
7.57465028112665
7.05436699641764
7.5544528771639
5.06516913388039
8.20918643576783
7.30878503427062
5.51801226788158
7.41682030300222
6.43687490218669
8.90630681016798
8.84550489768966
7.42533194798035
8.85510467598053
8.89920566932755
8.85510467598053
8.33873110503756
8.46457035448137
7.42533194798035
5.54451692675284
7.25803456579913
8.84550489768966
6.59694968503959
9.72581429533479
6.10334075093395
8.06559308420877
6.44303246240128
7.90954720220994
6.48217640826336
6.03588008746749
7.55544142195522
9.72581429533479
8.39912723546151
9.38617377711746
6.53904285522759
9.58003167712483
