21.8851514213797
18.2291324151014
21.4802485149898
19.8672813175813
21.5014513426125
17.9186643893387
21.3360618596228
20.8376708382536
21.5408753501122
18.0405505856424
20.0509169876163
19.1708657415778
18.5988637589678
20.1886274804284
19.9648297384732
19.0767574748745
21.4762955020336
20.6914373896085
22.3657023992047
19.5946025176495
19.6008946601252
22.0928452173352
22.9217756064759
22.0928858965433
19.6127948596841
20.7787035100151
20.4968642854668
20.6204171020153
17.1610145780517
20.5599894746192
18.5512613496445
21.8305872418344
18.272272777493
20.0484449595566
17.7795528182786
18.7397851141274
18.260921549348
22.5909325468478
21.462127160066
20.7069991302871
16.837873080422
18.4048696337895
20.1889399484983
19.0054424701143
20.707714695091
19.2301586314762
21.3278823858633
20.2674684017574
21.0975865623244
18.6084168926453
21.9240079659642
21.6731482698399
16.8400643280807
21.622814100931
18.7601762195162
23.3503833232356
18.6513091835645
22.054276878437
18.3937283601028
22.3022908074563
22.4291231134194
19.9369004122196
21.1924211521157
19.3621136110359
21.4769869640773
21.6784285600582
22.3141458920588
18.7743483204953
21.9761479776231
20.8637821371996
20.7357300260799
20.2649376205601
19.8180517107493
21.6173524392772
20.9412074500601
22.3446552107147
22.1231230402554
21.0575182330235
17.9399857393088
21.1721440351526
22.9572136017764
21.243114359114
21.4793951282599
17.8199205367063
18.0564538030866
17.1486343741852
21.1522415317254
19.2376350309066
20.9118031080037
22.921389091407
22.4219715733483
20.4917328876798
21.2870215270983
20.9827035994846
22.3896486223071
21.5588259917269
21.0528148217995
22.2981884244384
21.408255891926
20.5504498388723
20.4229575314192
22.0310754370296
21.4405144065471
20.5096710319026
20.6769010156306
22.2790275418131
21.3761480579304
19.9817800231841
22.1988010896937
21.1641722136932
21.1323324828946
22.0061697914826
21.9051553070318
21.5440020577446
22.6015230371337
23.6165453706378
22.0777286905408
22.3841930271079
22.8559686324895
22.6427651591885
24.5029746114807
24.5120076650242
22.8663160728244
23.7960089310962
21.366650539139
23.6991667284984
20.8775080941258
24.6366621670683
21.2731291922502
21.3339689307056
21.8580056968268
21.069516249983
23.5276864100544
16.2148394027633
23.1133852688699
20.9312126808644
22.846169420268
24.2910103066459
21.5009661299079
22.9163518428328
20.1812009801173
17.7351682266268
22.5188076070635
21.1993380288857
23.5664560515553
23.2934051136793
18.8074874532878
21.7667026469051
22.9636992187669
19.1507180826534
18.7768711458649
23.3972302120355
23.2160108432197
19.0768266307556
16.5408662218011
20.3273243396787
21.1436472729462
21.080167325946
20.2887825429124
21.9496613531118
19.3612119254221
20.3682092363504
22.2251365406055
24.3387602040484
19.7655044028727
23.5299209400252
19.8447503396185
21.5959794507276
23.1350609046634
21.1574967355754
20.0192754865714
23.796060525089
18.64600430261
19.6070408172643
21.047534458067
23.4861340710177
20.4333585355511
19.2617921322638
21.6414702915605
16.2863743000829
22.9412371619239
19.5280101986767
21.741880900764
21.7939341094802
21.9001318364192
22.3935813864443
21.8159730668054
20.4039887889821
17.2088008206334
21.6650872523991
23.2794381922492
21.1006120150449
21.6808160855523
20.0449224998441
21.0027470525737
22.3908262199671
20.3404817529383
21.8587511535588
24.7180498077501
20.4445146523101
21.3232993131373
20.7936800806839
20.6198048834484
18.1792496759188
21.9076606865546
19.6815292611478
20.8889234793455
18.5927266629114
23.6769891464093
18.7463380319484
24.2446465781761
22.5972671937644
19.5428670779395
23.1365390733928
23.1026042838307
21.494203724329
21.6853076300673
21.2711545128964
22.4869454939147
22.0270915152199
21.9667423736175
20.9440755685026
23.5688702895382
20.8151078632968
22.1776041532309
21.947133521428
18.6341711937945
19.1740718449809
18.9019584609719
17.9032384009267
21.5416106707711
24.2824974654236
19.8966363650783
21.4143163271747
21.1181177354929
19.8049088485638
20.3918531052558
20.0365307317277
20.3680448774624
21.3772328767963
19.1039429763816
19.3192055916215
21.0278850620845
18.4528934710171
16.7460122211277
21.9750169377129
21.0520685102797
19.0994761873159
20.9035566288634
22.9692988794283
19.6288218643421
19.0089579519727
20.792070175433
21.8989812753729
19.4538752832903
19.2954029463295
21.7055065091157
23.5421620240708
18.0280325784789
24.5739373665812
22.1960873209212
18.9581897137856
22.5971086682725
19.8856246139302
20.7365807622766
23.8203264118261
21.7388183828641
21.0766244421811
22.2488403941089
19.153563697356
20.6009844095333
19.8263513209349
20.4719310159784
18.8196646834563
21.1027288040243
15.3672828243303
21.6666352594196
20.520337273077
20.5907057608132
18.7154139712798
18.6975900895067
20.823813773142
17.9185234582046
20.8782180358498
21.9900328159085
18.7313963732703
22.8282066321598
20.158815622955
21.2481678378573
23.5577572772296
20.1467534337669
18.9868717697819
21.6410441918424
22.0977559559398
21.0690571021849
20.6167802735659
21.7784691897373
21.5246456180406
21.7628315705836
19.5186803101582
20.891178493535
20.0682028879089
22.6464888661101
18.9532415412566
20.9991676761882
22.9731722845053
21.3550959959205
23.7020173017205
19.5898301672549
22.792516567637
20.6352071142889
21.1330352304913
21.4175955481882
21.1577875064349
22.5050275148122
21.0004047420971
19.71093210713
17.9192895860176
19.3778737118456
19.6406389249964
21.3668996734382
21.0362893488438
20.0315628350309
18.5785207630047
19.7908986167935
21.9276520660998
21.7087844627323
19.4454555149815
18.5564674926159
20.9601696770177
19.9827670166237
18.7785019735695
19.1277597801054
21.6304200783437
18.5198401913136
19.7492703626584
22.1093598512951
20.5686333330627
18.4414899464892
20.0800106827284
20.5458828608817
19.0976115956744
17.8989948166899
18.1575651572568
19.8155076044077
19.0360498703735
20.5575888068982
17.4197240295176
18.7461808898214
20.2089622765557
19.1526251553187
21.6762919973478
19.0089317238695
23.3443054407179
17.2820093809181
19.1744584240635
22.6210607985515
17.9012715226509
18.6836075312511
20.4957990758447
20.2339350925737
18.4540846430706
19.4712952465418
18.663977400789
17.7240823714076
18.8540011142959
18.0902997442719
18.5139266147091
20.6545194644509
18.6598929329018
19.4024669634316
17.9412135152065
19.4084854669451
18.3867287838506
19.0197765923746
19.2421837999562
19.7156277496619
21.8128677395902
22.1702347261563
17.4191994631287
20.1616369788531
20.5239003045315
19.445362196544
23.864147308162
18.7142856806614
19.2364556187223
21.1098295736516
19.5597000177914
20.975127640281
22.1625707984616
22.2201655096196
20.3633657209306
19.9818766214615
20.7172637986979
22.0737894521881
20.5434426903369
21.0408418864422
19.3240101900985
19.9783851312851
20.5197738354816
20.8375240095703
22.4305085154907
18.467141516684
19.7607699854691
20.7058031169996
20.5750889525452
21.4889314287654
18.3062681716386
20.5029532763847
18.8452748652554
20.9453430958146
19.5477367562971
19.3790162952363
21.8002074153388
18.5784459446621
23.8680335154852
23.0190382992078
23.7634078121025
18.3737156303998
25.2610183445149
23.8609374230071
22.4498163340111
20.7376468414162
24.7858075964866
21.3616006905127
21.0444923115087
23.0466767976394
23.4471486670962
21.1247984323287
23.7598480940877
23.3560643634791
20.6178479963855
20.2855670031703
21.6824247673626
22.7627849845701
19.5665744885265
18.2049214023678
16.4030954572859
21.7232109953073
20.2822883274789
22.770364813009
20.4924081019494
20.0725553199156
21.9726474826285
20.9428791152111
24.437492835396
20.329762630053
25.3373043531491
19.9756389079504
21.4343715593899
23.4084924470889
20.4966060869937
19.6511530501309
24.9061180877728
21.247865627661
21.8061267248362
20.5534148630994
21.0599874035349
21.2001770596564
19.7935669866021
21.8303188413556
19.5539384125327
24.4333008809543
17.919477766663
22.1570883518646
19.5505732255477
21.2110089053241
20.5362262264606
20.2325446199499
21.8178845565545
19.505133349725
24.695673169045
23.9029788330161
19.2428402669422
23.7404636193867
21.2722750194877
22.5050933046146
24.9963219550612
20.2205988288511
21.187631175558
21.6924019135125
19.2454282623221
20.9411874782858
23.4254382695594
20.7628968431588
21.9112668108165
23.3640341169704
23.4835220643784
22.7499130828434
21.8787468212414
22.8066292910368
21.8581146176966
23.7799515901525
23.9564497900567
22.4912780359862
24.7497399175412
21.9484151316691
20.8659265442242
22.6250516204239
22.8688968251687
23.4074400543232
19.3556999336485
19.2249342185924
20.7174923395077
24.8887907371213
20.9406480062418
21.2367613421193
21.5929330085039
20.9577525816846
21.1196677142987
22.055854483449
20.6374542811095
22.2837549666549
23.8246707159952
20.285560990053
20.5859273254709
19.036756459889
22.3639779044287
22.354833000702
20.8050063415247
21.7869758635923
20.6683169441138
17.6858009998814
22.0501937517795
22.5198109302026
20.2882928553708
20.6632744409439
20.0173669506974
21.8695065090315
20.2601105974783
18.6806175432336
21.3847561223591
20.9380226372394
18.7394105131376
21.9011989346324
20.3076089833814
20.6294582482796
21.1174468103247
19.0487097166241
20.5404820641594
20.8008511772875
23.5588407690111
18.4760014349807
21.2119607650323
24.9105202303275
20.354597435734
19.8584454161635
19.2835800672986
21.6075618347562
20.5634783477441
22.5910363506635
22.2434495659755
19.9169641571919
22.1062900376908
18.5925954819313
18.3096698458776
21.5698896492573
17.9759167637858
19.7684358444693
17.597813401409
19.5669972392661
19.8217592518133
16.2494588534528
20.0161762676293
20.897477895327
21.3777007980357
21.3895772539102
22.1862394994955
20.2041041959377
21.1247921894755
21.953080116391
21.9030372120355
21.1942281619855
20.5029842238297
21.8178419134192
19.4832367012435
20.9473983864969
20.8309508400677
21.2359551069568
20.4946363599786
21.618429949573
19.9206695855949
19.2364707015972
20.6926564310337
21.1859001542149
21.5482813412371
20.7085753895599
22.6087639248683
19.7218293027452
20.5217913126921
20.0681004541094
22.5573854761467
20.9124426140466
21.0037268852514
21.3295152306409
19.1229086049528
20.9142013359287
18.4772577460372
21.3479724759374
18.6679568953557
19.3144812082925
20.8844305687741
21.0572902630396
22.954676739555
18.3563020228419
21.1442200416386
20.8949726113835
24.8180537771495
23.3055562787946
20.335976670952
20.0527593620597
21.9384248822249
17.6671066177279
19.736436793732
22.2389102027178
21.2039185857284
18.1625203131156
20.3240376972521
21.4623031948662
21.7267708420354
21.113866025895
22.8174892002459
21.8090488434761
19.3331127389144
19.8672123025799
21.8324227804202
19.4986688138318
20.4303166380902
19.7633812729504
18.7081401838253
20.6062591404886
18.9439653446707
20.3070283687666
21.0611055138832
17.0669612167596
22.5496689966804
19.1306284487364
19.7239002207469
21.5040880491535
19.1726824266927
21.0576361875656
22.7403595013795
21.9887891286585
21.0256137020282
21.1426569790988
19.455335708343
20.3048542840137
20.3876667619394
21.8246525928605
20.5212918728455
22.6502652914399
19.5564917809342
21.8102897275254
17.6947810881305
23.0324860414112
20.8611179854285
20.1338099896487
22.1255710953149
21.6756618433997
21.7230995970983
22.8203541652389
20.3100563088328
21.4956888985743
23.452397104031
19.0734275050398
22.7488644939141
21.9348754219305
20.4451737910533
21.8680043307495
21.3367262396695
21.0192251586508
24.8020957747678
21.542331113603
22.3347354238508
21.6132446586491
21.1574644211049
22.0597929400649
20.5816552814783
22.5453407674166
17.2394330318311
21.2963407984343
23.9363523534713
19.9636055907373
23.5299527049971
22.0320895281249
22.3426219074194
21.2056648993321
20.7243275623016
22.3652253418674
21.8609427126163
21.5144868955622
21.6046612222866
22.2767203686773
18.803029504532
20.6719937635209
22.4419543544452
19.7070884379262
19.0185307028165
23.0863948341833
20.7030281145817
21.1272634001138
21.4390620384555
20.6965402182508
21.6743624168908
19.9302265209724
20.0730059712943
22.6024459127516
21.0486699635971
20.4987689450552
19.6335321053499
17.3655351616707
21.510029038204
22.3572179416715
18.5125697937807
20.6039841027243
22.6377441330989
19.9352098623943
19.7967148309142
18.3835623550705
18.3442171832823
22.0167339306063
20.6021808207438
21.2722080111941
20.6947317038582
20.6546214433177
18.1465398785412
19.4287073949701
23.3719772884037
13.9453034556315
24.3815686746599
19.0857231751941
19.1739781288505
23.2114346130851
20.4247972342766
18.2875115886039
21.3967220139674
18.3315073529345
17.653544525563
19.1758185733941
20.082965057289
20.5885816828758
18.3279240396607
19.0701095398339
17.8522945634818
20.0057888633388
19.6232315429939
20.4742875237027
20.0470593440685
19.5535124070143
20.9953773419588
19.1681396140438
20.5404169413091
20.7865627539485
20.8533778568757
21.3115761990574
17.1883886792666
20.5515961403852
22.6583168858685
20.1197217113689
22.6455751742226
21.0587487742204
20.1666085961182
20.9951355867168
20.8465605622617
21.1348010329652
21.3176585003982
21.763661609932
19.9198616183156
21.2108170142625
18.4169081564638
22.2463570720513
18.8452058371961
19.8974405130544
19.4486845065514
21.5678953431729
22.9244180196406
18.3256693440085
19.2157432779593
21.6951475377491
18.6902194554811
21.302521070788
21.4988126072952
22.3751405806002
19.6270402766897
20.0961667045274
20.7683915368364
20.3751228649078
20.0497907157312
20.2261678851616
18.9437921014478
19.0970557854747
23.1357000854635
20.3353006057588
20.1083041975029
23.0803498490067
25.0895622603976
21.4948031840591
20.8028111215974
20.2407738580216
21.5354922064079
20.6615803118816
20.5310820513501
22.3949255545154
20.6889294253966
20.6715463134082
20.344704380731
22.5048287903896
20.6503938295329
21.2982458570572
20.3677215535347
21.66937659447
19.8071331451206
20.3484264951314
22.5548873345769
21.7674580036912
19.0654767393729
21.969402734135
19.4558319111768
20.7117850480602
20.4051827362711
21.4893546229517
20.8500155522074
17.6193276430211
22.8134239264956
20.009587878534
21.5599784848541
22.1221276666033
21.6589168692862
20.568340135704
21.6122426344204
23.7956427839105
21.1318553516389
22.3848153346973
22.0576217425595
21.9749062748727
22.2828688885532
20.6573864582144
21.7369164851554
22.3392825752312
17.3560652460068
21.8729809912485
18.753448434513
22.2551112035397
21.5026427351587
17.8162762795484
23.0846849203913
20.661081247411
21.4768228586965
23.1016497645989
21.3514428968847
21.8176641857515
22.6637440656683
22.3872483897792
21.5792765094391
22.4790734084556
21.5547314833011
22.1244600391667
20.5421074215096
20.6262206953444
22.543098854254
21.2812943754823
23.0382061603327
22.6689885970963
20.7390685461348
21.056874737668
21.3168602407793
21.6921535872301
20.4052075907893
20.0861804448327
24.2413486797875
21.4480756522621
22.849719389178
20.5507944375921
22.888448179299
21.6318913298576
21.5496938070333
22.2064061433675
19.2202253433537
22.3894627858672
18.8553120381616
21.66279708607
19.2747029047651
18.6114037342107
21.8172666181507
20.7508718089058
20.0110827055702
21.3131160307108
22.6014172556931
23.3169616423657
21.089693979746
20.2247769877795
20.5088597799178
21.2874067388855
20.9441433396469
22.8200662355898
19.785055800779
23.389318200932
25.2788957697533
18.831627403625
23.3998731709002
20.5018818773445
19.2899235177397
20.9867000412919
22.2642748864007
24.2900795296934
17.9727674448358
18.7597242706882
21.0212729506711
20.0293784750755
20.202054779458
18.9991350350566
20.8115086692071
20.4207713179156
19.6855682277221
19.0488202833819
23.0634102406085
19.3833237191961
22.6291580149389
20.1202229258474
19.4796994329198
23.1500199469859
20.10431917897
18.6132061509014
23.7004759469424
17.9917007576693
20.8561315598381
20.6566013713864
20.9539040603219
22.8886025670816
18.5310263533711
20.616448148289
18.5752159565166
22.0536097554688
20.5241707357073
18.9470703350832
16.4179867936186
19.8058648965834
19.0369867238596
16.420662570055
18.0257275605104
20.5611739060158
21.5811883378005
23.7161303744271
19.8563638426675
20.8847843993487
20.4747081882023
16.8985875878782
24.3519751556997
19.7160372885779
19.882166222845
21.9656643313141
21.0688895316177
21.9459670289327
23.4290833954823
20.675053899026
17.9348558829367
22.0992356820755
19.805628068745
22.361364986116
20.1285203838452
24.3506171756322
21.432893445403
24.4241629309846
22.1392919976274
18.9818148784653
24.556639680784
21.7179487382208
20.6152777646696
20.4036735387257
21.0207152769891
21.3488124463826
21.0535807166357
19.2915418136287
20.4206220296461
24.0566884208436
21.0965965972914
20.2976945656562
20.957306178782
19.2626114836401
20.3631879463925
21.6789464435548
21.8624276020265
18.7802661632906
23.0785370979364
21.911314017011
23.4926249875553
17.3023652760506
20.5652708877945
20.2811415767551
19.7177577896864
21.1583806970532
21.8378520141653
19.1293824621601
21.3134331202806
21.4127136258632
18.3010387178084
20.5460161258246
21.6287721399505
21.7308305494094
19.7864733918758
17.6200426675401
20.5441039703281
20.5731757576934
21.9783962729082
22.4204838973114
19.5873438564876
18.071973176398
19.063996986655
17.97422793656
18.7791741322782
18.0445578353348
20.444466075386
19.1944845116677
18.6041906214863
18.7939317689392
19.8463290159877
19.8651788474252
21.1169220877782
20.7806423932188
16.0555541710357
22.6705962526128
20.8171774025593
20.6987042990722
20.2234613031694
19.4910011646297
18.6852962862229
22.088107220401
18.8701211021655
20.7695468829553
17.6568522572876
19.5992008818013
19.0098758229197
19.1690643362385
17.484538216303
19.7502145786849
20.5031930012372
22.1579736320625
21.1079094303189
21.3594259053592
21.5324808433386
20.6933786330449
23.2992305159134
22.0074675636749
21.5133176506212
20.3802750901235
20.7938198019417
18.443062603593
21.5005351261398
19.160173882467
20.7669174062357
19.9832671943326
20.5603817834804
21.5980432601455
20.7777299762773
22.2984400450386
20.5304389798962
21.6659366432595
22.0346389952358
20.8334813958707
22.4220182579986
20.6446876195051
22.1152032403296
18.4773743602043
19.1998503983827
19.2605026719701
20.4707510020542
15.5350328883928
19.6175016351688
21.564416617727
21.3575872145733
19.6086681038154
21.6522972421862
20.1009966777775
18.7783356894495
20.6648091627143
23.2951355418966
21.7358571521311
22.0952188763022
21.5830493386871
22.7008613262583
20.8950909747049
20.9823435548797
22.2543460919691
22.3491715392174
22.4288018410893
23.2843969077251
17.3380943257171
21.1497410325015
20.2330788110198
19.8089377762264
20.6038274613002
21.0190267493277
22.2877129814901
17.5910039355602
18.0703558029192
19.9510884372866
20.6962692034023
21.1640298801892
18.7049480218373
21.5086442463702
18.3984232231572
19.490858128376
16.8130433837761
20.5090380430296
18.0881529254747
22.3435155893222
19.3046656484784
17.9341599017318
22.4493538765803
20.7056752284913
17.994288326501
21.5361918483478
21.4140927478571
19.2986498282964
21.1020528841728
19.7827389421609
21.1377827267175
18.5342561184666
19.5241574710363
19.932471705584
22.7822837875773
20.3736181403073
18.9550336970959
17.7591583551543
20.5826046249011
20.7561391387582
17.7681714917176
19.2836062604227
19.6245658026988
21.1640161980058
23.325602072611
19.4819134087819
20.9988098817092
20.6648568854931
18.3100947468744
24.0245855468641
19.6731358637066
19.438870993205
21.3249374374865
20.7736788969117
20.2885146492069
22.0907577234307
20.7080661041241
19.9467830704939
20.2171526112723
20.0462875826274
22.6653136018415
20.4031904117367
23.3992842987528
20.2684009652042
20.787921996423
22.586151363501
19.3923085538494
23.7973573954127
21.5664617867365
18.7154991052882
20.4919604970862
21.0263354232902
21.5638401290319
21.127349184493
19.8946754185047
19.9442784594697
22.0416996914743
19.2378849703679
19.486404528115
19.9989210855598
19.2163443657673
22.3641313016829
19.9389605633161
21.1514885735121
22.4952741047092
22.9682154077203
20.8848992916766
19.8904503116024
19.1523829851783
22.1643890307778
20.1634599822205
18.8956718855372
21.6319500996494
21.8342797579076
17.5731356282341
21.6339974198425
20.82189610415
19.9957264634011
19.8180314093137
23.6776686481615
22.2733003849894
19.5912603830075
17.9257761950175
20.873936677638
18.8211320301679
18.9633572230245
17.4081907348479
20.0777256121145
19.1551457030109
19.7340212476483
19.7511511886263
21.9561142506503
17.3405268848196
24.4398469460777
17.3072595166418
18.559343687873
23.328700179822
17.9314105336272
20.2765167147432
20.2443897119417
18.7218554165657
19.0999761392379
22.1995219739036
18.747204872631
17.9135215619496
19.0408231980437
20.641652968594
17.2438732814906
22.7869663959044
19.5553204647949
19.0948975094742
17.4271044397027
20.08996372459
20.9448337845187
18.7043728290748
19.2126737438577
21.735116846788
21.3568714369276
21.0792067631038
20.927366485641
18.6094198800364
19.8036730698932
19.1164979852369
22.6661215813336
18.237798642353
17.3838159215178
20.7405846880337
20.5891263018918
22.3972967285994
23.8670409513395
20.5118006758435
21.1625582465927
21.4463785723935
21.5735874057744
21.6421662400808
20.7072601639913
21.9527312039438
20.5941986735501
22.2434132652624
22.0675927964261
21.0526880162471
22.115879099577
21.5480741999503
20.7114935629436
20.8798754042092
21.182684095133
21.8242489184833
19.7069955511108
21.5846021713827
20.4901562704316
21.3503871886191
18.1072636473464
22.1422718342544
21.3521814668226
19.7971391042894
20.9476750651653
21.028857952225
20.9933146048901
19.8495744696635
23.4467340978025
22.9220726610632
21.0603041780754
19.9541001079574
21.124775394181
20.2699877160898
20.2661445145912
21.1722121277936
21.2584421774104
19.1101671898442
21.8726491443208
20.8987644188973
20.2625468928385
18.3994863663349
22.7749519964459
22.122856676651
19.1055162235516
18.0690254583504
19.5004399992619
19.1844628662789
19.7236122613163
21.3191813208407
19.3139241447579
18.2893681174368
18.6543321135198
20.00733350212
22.9237605225658
17.6813785913413
24.417273511113
20.3897007880781
19.1297054528405
22.3876799034257
18.6629602466569
17.7892418631607
23.0159523043353
16.2835690296556
18.840027369496
20.0612795574993
19.1037888956176
19.1458435232623
15.6278736445485
22.2099081560653
14.1501536007358
22.9300746654795
17.4629860389891
19.9575141039728
19.2452890404951
19.4747914865111
18.5362175562658
19.7277853279514
19.3139145218768
17.4708515318945
21.9478652688736
21.8905266039158
19.0014915797026
23.196108480385
19.6373199864648
19.5287727943497
23.0772578055096
19.832886104631
21.7282156199236
21.5962864537838
20.3728293102972
20.8198963245853
21.4277700381136
21.9899935915464
20.288590771563
21.0533145936699
21.4410005839098
19.9369977363952
20.0416555476218
20.5749186937909
19.0362199393034
21.2199047888793
21.6643463615801
18.857367632056
20.7297688935304
20.7751864673358
18.1506259427664
19.5895367118281
19.6331598988037
20.4930756608143
19.8542750198704
21.235882033854
20.2285882963521
20.294886925861
19.5961944412076
19.5986650160863
17.8678067940368
18.9384069177382
21.9342972857302
22.5974372969753
18.3513626563405
22.5307318459313
23.0014596865962
20.1442410671539
20.1423194800798
21.1000865850336
19.5697346520458
22.8779393558344
19.8227628927698
21.9738744422413
22.3556363067295
20.0429994985432
20.3120906130559
22.62307605924
19.0532813082121
21.2898489140751
21.1648053601507
23.3391394767316
19.787435900477
21.3881334916503
22.0141859858388
21.9152703256541
19.5039168440524
20.564339520314
19.6743182233496
17.9170872168291
21.2508447692718
22.5220710638288
22.7220642718546
17.6227699760517
23.3455973130195
19.0767611982218
18.8639253884689
24.3669463265338
19.040601646491
19.3005320861475
21.9056311619775
20.7686683343524
19.7606093438054
22.0612066746633
21.0081797005753
21.7146443890431
19.6895266819941
21.267191190154
17.9520295271748
22.1901544130162
17.9690074437356
19.4634124724909
20.6020976772377
20.5960905672805
21.2405540178721
19.3697352509355
21.3219107399672
17.1180483323882
22.0017055422155
20.992946703559
20.8303589874815
21.2945978044761
20.1899301118949
18.7197676001124
22.1709699209012
20.4193381976205
19.3418423553001
22.6546386237538
23.2666827280056
21.2975611234164
21.2535469461339
21.4012203634334
19.0613013422177
21.7080073020318
21.4990457916525
22.4169355936878
21.222644171112
18.9306817028884
20.1352525719206
20.984726303921
23.6568653764738
22.1025384368086
21.0945398557876
19.8925335724058
22.386866632603
19.7771313857113
19.901588503382
20.1469315767428
19.6466815139577
22.6478400389167
19.3306580677349
21.3761418270402
20.2665889381089
17.304805804801
20.6566564604032
20.4283553105233
20.8184366579029
21.5027646806001
20.9089583709633
23.0980484750234
21.4863605401694
23.2249114782823
21.9944725968712
21.1101711323579
17.9699899225247
22.4103004300588
20.9361895290956
23.5654216857553
24.3426649927786
19.4801771156266
22.5891592406131
22.0473660402042
21.27668018996
22.6432462060891
20.9904846788841
24.274798882907
20.33789159396
21.2855033378613
22.7464107111036
19.83788561819
20.5040110077324
19.932123134957
19.3690147556898
20.3477854887552
20.9079152050118
20.4747967623072
22.8886263862144
19.5789380171521
21.9645606744487
21.1280305415419
19.7649571572633
21.0178636861484
21.2157476323242
21.1697879792921
24.4072836698163
21.280646301065
21.4343869017033
22.3518984386945
22.2691942867152
22.636192864113
21.7094071439307
23.0270866747629
20.6551764633529
20.4789124594504
19.3493371767097
21.298294263351
19.7887879301509
22.1212954164754
19.494634606785
20.6946185340386
21.3051575011945
21.4141640814743
22.6125497914208
23.0900326108461
21.8421129096503
22.8026275932723
20.3402490592226
18.1619056553678
24.3527121358374
21.5072116133174
22.6574413449651
23.8466936156624
22.2476817662245
19.4870813865957
22.7626025277299
19.7280532005617
20.6573465608285
19.9585872360752
21.7372434939932
21.5683188371768
21.0495210324138
24.4392657205035
19.8400594289218
23.989220544722
23.5333010517266
22.647531295924
25.124630118655
20.8958159087417
23.835510934717
19.9618498934573
19.2539615248258
20.421701063984
21.000026068785
22.707518930762
18.8864860838881
22.085215428647
21.4343158817712
22.1831123679576
21.6534820906412
20.2674931288999
24.59898310142
20.5795161773465
23.6417321410451
20.3370607469154
23.5329849141328
23.4411577570024
22.0097513498797
19.8719259020352
24.6770113599572
18.0696276726687
17.6736099057212
23.6377270707145
23.6700058732455
19.62554732419
22.8257963870323
22.5205931361754
22.0536446459404
19.0054604447693
21.604040554833
23.7397372399188
20.2330807817834
19.0890643864426
19.5356059438252
22.1988388683169
19.6412657936021
23.3832685158364
18.4840806712325
20.9037601784241
20.5407372130623
20.4758479411118
21.8702966131471
21.8396654326382
24.9419483015832
18.928049349046
19.5785537231731
22.6554381040144
18.9102577299593
18.8228291062434
23.2306592025936
19.0359967345808
20.4876935989215
20.5150524200399
20.8331549682493
19.6671082366071
17.8302304997926
22.7438423247321
18.942477381702
23.7032453231945
19.2713198336553
20.1884116391399
17.7405137470441
21.5275319204512
19.6882549945933
20.7296105022572
19.6907229288378
20.9341979897474
22.8681951216997
22.2702210866112
19.650163129695
24.672525458851
20.1897323401686
20.430059193976
25.4995216749596
19.5393005886009
21.0775380068685
22.4982284432921
20.1641139477162
21.1095715956109
24.7488944009598
23.3836463652368
20.9272768549891
21.3147737492285
22.5852434280516
20.8557802101791
21.5362647344826
23.7411357246841
23.5704859256252
24.4542583449647
22.391246892561
21.7725421531252
25.2624665806259
21.9901175100027
23.511658784267
21.1753836900137
21.5842705914924
22.0726969133529
21.2521792024643
19.0704431204732
20.6997538116633
21.7841634144285
21.2084036807918
22.9185398429543
22.6818875227315
21.1163465789276
19.7628368900542
21.1187603457439
21.9005943217506
22.3989702511391
23.9248625727696
20.0741273687016
21.2743735956074
21.4190916080167
20.5476337164131
22.230705380696
21.617385497006
22.7734567520848
23.6408953309304
17.56239909046
22.7568881506209
22.4156333523608
19.8324430869546
20.307105843839
23.0023260721793
23.3703471229202
20.7099730845688
19.1931670458342
21.5270184087666
22.4817035317252
20.2583441567685
19.2455378526393
20.7982144180315
20.7976908119917
20.4285230865049
18.5984378973309
24.2773150521503
17.09901241391
26.4562304388611
21.0797713528418
20.7029428128061
22.2335755267167
21.687299085881
19.9998804424152
22.8456231147527
21.6372369884475
20.8528571748974
21.8671769140549
21.7250123462935
22.1825116674988
20.1229380554539
20.9781521804657
19.8920192520076
21.5590748651402
21.3293095970484
20.3405161960014
20.87332611598
22.7337463793191
20.1544360225918
21.2474140347955
21.1294606044375
20.8363514951435
22.041994454147
23.7672064790246
18.1219589549747
19.8272740961878
22.3035558641473
20.9055279965272
25.4948168853484
20.3677313452669
19.5963801396381
20.5409415774866
21.4090711288383
24.0807385890156
24.6874432502893
23.9183524256269
21.112667114296
20.604041950856
21.4251617797143
22.6446786224806
21.8342366239803
22.6528112012773
18.8706985580768
23.706540567354
19.2347725667537
18.7254414660238
22.3770512405133
22.5211879142206
21.9121800216375
22.1309095563821
22.3994315928826
22.961717414793
20.9183714691933
20.6894300772754
20.888942164245
20.9481883299718
21.2488179396498
21.9395096924767
21.9109149302941
22.7756824962392
21.2883491931541
20.5114930500246
19.5082969044033
22.7124131646863
23.1754633920688
19.5238763808968
21.1497211093421
20.6056933598776
21.7597410307816
21.6694206519362
20.4509277740095
20.9050098369359
21.8311705197638
19.4886793835557
22.8959246953315
21.7064946377312
18.5825157457415
19.3279259173272
24.0817856517049
23.566218680779
19.6687105869871
20.761289855261
21.8686508172063
21.9469308036614
20.5907850074126
19.1606847187588
20.8476098646029
19.7371071061597
21.4341912227213
20.6282468714507
22.7166619011574
17.999621574261
24.7512229094113
20.8695537479807
19.4768054064664
23.4171986060504
20.8978302339317
19.6234023742453
21.9521058116074
22.2857462649086
19.9594166780017
22.4885598963231
20.5694710508459
23.0484238874437
22.0395333823599
18.4796263796969
19.5425749353499
20.4069686793401
17.5646227046359
20.6145044743575
20.5525297682235
19.5747599743626
20.4152410637254
18.0248410337373
20.9966751252826
20.2691936983564
21.7204715867828
21.8822794988093
21.3453384752899
21.1092019565049
20.2224577524986
20.5133435273257
21.8296942790604
19.5906996572619
20.0010531285654
22.6171968285922
23.2404232752833
22.8802885731188
22.0772894218931
22.2385399284383
19.636475352826
22.8143813677291
20.1130351096106
20.255008142802
20.7110374097849
20.2563472111472
21.6572891324921
20.712988545291
20.8278026011705
23.6932828745593
21.4327475097077
19.3038049250757
22.1940056276847
19.5049422336805
19.6719114357993
20.4500811413374
21.7198831547816
22.0388096319159
20.6080290047872
20.4860542522117
20.5766790257415
19.3654877235457
20.740179147907
21.8886325628237
22.5228691917943
20.4478397057317
21.0719100666941
21.5642110874293
23.3404699101981
21.2917562210129
21.6811222343078
20.1759324615319
22.8276482067017
19.872451564345
20.1608435908171
21.3208596474392
23.2200389587155
20.4460582010935
23.5765337956915
23.7663562204131
21.389814980215
20.3408816995117
19.5388686090165
23.9522919419881
20.0221471385407
20.0755127820161
20.2678180833778
22.8952114558223
19.6509087644188
21.0115199033853
19.8191410303371
20.9303298402139
21.9239621560764
22.1194222656408
23.093403384671
20.1775061236027
24.6401304262006
19.859456565936
20.5178805389804
23.3953433967353
18.5326815121663
20.9100777526084
24.5625570536676
21.1196133653498
21.23017049789
21.0780500317454
21.4122377122146
20.7859642992894
21.0120820666873
19.9739231441526
19.222814641663
22.619134378944
20.2733892191207
20.9033060731542
19.4708344279633
20.9317600747393
20.4830604807823
20.1733126428172
20.5245862715459
20.1326300808111
23.7206983372911
23.3106259386115
21.4250341899999
22.573340908584
20.578031231371
20.8778650625926
25.1900718661402
19.7798307405118
20.7466277515272
22.6672501053354
21.8191824371807
22.1752043913536
24.2654377550612
21.5043486909849
19.381028616147
22.8744799299092
22.0956780863307
20.6729501535691
21.0782269132291
23.3265771829574
23.7868647541817
23.1856851182807
22.074402806991
22.7748015495643
24.4927590136014
21.2718823507904
21.5543132304832
21.071450479803
21.8178146668531
21.4443191445812
19.199131284021
22.5748417762255
18.1418651450683
22.698355871586
21.5838122228041
21.5967674288367
23.7911501409071
21.5728034542758
21.4816005531468
21.6699209038941
19.298263322244
22.3067605211747
24.7166421413425
18.1027618950971
21.2112285754634
19.409818569751
22.1128106524128
22.2727460703994
19.5079877860606
21.5810050840211
21.6756621575031
20.3253587576929
22.451667842581
23.8602788278262
18.1475416635667
19.8757358223984
22.9105428511529
23.544805630061
20.6382234285326
19.8200954114026
22.0710680307311
23.3292986752017
20.7911474533239
21.7902965466848
21.5503583772255
21.084253133522
20.6659712117813
20.5165851332282
24.1494158303744
16.2106306312483
25.924242940945
21.892874081522
20.9957762485815
21.9744630134747
20.4827677199322
18.4515576326208
21.5376604960956
22.0515007274637
20.3698396803884
22.961828790215
21.8102780784321
20.8392030667419
20.1586251242925
19.9594466194127
19.138742078542
22.1199387436999
19.4546340963335
22.7568016551614
21.632326953725
20.3406363176198
20.9988769628725
20.0154336927658
21.7135269346905
21.1342160489674
20.9559934976795
23.4543018980065
19.1584318197595
22.3541033972664
22.961873469896
21.0903382065686
23.9753553818162
21.7372765095459
22.3591672132418
22.9826820433646
21.3097259427523
23.4153151908717
22.7633077096741
23.0297437713132
22.0126246686183
21.9772568357592
22.0944890443164
22.9186054600125
21.7645189721682
21.6507267838941
21.3845081326067
19.1368127277949
19.1243388277082
21.5584234711775
21.6041242231474
20.9808541263325
21.6326801955173
20.7726333818125
21.6819256729176
21.8445130137582
20.6290347146519
21.3981857089659
20.8424131408131
20.8046613294783
21.0091581389276
20.6476653483471
22.1865768347766
22.286694532772
21.0001563373748
21.4854223686772
22.0315649898696
22.9954416886076
22.3486916413629
24.7204360777077
20.8071341364379
20.4356015553586
19.6771622934904
23.3487090409343
20.2513743916105
22.2801109987241
22.5981450070881
20.0667991512734
23.3777129177163
21.9406285845317
20.6084016403329
21.3181383431506
21.8166994163996
22.2907151346682
20.7842055469335
20.0919630215516
20.4902016309248
19.3940862743948
19.5716511551407
20.9891566286559
22.2431913351112
19.989628470784
21.1019837995337
19.6582191741114
23.8345660404224
20.9151248033709
23.160680369059
22.0949900207959
20.6016090186079
22.8996054131839
22.3274018662642
19.5566757157932
24.8522460865616
19.4200481698332
20.446303627011
20.9657530492685
22.3375480411059
23.2731171672993
19.0604680985265
22.1731836642295
18.2258679149063
24.0405046830642
18.0598698647451
20.5232484664472
20.5021550241439
21.2057770691247
21.2280665405238
20.595368101508
19.1000643619403
18.3987428539016
22.6777618240157
22.4591843024228
19.9012346278931
22.8782636636707
20.8981846456466
21.311321144947
23.9365153722726
22.2831040954902
22.7772070839425
21.9378217171387
20.4688232325947
21.0162561591512
20.6531653758764
21.4997475994078
22.8824214387493
20.859107608002
22.608543427593
21.2215238214623
20.7698443930404
22.5231976686158
20.1964546366497
22.6571094531885
24.0080699168798
22.1627727345169
23.4642781828371
23.883984908851
23.259496722975
23.1447655496339
23.7070266492916
23.4805638310964
18.7183054379758
20.7974822088549
18.8422786543394
21.8662029114292
20.5425486922303
20.1846848453397
21.2968052129264
21.5308775165779
21.6311516534923
21.4482238046448
20.6364004942183
21.6997507125931
24.7553515485024
21.6624347245984
20.1421281470112
21.9707419850708
21.2055366249258
21.8780612367979
21.2354866014488
23.9169164294365
23.5677549925871
18.9039296188416
22.0141498733038
22.8523588141631
21.5000117375986
21.06513749856
22.3051532430236
23.893379972044
22.2394094638653
21.9286679352562
23.6582090539826
21.530765005402
21.2217111305974
20.4395484567257
21.2910009405726
22.2960908538387
21.4242298514015
22.3767274318128
24.4558367056393
20.4097163035661
25.6721503367758
19.64517561194
21.1525356596414
24.9494779717395
21.1859359654238
22.5065127229399
22.5801831744649
22.2485790640334
22.0537458170735
23.7053095933332
20.5531725001595
21.7747408636655
22.5134451253672
20.0296197310835
20.070940510782
21.6962396585614
19.4896954199214
20.7856911889044
20.0175050200994
19.5228832176502
21.1149750456383
20.435537538571
20.0218863024952
20.0449493521698
22.1505070048882
23.3910777203605
22.3202014134376
20.0190425150736
22.2064793882542
21.2659798887991
25.9146684230538
20.6785954510324
19.0670175471471
21.117444564789
22.5948188138303
23.9874462719307
25.329858348599
23.8713560934689
17.9582291798055
21.5678695263328
21.6086975339064
23.3586594037535
21.4279689502477
23.81067346857
21.2637287775166
23.9870259413083
21.1855120851385
23.0749739116813
25.3723257941835
20.2063281796439
22.7290307117276
21.797395362273
21.4799230324904
22.1734928940014
19.5994536722827
23.8525866791726
20.1061791276088
20.6364626547129
19.2183100323033
20.8310226335885
21.4905614591141
22.6726529230046
25.5260098390332
21.4863884796032
26.0513804096167
20.3776490857916
24.80432371502
25.1791252101343
23.2200744299632
21.8005188628058
27.2060059239728
20.9886855111431
21.5091674046177
24.0341058706783
22.1170312982357
19.4527874268271
23.2780039777281
21.9000702697309
21.9101228263855
22.6471786969704
24.5197436253358
22.1297059944192
19.9919241508106
22.2906851803835
22.28350544256
21.1726813687847
20.6958576673813
22.690760673805
19.0609523922686
22.5490385418747
21.9194842358699
19.5082444801945
22.600589851613
21.116945781823
24.2711625922457
19.5796642588137
22.1539209777515
22.9556863863302
21.7413418079248
21.1138796020948
22.4308417666675
22.1195268643957
21.7412803033743
23.3045833748942
19.8556169620349
22.808018249151
21.4841146866227
23.9660225743197
21.5498140202631
24.4647023413197
21.60928727078
21.2632661278466
15.6929890118332
23.8219007130603
22.4044645926576
21.1177413943789
22.2191546901804
22.3590788214054
23.9232304748627
21.8096711203416
19.1823015881031
24.0588976171145
22.9134991716307
22.341047332483
26.5471603431708
21.9596545369359
22.7972892336879
21.7747211622824
22.1620930714852
20.8556641881598
25.7264104733212
24.5599005955818
23.9891701904627
23.3434556988739
23.2365211246006
22.9647488143367
21.9143522913947
25.085358905216
21.8052491344001
23.8820619768372
26.0776388333197
21.5748919658999
24.1553978033711
22.9221400751666
23.199357295837
21.501972862579
22.5353793262732
22.7147738957834
22.8699122736882
21.3232163750941
23.7359061735006
21.8012630158242
20.1830938002522
23.3384109110443
22.4851478121637
22.9986350284901
22.6479458819631
20.5257544894269
23.7957715005188
20.8133229800423
23.0610652577646
24.0212428909034
20.9991398080752
22.5137523066908
24.2873689787431
21.0602360378039
22.5723728254955
22.8147740124764
19.8299608801416
18.1560309282937
21.8777451704586
20.4909154091647
20.8198686428505
22.017095704535
21.2215009593067
20.3290776451673
20.1428727752974
21.8674523860538
22.5445665798811
20.4998067861741
19.5370072257288
22.4175304234314
19.9102723899155
21.2727301701338
19.8972900801962
19.9923489353021
22.8679194008349
20.0817515876222
25.2805020959821
20.6706917641285
20.3446141930071
23.836687657686
21.9860400596389
22.0859230230746
22.3150220349618
22.0095024467131
22.561900357715
21.765199528249
19.9639259667126
23.2408711568499
21.7321576822578
22.7717451967906
21.2397136826046
22.6629126215736
20.73928951306
19.9302492358488
19.1683961039203
22.5163029643052
22.3091391452466
19.6235589670017
22.2161363816927
21.181517617308
23.2427767621401
20.2747091711988
18.9958130076568
21.0967547423438
22.4071204207481
23.0091095174819
25.6232966872508
21.050320060872
19.3671572511455
18.2384609665656
22.005035582364
20.8724567531381
23.8077540486093
24.6177346665419
22.7419861564141
23.2447203309033
22.2018364961219
22.1315194231797
21.5699018977086
22.9279625002394
20.3841245634631
23.3508470061268
25.1001557863185
19.6998226563923
22.0488058070259
21.043059568531
22.4494875694205
22.2644757890961
23.1326997683199
22.9010672858171
20.7320346245548
24.1893382828208
21.3300157809328
20.9460699630901
19.3761128317154
21.4369556442782
21.5680620818395
22.2077840859491
26.408580190128
21.5542352739975
23.3135841986975
22.0629286809379
25.6778538241799
25.2987692451112
22.3693693192376
20.9276671643794
24.0837268675644
21.1262981152429
20.9813214664084
22.6108096686458
24.2359952372929
19.7045064534602
23.2374183002462
22.4204074126925
23.8330790649313
22.4781543639907
25.2011858047198
24.1588697223853
22.3310932358977
22.6227572361623
23.8737420250943
21.6753209406924
22.2827356669751
21.6941606652213
19.2954882811758
23.3083560757971
23.4024896008202
20.2102240415919
21.6141903818027
20.3500016574964
23.7518841016475
18.8914602106032
22.8273318207091
21.7565617310492
20.4115601336648
21.7196661235857
21.3667891666215
20.5680716054328
21.2132639011749
24.2934207156662
20.6747382901794
21.1916086987553
22.15766972904
25.1970507734031
19.3623080472419
24.8042741233698
22.5534222691329
20.531430698574
16.7932760455569
22.8724703170035
21.4073767264945
22.0618754153779
21.4515123968044
24.5832789097942
23.7859323068964
23.3285095214553
21.2225167622509
22.994797984552
21.7403107003162
21.0543536314829
26.2877131384975
20.6835816799454
21.7702990902914
23.8624084064352
20.8665873268426
23.87873296571
25.3898253679133
24.8163520305359
21.281657354011
20.7685889125719
22.6032363784696
22.970812432961
21.124214893077
24.5735773739243
24.7110101191681
20.8402892089522
22.274404510333
22.9409717182638
24.6288666637379
22.3758077723951
23.9727593692228
21.5745440575499
22.6236291067268
22.3576723693157
23.9406448992034
20.9818461394329
22.5261228965996
19.5965805495443
21.2736584211786
23.755592729065
23.510848555912
23.647583581219
21.6938242622506
20.9171564901175
18.0373400625511
22.9410138906366
22.7586873691903
20.7795542153164
18.7868338716745
18.9772015886242
21.4961122368364
21.2525858576129
15.0675702076683
21.5066163883082
21.233543679418
20.5354431331846
20.1079218013794
22.4672724836204
18.7522061526417
20.4789401688117
23.397278033481
21.8311653265125
21.2070685263785
20.1832602918176
22.9117299353477
19.9650262361581
16.3141785739637
19.3452726464841
20.3803293117038
21.1715783318626
21.9928004929399
21.8010004269701
23.4127620296179
20.4739071782224
24.4249163500231
20.425635585511
20.8214063540827
23.5536996441454
19.6640796009034
22.1325032592541
22.9107041134248
18.3220558486628
21.299363619471
23.6487261659329
20.663529022774
20.7721885178804
20.5108826247308
20.7619779451807
17.0078054836049
20.2502601832982
17.9086554712279
20.2957042823905
18.8106072470124
18.8504868698116
16.1971931912435
17.7043764802439
17.7654195180909
22.2502626986326
22.8044268788705
19.5080421839614
19.7475257981361
21.2770381526696
19.7514113481055
21.520254182732
23.5877517219468
19.6652231887179
19.7897425002586
21.0392207939467
21.904748982095
18.3644842723992
21.7628278871467
18.5135939849525
19.9473990503438
20.8319810679393
20.5993739867872
20.2350716693164
20.8488991519776
22.940499216864
21.9593611213704
21.6758775644585
19.7693234172553
24.1552825615573
22.0446692825075
18.2438506904973
21.8310811646925
20.3058323483165
20.4899943446497
20.8674602684367
17.0093490830884
21.2703298409965
18.3514860546045
19.7007987239014
18.4535691467384
20.6959652553821
20.6604968312961
21.6859020256944
22.6698299553258
24.3505895196741
25.3497596417795
21.6469680860868
24.9243653269739
25.4829606351671
23.8534467358391
21.8230565615288
24.6598587970385
22.3871573044995
22.8157883918863
23.9390196085806
24.5590081799019
20.790801602152
25.0228306686608
24.3236566284808
22.5957254603745
21.8357124154113
23.246780347055
24.5139727517745
22.2179898121753
17.3658478061064
19.1400354626547
21.8998397382549
22.4703615855278
23.8776612874708
22.0046491453813
22.0575633730481
23.4431990841613
21.0005652717062
25.3838007122284
22.6229548867398
25.7475617074575
20.0680599907106
23.2660601596626
26.0840508209079
22.2648801486209
21.2278244985877
26.469657086346
22.0883895399061
20.3030934912372
20.7749212264835
24.2287294830434
21.803077358662
20.4890846764114
22.6356234698586
21.2210507855862
26.3402182166322
21.8723100027051
24.0507404465899
22.4734549839472
21.7198746161503
22.7810879754256
23.9641533837948
21.2778317232227
21.2160995712317
25.5036083184638
22.2701544034995
23.4853946162625
22.616034597405
24.0760798014162
24.2551086335614
24.1422942753049
22.4684809112735
22.8116068879616
25.444160462705
19.0199084672433
23.9222951367274
23.6063633863091
22.5777709955947
23.1857944062768
25.0828791376161
22.7324867978556
22.6997043828183
21.5447949512841
25.0882531181636
20.2639443998226
24.7894314587543
24.3278308391589
22.9751105212884
23.0989802868173
26.4439760913143
22.7340070170719
26.1445918842857
25.3557002245899
27.2172113940979
21.7823081541117
21.1748525533585
23.4892909627396
26.8093656753315
22.7383445455936
24.0182890692616
22.2396652643643
21.906667267398
22.3966516994466
23.0190695336755
23.2454075816917
20.1696431302285
26.5500573751885
23.6288798828918
22.4563268389409
21.2317837043916
25.6611900518553
21.4568846197094
19.5675762201905
23.1705475505867
23.3504498228536
21.0731007350123
23.285222779243
23.0209848676957
23.2257736438044
18.699336436426
19.4111740369163
23.7447500401773
20.690029742036
19.0837518478806
21.9237732958297
22.5307086544468
21.9069752374743
23.8916539621407
19.1715896307296
20.4333531576189
22.2516097927481
22.5818352865099
21.4503921058829
20.8246385541193
25.1007814991565
19.6984285966931
21.5899600307933
23.6690721428364
18.7615610007686
20.5476366047233
22.7682946872499
21.5878407164212
20.8299642497521
24.2986771000307
21.248524827361
19.4863433348472
21.442585715094
22.25563403802
18.5951146055552
22.9939743649836
21.7934387450678
24.1776216437685
20.4061840265965
21.3656175586508
21.226114764596
22.2055231033394
20.5222832820799
20.844305234287
21.9831110972274
24.2745490393836
20.9562555813154
24.5822781728166
22.9621999680956
21.9452431187888
26.4137822773911
22.974729985562
24.7692697379852
23.8966673053595
19.7969162607698
22.6514272693061
25.0614040247787
23.6019354145155
20.262007021627
22.9089058617653
23.6727114595771
21.732721213267
21.2753499009067
25.7981783629253
22.4068662176931
23.1157685889532
23.5563447410777
22.5245639093629
22.7094470474304
23.6870761232397
22.647778322692
22.536241475314
24.2796521134067
23.0116187471332
21.4282272826785
22.4699471260599
22.0742394093755
22.0890279207131
21.6990149755575
22.7852959079107
25.0231488682074
22.917583970817
18.788536196584
21.6059159541771
18.4309102373992
20.6549187213133
24.2091944761232
21.0103493722293
20.5565702593041
18.9916138205208
22.2844468917306
22.182428360038
16.9327242122912
20.956591189376
20.2087857725636
19.3931203338233
20.399372918666
21.4565426991049
19.7581897157643
17.9464462333363
20.3069842642016
20.8121721893472
21.1797157814351
18.3174532643774
22.4306611035022
21.0502167736742
19.7434117426939
20.1126809267653
20.2452289599867
20.0544651548566
20.6328543905725
21.035745495372
20.3580417805307
19.1223576483261
24.2821733113179
20.6473852772268
19.88636832075
22.5236662739339
19.1764158202874
22.6015246769216
21.4724418758852
21.461869011619
20.0396477476892
24.0023594040506
20.2270471522743
19.2656859637804
21.1971366661476
18.7544811879347
18.6895762277637
20.071720217934
17.9117078339545
21.4820973966129
19.9398921667934
18.8068533356383
17.3517040411138
18.5096173890087
18.4072077156643
20.9316398100902
20.8966137518295
21.4262597305158
20.7970154327243
21.607439350452
22.4123659704236
20.8858881184693
22.5077981742297
22.3392918891144
22.4584720823126
21.6979372950742
21.867457707512
19.4660088734711
19.8915094695544
19.9250073577529
19.7127598235353
20.3828715979163
20.9688674425794
19.474279239728
20.6046344669822
23.614865378921
19.6871949095123
20.0812609175158
20.3296981034566
22.1523059105265
20.5078885794135
20.4997350967946
21.2102880397928
22.2988809663018
22.3609191881316
22.8605088864221
19.9411431872586
22.411908248253
20.400741785914
20.3374188024335
19.3597451782201
19.8878974698749
22.0447840022202
21.2583514317979
25.3663179989021
22.0486464149382
22.0981981551069
21.6204742202298
24.8524560930053
23.4796978996114
19.9849193624882
21.7555422401725
24.9164557617554
20.235052137074
17.669549712646
23.4678116889952
24.2517546040583
22.3496876671459
22.6074574675025
23.8634573485796
22.1436465129637
21.1939573923364
23.8707178638467
24.2207677945923
21.4834705824054
20.5641029359154
22.0217265854072
21.4614338865051
17.5198418996807
22.6843497795386
19.2952550357445
21.4667894800493
23.9253534478422
22.8380979925127
24.0027575555214
22.1317689207116
25.602054742991
19.271836647743
22.5531301418831
24.8630954725169
19.7174249097177
19.9154839782369
23.9669172887467
18.2721210822483
21.5029927470125
23.8410971781139
21.2830147415062
20.5917236908367
20.9948133657823
23.6624795307621
17.358595595824
22.1313749644683
21.4118786152768
22.0681771880378
18.992822767647
21.1086353182219
18.4250808357155
20.9575786402184
20.3375298145505
21.8018644199439
24.8637793946065
21.6798165226409
20.8735108768174
23.6642267890361
21.0767212904505
22.2187936778959
26.7978047458616
20.7368044659032
22.3480750062477
23.6351094089216
19.5215947946029
21.5734337932587
26.4184589256193
21.5093359567837
20.982658016294
23.0726231104529
22.8399923772053
22.9084307675378
21.5180497057211
24.8371763803799
24.3171147938784
24.4222788111617
21.4648555356693
24.9251725858716
23.9939310067312
21.1910472964046
23.166860115573
21.6319170257851
22.0769848129154
22.1103836647672
17.8990079328051
20.9966978024357
19.6436129125717
21.691552737244
20.4531261042145
23.4466973233635
23.1796264058555
22.8764777541531
22.8220172108657
17.3049892281494
19.3072360219307
23.4561181946898
25.0275126871394
22.8344050073641
20.2904907925452
22.4328817099624
19.6899225502027
18.6530653951687
21.4027972013144
22.0945601187282
21.2381670167747
16.1650939833513
20.5882841786294
20.9620060519506
22.7300244492441
22.3589910639012
21.9667649694387
22.1273269686417
20.8539278274906
22.7125634490993
23.2532608588933
19.4596915094451
20.1662891309462
20.529203394051
20.6498149468987
21.1658859686992
20.0888969508758
20.5128407947079
22.5335494874727
19.945361562201
24.5697499307604
21.0796959414891
21.1875751040167
25.5033845475214
19.6694269460279
22.8561144732386
23.3250625459114
19.2571686533879
21.1627591119277
23.1454878976827
19.8659820245547
21.8538486481779
22.5028664306341
22.1106805490761
21.4591721032266
20.8294154917331
21.821022138294
19.95652578424
19.9050566624682
23.4387845926202
21.6029903526783
21.1283843123259
22.4771147674745
23.6790159939982
22.2705744211794
23.1441576007722
20.3113323959828
21.107362246625
22.7142358189536
21.4604536883055
25.7027338325935
20.640308253427
19.0518333135176
21.6458202348925
22.5190638317445
24.8760754548472
25.30271927642
25.0222466559281
21.3821676987657
23.0584221096398
21.5436474476069
19.9039355408645
21.8950307979551
22.6375632565425
20.5219064910105
22.6047469607484
24.2640987269581
19.8268183069814
22.6130466251229
20.8843449729418
21.7668990366897
21.8731862488746
22.2342969121334
22.9816844648909
22.3857573844997
22.7212706806587
21.8318517857127
19.4066601128215
19.8248546190603
21.861619080718
23.2464879619423
22.0632968958521
23.5619785495275
23.6175946652483
23.4351436449357
22.4135410756711
24.869040836487
22.9793389291082
23.8797597912006
18.8608179775656
24.5545237147768
22.63091929768
19.7869867738014
23.435913820379
23.5475118837048
19.9233580978574
24.0610089330449
24.2253627717119
21.7186728974113
22.1652977245639
19.7625517483487
24.4504013838262
20.9327976558281
18.6133407995907
20.0675618241857
23.5408950164653
19.7670861835382
21.3853349925727
20.7142432383683
21.7495720577389
22.394392658513
21.5458229659218
23.1487986794634
21.1247694010244
24.184285645357
18.236465300144
22.0070163129563
22.6670313616673
21.1133691905448
20.2074119169131
22.9971105086612
20.4795298507778
22.075444609142
22.2278704963365
22.9733493182478
21.0241188166524
18.7654396729147
22.7730215849668
17.8175163087328
22.3162900642926
20.1378903828282
22.0589714572406
20.6289449680363
23.2703543201272
20.7039373609589
21.2467063506124
20.528631585115
19.4111090144625
23.0652930229028
22.2677116368984
19.8130119565962
23.5465190176772
20.501509632562
21.6691011441253
23.2192124402953
21.4601344120667
22.8075844852709
23.4295576651154
19.1812164787258
19.5461967189607
23.7010777166048
19.5205449285725
21.3818954454248
22.1981316078229
23.2639093791239
21.8127108448499
20.8515355989403
25.4328074939899
21.9695086257476
22.8011113794127
23.7463191821573
23.2995386810469
25.716127018877
23.8221631395915
22.4037890157039
22.9660426047926
22.8808880209658
23.3034315219646
18.595845054508
22.8423425979131
17.9441999567712
24.0093743283984
22.1180084872276
22.4902051449741
23.4846860701109
21.1715828457757
23.9823808882372
20.0018543022726
21.2816600628844
20.8010300003123
25.5931913738909
23.8105189309207
21.6487535536982
20.1543056714707
22.1565734226832
20.7271586746006
19.1674275809403
22.2681244708846
21.3133916618259
20.0671407883486
21.7015018054089
22.3784734009055
21.2473221501809
21.0484436987668
22.955177142769
22.3542265383694
20.8262473765651
23.0573045511439
22.8503411571726
21.1886827709871
20.9370288598688
22.0289810332868
19.0775513814113
20.9810548109595
18.7267360385627
23.065238098197
22.981963917682
20.8493476594901
25.2288738490859
21.4999509225094
19.5748938906721
23.5653204296929
20.112007371157
21.7064807873791
21.7351084288248
20.4227622500187
21.3667646531818
22.1262587980472
21.0155123333335
19.6494975773378
21.5508832763721
21.730275189069
20.7136842436091
23.4811237146999
17.5717250850157
21.2589211154008
20.320456093351
23.7943489207368
20.5843722831976
21.6977154557307
23.6840668146342
20.2538537218291
20.5959798610363
22.2207513507872
17.7493381608012
23.6052280021289
19.5313537704522
21.4626636021337
25.1586367586215
19.1430861253128
20.6614816229443
24.282519044014
21.2409858249539
22.8464185879296
22.90955023786
23.5767457596706
21.8663628386316
20.8459231902798
23.3971284476761
19.8251257167057
20.6389362449315
23.5326985840705
20.969776559401
21.7376522448205
22.8251411824491
21.3723829667555
24.7640647071069
21.730428931119
23.9792118752509
20.8145808802929
21.9463770160947
21.3383202666463
21.9838594570324
23.437276269422
21.6132981188748
21.1151029165321
20.2131102727085
22.581552866983
22.0139934395012
22.3432141217977
24.5539212681517
22.1943369811819
22.967947889607
22.6009735561833
24.21183393001
24.0220743785082
22.8048858786692
19.3460778067345
24.4779578397
21.6231942736149
20.051011121675
22.5051571919029
21.0032661903746
21.2977082192065
22.266619092401
23.91252431371
22.5716383081187
20.1948919912392
24.5469052849729
20.7157789463656
21.9160769705683
20.3704117512491
21.7366554366255
20.3637850618626
19.8287137531366
20.4762105820471
20.4146690812977
21.2290904981074
21.9349957034285
20.6368640614747
24.214879217339
20.1772910903616
27.1306880429225
19.6161898140256
20.9320686049811
23.9186209485471
20.1899646854785
20.6270355152815
22.3212331314281
21.1440247025329
23.39775149228
23.0136481941426
20.626037898569
18.7376411998755
20.9364236868548
23.4925798209445
18.526699693418
22.0980861977962
18.8690709910517
20.7959099741994
19.6281013860433
21.5332014988643
21.2883309725077
20.4705981940075
23.0564637660729
22.1172317198558
25.588598110731
22.7017979612486
17.5034917672317
21.0002355639661
19.0532746517221
22.1426711433181
24.3136087362751
18.1842932843976
20.2980325905102
22.5225208129431
22.0535480631452
23.0238147418097
26.0242643331464
23.0686906935248
19.7946782917854
20.0881933694046
23.1648642387773
20.9383127610093
21.5147811729748
23.9712886271052
23.2224397081879
20.1424865793079
22.6120993641713
22.4921373422243
24.7388959357783
21.6633442307013
19.0928726574469
23.7318759629208
24.3058531873486
24.5150042746866
23.3265081046252
24.6337395153094
20.6666414466477
20.5853246270154
21.3935279319215
23.735713563689
21.6757246400555
22.0512896850497
22.808932244505
21.450554737883
21.6681023807793
20.5139785814216
23.8087121438484
21.5964000262951
22.8096491162807
20.0566260029133
23.8357279122762
20.0929143642179
19.9044819965387
23.3825808230755
20.0181752511126
18.7549498698666
22.0478787889263
24.053134498276
21.8772746527386
19.3568119168153
21.3328022599813
21.4211228702001
19.5714159117703
17.995125111509
21.16423846957
21.4830609668126
19.3870360806919
22.1294564428703
17.8954289818569
20.898204526158
20.4786120663835
21.0715414970714
21.3034486745168
19.8608785267886
24.9690622038911
18.8003208908598
20.6886644529821
23.8632737361559
16.7134023672703
19.9362033838233
20.7419430705218
20.0528967664607
21.0554089039516
21.7833881551771
22.0110872300044
17.8067933255732
20.4044716758468
21.2686509422883
17.9926923258269
19.2947554008493
20.1999108461806
21.2539138710201
19.1857258414219
23.3894101536799
20.4401532665741
20.0853775907676
21.9408516789269
21.8276941020371
22.1900082996987
21.1605613784987
17.933390435258
21.9093423187227
20.6094308445633
19.8023982051249
24.379229266518
19.6243938775807
21.1747297823676
23.5090545404489
20.5460966198089
20.0378980665185
24.3079976826452
22.7678648870755
19.3498132820405
22.2670876008296
21.8578951519419
21.7163801348632
20.351570237223
22.943157135894
23.4631615036417
23.2011805584587
23.3640147773059
20.5466728008298
21.6951798121044
20.4616569665124
21.5388650819292
20.1596526269242
20.9476447899997
20.6982003547823
20.2972198604773
22.8975392325634
18.7835723177353
20.2527816626936
20.2849906337318
22.3769230337088
22.8123945127272
19.0467190236613
21.3683397250107
22.4745119325451
19.8116144561229
21.3272139002227
23.4508767051032
21.1864378692306
21.4265469051473
18.5783699086715
21.9964409905141
22.0650593369889
18.1533543958399
21.82126652378
18.4831358790803
19.0264042004153
23.2224931823162
24.0451401003853
19.3695189662272
20.8647542710858
22.257578291224
20.4078560697739
20.5078475652455
19.1407680628689
21.1140816035642
21.5351615719512
20.4213021148844
21.4277537457447
20.3826273458335
20.9213175717233
20.3089125488855
21.9917879945538
22.7846418694758
18.7079442525674
22.7319658080132
18.5217239065133
20.0302018521364
22.865709333142
19.7675491036667
21.8727002795796
21.0917915647797
19.6398868468332
19.2381999979856
21.8552598830544
20.6133895654867
20.4600167209958
20.9235521344643
19.6104925036297
16.8880319100695
18.7325392968646
17.7814365228437
21.333902975465
19.2345553740342
20.0803063105511
20.3321524464727
19.7014781441907
20.2355396686415
20.930892040114
21.5686878698563
20.0795326252025
19.0261323485751
21.9140912127475
21.0125229170854
20.8817888703552
20.8417574191654
21.4409200017185
21.8595866639876
21.9995966087493
21.5337874531908
18.5833955649904
22.4549959399172
20.6564472352852
19.8530724912624
21.4753984357126
20.2315035959819
21.2829197616834
19.2709461758014
21.6656629495734
19.60053992998
20.7697711471517
21.0735695810066
21.8330306280722
20.49267904221
20.8388334067531
21.4635072673708
20.0201965819781
20.5657512951616
20.637535308179
19.9795761739226
21.5954197574657
19.5568783088911
21.0814329075267
20.8156022852709
20.6210706936823
21.8740073093113
21.3839862596768
22.2447748906317
20.5978297496167
22.4931192888243
21.8432580200047
23.8518482046817
23.9123649940517
23.1142821806094
20.3736399829824
21.7095015606762
22.30991190956
21.3733035134077
22.2508768818948
23.5335714401978
18.543812735965
22.4355258781023
19.9026146713781
20.3130853141595
21.0560256369898
22.5409010450493
23.0705308597234
20.5025574297381
20.0374288936002
20.1062122393524
21.5154369549687
22.2472046641588
20.6939237541572
20.3788477751738
20.1468154874513
19.66563310452
21.1684856736528
20.8789315539407
19.0735955042444
24.0820203497416
19.9807830662194
20.0374478848703
23.0845119405235
21.2332134170155
19.0134954325145
23.4133723241579
20.2307536508041
21.3845762264543
22.2190613967033
20.1594736996532
22.8120699509897
19.3086267515758
21.3717299521982
18.5248696475221
23.7780318768134
20.1230041140693
19.1683266666584
19.8282098870874
21.0881421930507
21.1725289263606
21.4399602860452
20.2308293709817
18.4244625634236
21.086312627169
22.7870499992724
18.9819883217361
23.0678041431088
19.4443144286551
20.1020457586043
23.1312460900715
19.5976272784198
21.573238600219
23.5501721528176
20.0017104708655
22.6064923441804
20.8795215658107
20.6591649825689
20.6525980421072
20.6612086242552
21.0127645568242
20.4598675109474
20.0190892646654
22.0538942390042
20.910517459454
20.1081786863293
23.5814948859354
21.8427675782554
23.2123424272076
23.3116443406361
18.7970641259559
22.7272744664076
22.9219431839259
23.5104027781733
20.0357579809024
21.0022075213004
20.4901114827674
20.7977513255935
20.2665555341631
20.902285579467
20.4236637765888
20.432654284019
22.5073102449782
20.4114417498739
24.0529745529064
23.3841816822585
23.6204882597876
21.4243178298423
21.1263095442816
19.3909452661829
22.9588015269108
21.0266184417627
19.0863052063705
22.9235115736075
23.51028084164
19.6780816237364
23.0585927407081
22.7626184041126
20.4546856352503
21.4255382357986
24.0271510863883
24.0947906821231
17.5921979493818
19.7972054445146
21.4680427279723
19.3174892170435
19.1994892100359
22.3986801270433
21.2478024219202
21.0001709614576
20.751543855984
21.1893587430244
23.5166012408922
21.5767190496187
23.5536115223381
20.3707665829376
20.2276460766503
24.5875698017848
21.3028431999801
19.7668537722793
22.8028921543188
18.8590195443242
21.3981647897851
21.5567171956461
22.2409763581854
21.9002076660299
20.1415648274732
21.96462422022
18.3012056296021
20.9499639173006
19.2030236747788
20.8089611219975
20.1975299056389
23.611313374969
21.4510754292466
21.7249401164843
22.3997054232972
19.0863235193039
23.5661855558688
20.8209220979051
18.397881402418
24.1799216393725
20.1650429495172
20.182007581074
23.1075164274668
22.4204018752248
23.8959875537297
24.9143771749555
21.8074970937955
20.1248566762679
23.8919605560386
22.4891183692303
20.1015245513503
22.5494964347951
21.6991520304496
20.7956081147248
19.6744726679532
23.5890525915767
19.3843974415021
22.8524020841545
24.6027618420415
23.1060795130429
24.3769055543284
22.9908467473954
23.5127718639686
21.0651121719542
21.852082721028
21.8580314965982
20.4372448271794
21.4529957447912
20.1962509390535
21.779527973542
21.104146048979
21.7851077576851
21.4072386562065
21.458225173218
22.0932193187936
21.374963927143
21.318322680805
22.5133528368523
25.6970291710126
23.1364202042623
21.8454450209135
20.1132300380671
23.4196215875781
20.5551664315758
19.8928703333737
22.4627500175318
21.902401199438
19.5280018633779
22.267011202344
21.9290746213383
21.3719111411364
18.6833846159389
23.1324145974844
23.321894910797
21.6058141144529
18.8719348398536
19.7632675800409
20.5590062502669
17.8861492303725
20.668304013842
20.301419759157
20.9756679325014
20.2771679279375
21.8561390313142
24.3951149335267
20.7710255329786
27.7927404505348
20.7844907168798
21.0466547587376
25.4991396206374
18.0625497546744
20.9427864650216
23.1635897908802
18.483045169499
21.3332519102825
20.5147178741478
20.5811739634792
17.4541075974207
18.6016518427648
21.4001028863695
16.0734731017776
23.1043974099268
19.8325050771295
21.3066041969113
20.1057963022084
23.7802831306078
22.9492374775043
20.1033520162714
22.7583915009216
18.8697105288071
22.4080125171339
20.2239649240853
19.1902320752335
22.9567192253887
20.0360454863391
23.4251752177273
25.3554015870131
17.9701811602675
19.6735839258994
22.3608755820497
20.916174942754
23.4133192725405
23.2725095987403
23.2719133126798
19.8696586677271
22.7965082508557
22.9661461469874
20.5874270561204
21.9407629582332
23.0116935105609
22.2658701285854
23.0612554864799
21.8805270015608
23.3858366628242
22.7613977980939
22.8467906101686
21.3439976018715
23.4674250904433
23.5932254093374
24.2505534022091
21.2627240549208
23.8739537736018
22.2608386882402
19.7436727589902
18.0592693701552
21.7796083010215
21.2230272565008
19.8237048837796
