20.1628787608178
19.7291148573146
19.9115727577177
20.4587200076416
20.6918765177247
19.5804714025035
19.9453199637831
20.6883885781013
19.7266325641008
19.7214629774276
20.4648764075811
20.800521565714
20.2524871972195
19.5445187372243
20.9770225126023
19.9820123038111
20.4163206645317
20.151058851946
21.1942653806333
20.5299360805419
19.8921800872461
21.0770833304657
20.580117374307
20.4413493451001
19.8406842278853
20.0625147513557
20.6399926466425
19.6103821418499
20.8019478977774
20.5099239352394
20.3716634064013
20.622678176539
20.7334361057597
20.120647174375
20.4819664834579
19.6978727165406
19.8856997922465
19.6467831207046
19.0597841793499
20.4349656682348
19.6197798288888
19.8025786237316
20.0493092941617
20.0199653689065
19.1618435091998
18.8219959303291
19.6915522380813
20.1685049001421
19.6915522380813
20.2945933278134
20.0923567638707
19.3506406112559
19.965268505895
19.9052569393533
20.1767762408352
19.7979416470908
20.569981061774
19.9502609138014
20.8707166030052
19.6914977881539
20.3943933673381
19.4739389911191
19.3406984345813
19.0304034985994
20.298051796333
20.1987461728802
20.2346988381595
20.0585344676239
20.4633192771451
21.4218188196519
20.3635339167081
20.2401832879361
20.1423107649453
20.0374995322699
20.9218499153368
20.801559886056
19.9200128605266
20.0289507080065
20.3272232224816
20.1550391356778
19.7057013249741
19.5850198266968
18.9330767659068
19.9267720343523
20.3022445444863
7.28690558005504
6.76399924970372
7.74395127505836
7.58604854423113
8.39783764377515
6.92094436095781
7.06934678302027
7.83982645168333
7.81223890040844
7.10340135072971
7.99764113847011
8.4348134434451
8.48891989111407
6.66600535170735
8.3229842472718
7.39754895256205
8.32628408712426
8.29416253199005
8.55827983653205
8.36231459788252
8.11770736196011
8.3552382246422
8.26459539327768
8.26500721454086
7.86038694237361
7.70257225558683
8.4838727360567
7.42980669391879
8.10678070649091
8.15512123215099
7.92649397730403
8.64792728883365
7.99730654536422
7.77547484854313
7.50707194685351
7.53630075591839
7.92932874029761
8.14720478919342
8.11799842114365
7.48877880550913
8.67799407068262
8.38003991237489
7.49580896225864
8.59742665754975
7.12296341683166
7.66823819813782
6.60273620653387
7.49808423546395
6.74536537535563
7.6315510801751
7.14616990114503
8.01021340529152
8.19652627798166
7.86637684698515
7.88273663786219
7.16947532132125
8.67312157450478
7.88748044766833
7.77919215890785
8.55561889797706
7.99022406916909
8.33806010094228
7.43239101012328
8.16368850482471
8.19972076005328
7.41785752367094
7.82521885636108
7.36336727633742
8.25579910481591
8.88605369880891
7.92623116510942
8.83255199503878
7.4956509166546
7.73716030883206
8.62839377432124
8.45013621835898
7.77850238271071
8.34730174047607
8.45617298904538
8.48594871171081
7.45682223073105
8.01635346704455
7.33967247633893
7.48966956585035
7.7056571678988
7.49131253791128
8.32009955927986
9.14238908379847
6.08007429911488
7.64420270073752
8.6266378575955
8.02238407175736
7.31354652207862
8.26572414153385
8.87611620244182
8.75700289417781
5.82513528986443
8.89025684502739
7.6656319556258
8.23771991699703
8.20559836186282
9.1289599923459
8.10967586073543
8.56419024748043
9.13864207249613
8.4747405646266
8.6692301341723
8.12846994543735
8.48938366149902
8.75195573912045
7.69788969698254
8.84083172153964
8.41970575574094
8.50067261259167
9.09441017435396
8.77893782475282
8.56228625445531
8.28870322624211
7.94052367554983
8.37240406775966
8.07693598355648
8.21285203163094
6.6479087436662
8.77284768116992
8.47489352286218
7.44841694831273
8.69228026803705
7.20512056757799
7.76309180862512
5.76186614469093
7.93938699446067
5.9044953135127
8.07803396569541
6.30529983930209
8.09237055603784
8.12625747234473
7.94853399773147
8.28695955749362
7.91402676134457
8.15078161939389
7.8172116420314
8.2934162199589
8.65047250846435
7.73758533202201
8.43291371142958
6.91005105501239
8.258542115312
7.67047476741034
8.20466892958312
8.5697702963844
8.09741829138615
9.00035054483922
9.67286510472109
8.50040980039706
8.91470914578511
8.06982955194224
7.64859613870482
9.14463457789405
8.89321154582102
8.17222487736755
8.25873757034884
8.36760881891815
8.39738454158358
7.5319485257011
8.11120707753184
7.43452608682622
