23.6494083433908
23.0342757861227
23.5218261207735
23.6667846571004
24.6417090115354
24.2977093601004
24.8332741435629
24.2185230743465
24.1752869348503
23.1874068276608
23.4925999769771
23.7913639693246
23.572066354288
24.5041681180936
24.2082481171136
23.2246619124
24.0555904095787
23.8867004499897
24.4727033677115
24.3783068742183
24.9002408057728
24.4121231785322
23.8810279751954
24.3229072813915
24.0591548096797
24.053715485125
23.9719229746463
23.4095707242429
23.711502145951
23.5543259248219
24.7116591268407
24.8406070423427
24.5564278976938
24.5230948293479
24.6087169718743
23.2157654721947
24.0330729948442
23.4491717262989
23.4489918378926
23.5051557989447
23.2400056598172
23.3617681683007
23.1453701533189
23.1373687274208
23.2903811015443
22.601700742988
22.2256412279988
22.1334594378479
22.4149524684655
22.9396754424965
22.4303561008262
22.5550488160048
23.3803475687976
22.5476696882777
23.2557612419426
22.4415754216792
23.7967692819005
22.382449583043
22.4009934159834
23.2034975210336
22.3873200704596
22.2064449543456
22.2424676220141
22.9593878283984
22.0244189848254
23.0095894624639
21.9832718131541
22.1778499079718
22.9023845568912
22.963793777799
22.9535492616917
23.2033368517968
23.0853884086143
22.827767677014
22.6944659536859
23.4280426011132
23.4243574854916
22.9849060027322
22.7195026358768
23.0807735093654
22.9820127279219
23.5718405869807
23.4212413550751
22.9465837917119
23.9419253071792
23.5408968069354
21.9349487195257
22.6653771596788
23.3792482961102
23.0870280478688
22.443888915241
23.0976643384418
23.6988038436325
22.7585083642704
23.19886434913
22.8712623248046
23.524053111209
23.0287378663378
22.6640106517599
22.6245976921339
23.5339994356094
22.6363338339448
22.909566455065
22.6054039240855
24.2680876350936
22.9038534906236
22.0708489064238
23.5869066382641
22.7283987215436
23.126016293279
23.3363409027043
28.5454081884535
28.0749353545896
28.042836463848
28.8866830944646
29.0184994673596
28.5942461169816
28.374321635105
28.3976821098393
28.9551975937155
28.8393987306826
28.5628646955338
28.2684514956186
28.2876898999717
28.2816689407276
28.4833992689459
28.2122244201732
28.040414240229
28.4916091100402
27.985469382557
27.5177579772832
28.2171652330844
28.3262003367924
28.0682519145866
28.5838095505976
28.1095958831743
28.2771115339063
28.2780089270867
28.744647687565
28.8408260420058
28.5581806763878
27.9495817112397
28.4229521366735
28.500043185714
27.9545442655136
27.8553756082283
28.2638544109132
28.1998873500366
28.2450450826734
28.2227687048353
28.2139743678067
28.3674651530998
28.6213263511176
28.2905345287593
27.8832377210368
27.7686653937934
27.9331113199898
28.2163973821607
28.5585843690009
28.0781750943573
28.1838965959582
28.768513259304
29.0656609565219
28.3149490629355
28.079516136252
27.7918265044487
27.8431684490063
27.8087134817175
27.9913751103818
27.9467377850136
27.9909686156157
28.2856449994029
27.9823483966235
27.4636018841835
28.0385759340647
27.9012348789305
27.4549103800094
27.860732065536
28.1196687922896
28.2520000662459
28.1122456092454
28.405271432193
28.4919418094847
28.6526868527927
28.3031136216525
28.5185301437744
28.4348513832536
28.1201524932943
27.9452363893265
27.8473679767023
28.0032202404168
27.863094799664
27.6635642427748
27.8145786549641
28.1857076175329
28.1602491408327
27.9445289399751
28.1118889546561
27.3438147131013
27.5623297284097
28.3515183955049
28.5078200023299
28.345734962975
28.5259342397391
28.8187231640523
28.8537158700558
28.2943703332706
28.2470781178722
27.3277281615134
27.5296398414275
27.9083548658936
28.1634097776676
27.8206314826012
27.7645266430572
27.4374070800772
28.3577226039915
27.2371599116249
28.5448388771999
27.9938364273511
27.6482276572763
27.8354300547132
27.9656501387511
28.6470008051562
28.2003861946746
27.3364636204785
27.8731274238555
28.6794176069346
28.5969818647548
28.6639610928011
28.46151260339
28.3484947566523
28.1227099171741
27.8445791798572
28.1428658032717
27.8603060028189
27.4649610580958
28.0883289479163
28.1522372057876
28.3934527211854
27.6933212254595
27.3360415178488
26.959798673816
27.2293153254124
27.8441964251884
27.9684862715983
27.9946496099288
28.2206996882629
28.5816588363599
28.483159532048
27.4503937842221
27.9018046259154
26.7310439720236
26.7248393472574
27.412358558885
27.3180896994958
27.2239472931114
27.5848558049932
27.0648826581442
28.1780517659275
27.0574890735609
28.4464208418419
27.3965023435803
26.8628564378156
27.3499586613395
27.5196887643131
28.5372500031174
27.9191564847995
27.3847922233025
27.5889802858177
27.7974596528027
28.612991865968
28.2648569966473
28.6351179375808
28.4457575605715
28.1945373231352
27.4057005308901
28.0450546313245
27.4214273538518
27.1850357811904
27.810332398759
27.4688643510371
27.5640633350792
26.9079500059988
27.0552355244312
27.071637984771
27.2272345800447
27.6463821734208
27.9432849250384
27.6409290348649
28.0310410528415
28.4823076858576
28.2854184976141
27.2746275420467
27.3780581417001
26.5975806367366
26.7659141299555
27.4382033332069
27.3595021988132
26.7524919173015
28.087896043846
27.3855100822216
28.0792758248538
27.5605293124137
28.2810041031985
27.5217513764067
26.582050444398
26.6529200585614
27.038692551998
28.4158851486159
27.9263219412094
27.6266645598351
28.0031427662624
27.8755733818856
28.2598784668217
28.1025862246279
28.1992267467043
28.0373312024241
27.8220122066927
27.3613032245748
27.7076392020953
27.3770300475365
27.1823051415418
27.5446107566675
27.4067172265991
27.4166550823207
26.9123608947548
28.10573308488
27.3849148397705
27.5949100297748
28.3631613275497
28.419377833228
28.0503057312258
28.2665426055533
27.9307825354555
28.3575958800507
28.1211470164713
28.3659543333674
27.3434990057061
27.5269147916787
28.2068874587666
28.1377313345225
27.2816138358027
27.8968945412996
27.7181743582579
27.8416193896535
27.3745759949732
28.1128102632833
28.0064832590135
27.6325480048469
27.8616925162651
27.6738919734346
28.2916569769652
28.1554025603439
28.1132782280484
28.2094565824893
28.2059346465751
27.9821628438461
28.0679700972849
28.5142906957067
27.9798765458321
27.7453974555477
27.7145820678074
27.6540352288282
27.695431185095
27.5009819644768
27.6448010907908
28.0191903171208
28.1375344269466
27.6955225094107
28.1924147468924
27.9178255675497
27.8777442899791
28.6308774578904
28.7011383401596
28.5241595936349
28.376593613861
28.5597035655131
28.8296787988737
28.4133039837843
27.9976036834503
27.5180090434402
27.8604195290421
27.620622973763
28.1113231960858
28.1941893356455
27.6877161048178
27.9220201422922
27.7346488820944
27.261283805111
28.3344176318393
27.8173393609231
27.7753764437489
28.1890431070675
28.0377549433363
28.3056953490526
28.1628088416446
27.8988552984546
28.4591517747352
28.4426678618269
28.2359426139101
28.7769310163603
28.3315047505826
28.2539339883894
27.949644424479
28.2568048936541
27.9238505005105
28.2725317166159
27.907444139277
27.9043994400314
28.0196370374274
28.1134480552062
27.8918861221842
28.10573308488
27.3849148397705
27.5949100297748
28.2048334061958
28.419377833228
27.8916475158978
28.1177909404678
27.7134333982871
28.2394572487245
28.240607390525
28.4178340207773
27.502807115315
27.5269147916787
28.2068874587666
28.1377313345225
27.4409219454116
27.7481502988595
27.8379724489311
27.6932054411875
27.2254940359136
27.9640585981977
27.7891341218451
27.6325480048469
27.8616925162651
27.6738919734346
28.1432430284991
28.1816691077288
28.1132782280484
28.2094565824893
28.0476067252212
27.9821628438461
28.0679700972849
28.5142906957067
27.9798765458321
27.7453974555477
27.7145820678074
27.6540352288282
27.695431185095
27.5009819644768
27.6448010907908
27.8605321017929
28.2725839385934
27.8548306190196
28.2269188657772
27.6935610607045
27.8142063259007
28.4546691322162
28.6679726948255
28.2466865422612
28.238204656168
28.8563672043615
28.7169836398912
28.593040906499
28.5585724375812
27.527716079592
27.7267372812299
28.2316698715519
28.4838417276952
27.7976002856886
27.9234011430577
27.8499850714054
28.5034537811748
27.5641558335212
28.832401289256
28.0733169449348
27.6604098331833
28.0235912675011
28.0654583422842
28.8284481887091
28.4803119489775
27.9390681584472
28.2360044816125
28.6287717925474
28.7686749888138
28.4705076030752
28.8982980704096
28.7690027543536
28.4551300935421
28.0126431582086
28.4185434351596
28.0283699811703
27.6294066303628
28.1534385222318
28.0582069413703
28.4091932246503
27.5039685019728
28.4800307516931
27.7044248782438
27.7489574883673
28.8529026269649
28.8045451741295
28.5393790200474
28.0647002674313
28.2301353392346
28.8681014962167
28.5806401662405
28.1027851816178
27.9566837323298
28.081245885509
27.8168944176932
28.1959183703338
28.1273218358564
27.4046836252455
28.0644948692502
27.4615782932689
26.9115661197924
28.1116938615652
28.0669825122213
28.1496097781527
28.4875413563847
28.2442418604799
27.8346841754672
27.7101396412283
28.3870572343563
28.5293729730908
28.6324609217903
27.748160341459
28.4627010659617
28.2825646989976
27.7527926017589
27.5879963643
27.8879241956559
28.0676246967579
27.8691148674161
27.9072546408033
28.0159753984361
28.2526331998863
28.3332608129953
28.1863865414162
28.7378238207548
27.7349111525438
28.0033981104763
28.9356659548892
28.9675906663466
28.6314836191323
28.7849467143712
28.5570799653131
29.1129564011791
28.7436856584576
28.8471162581111
27.8592990611425
27.9838612143218
28.4676890286228
28.6742260733495
28.0299371646691
28.1995667605268
28.2834026701303
28.2561311345762
27.7033232610631
28.8720893906647
28.3406764125417
28.2177517256656
28.6154303694112
28.30856198124
28.6122179616437
28.442406208695
28.449420964149
28.5917367028834
28.9196493795861
28.5780162177751
28.6518302897952
29.0940869527
28.5753996257871
28.4220245395321
28.2681737170272
28.4494829692159
28.2493643887874
28.0351436538298
28.4251170437223
28.3470357444113
28.7551220722802
28.2548662055486
28.0282989492863
27.6313044831286
27.6451399161707
28.4580555498642
28.498562837681
28.2500729599092
27.5968562963194
28.5760455231175
28.5006217720957
28.3632558268444
27.8292030951006
27.6078648541477
27.8012769748341
27.5146073170943
27.939124731216
27.8436713247151
27.2376488597779
27.6041464651092
27.8170222268029
26.9124812857707
28.1535201623783
27.7935679743255
27.5954104413311
27.9253005036512
28.001138221524
28.1455922333792
27.7364004449526
27.8192049097151
28.1892968697401
28.4584915314232
27.9923311135907
28.2875679559922
28.0756910463814
27.9420883568555
27.6766265103536
27.6163401101955
28.0475339822863
27.6320669331573
27.4970381309836
27.7884810288471
28.0215394409463
27.9363673103227
27.4383048520893
27.9758558647951
27.5556497160716
27.6984295284035
28.3590735509036
28.3651612343553
28.2792939147097
28.0384170875379
28.5172147540867
28.4443854601673
27.968169226688
28.1289933159699
27.3177846371567
27.4245781089227
28.1587376276011
28.017828461161
27.0732943445825
28.301051931234
27.706668746998
28.2844944643833
27.8079418484263
28.3058943313969
27.9439738752803
27.5073252954047
27.6550176739059
27.5908319632544
28.6775571720979
28.1762885370643
27.867301448666
28.3973162565767
28.3301105669638
28.5239768626014
28.434534620845
28.3902933850189
28.3146156751341
27.98537662308
27.97570894997
27.7368384129474
27.9565580672576
27.5448293019188
27.7830578104225
28.0061654222737
28.0358628466787
27.6309869952093
28.6180678273283
28.2145158774829
28.2194725270042
28.9095497861932
29.0969408120281
28.9788446864135
28.4102235435308
28.9912249087717
29.2629162944395
28.9598525634713
28.4546634624438
28.4083942809094
28.4608792060902
28.2972402592764
28.575551690915
28.4955140967581
28.077627711503
28.3442263659589
28.2322016124572
27.6237884953498
28.2005475874497
28.3030981242708
28.2956661041045
28.6268853317976
28.6677762706069
28.5786410891564
27.9240471787735
28.6241696091831
29.0704414535206
28.9395322360873
28.3927054070536
28.9246140765687
28.6915953457612
28.3106753012229
28.0452134547209
28.4939463495086
28.0137200018888
28.5207007769075
28.0769732067371
28.1282619682455
28.7854095131486
28.6624425090844
28.4008104614833
27.6125686652973
27.3309879606642
27.4638161586751
27.9277462790524
27.8657125792207
27.8780943589386
28.2267218433001
28.4513289761979
28.4885136960026
27.8614597643922
27.832085219029
27.1843735909129
27.0169610421495
27.7601122530252
27.6733210922311
27.4505278821639
27.8719277542075
27.4660346654265
27.9059651635932
27.5225865213972
27.9945337751975
27.5413405081351
27.1009490643807
27.405534175948
27.6099384910037
28.1515441323562
27.9323434175259
27.6296653473761
28.0199899231102
28.3740392904659
28.2324321777561
28.0604928211166
28.4507376960959
28.0852097953531
27.7457577225558
27.8216922434273
27.2101293885015
27.837419066389
27.1776777450716
27.4739919549731
27.6866552847946
27.7652333586995
27.5866505025724
28.3258320107572
27.8395731129458
28.0261530000084
28.5935635324352
28.633262863408
28.1798380821684
28.6472998361264
28.403433811288
28.5883930056924
28.3557312297945
28.4591618294479
27.621134321871
27.6528320024203
28.2020913202252
28.2866019386604
27.7717978674153
28.4591353148493
28.2570815119657
28.2803876740854
27.9660178093962
28.7085338647215
28.0537325327077
27.8621707133774
28.2007751969582
27.8149978403873
28.61381654926
28.5901415746009
28.5295439189023
28.3918781859079
28.5116029604688
28.4855166679241
28.5409524262492
28.7820906194888
28.4386610858689
28.2566966264265
27.8681923494728
28.0701144969874
27.849383021233
28.0477140866924
28.1908539419144
28.051246088019
28.4234248497852
28.0844533275502
28.2533392287492
27.8946747641864
28.0587791359102
28.837349006201
28.8210741923455
28.9134682706581
28.4053696469171
29.1197044590262
29.2097312264028
28.2375562112917
28.2102395892884
27.9225280033195
27.7308978916884
27.9680502735919
27.8791045530639
28.0931661068461
28.3175786873403
28.3464149828448
28.3738127674157
27.8248101590053
28.6015610727676
28.0915055972115
27.8020814686642
28.4163610133437
28.168419464803
28.594013875854
28.0843380111952
28.6419251733574
28.8378675378165
28.4713488981473
28.7093248127867
28.8633570913495
28.7558255816095
28.5812164280254
28.4686593552834
28.2640441479021
28.5262074691093
28.2452348196623
28.2699957765222
28.4000143252241
28.2844137112337
28.0085223689055
27.8388582319277
27.9476901471958
27.7212111185301
27.7908332561143
28.3874274572438
28.5391647875686
28.0232082500185
28.39615842005
28.8404561919028
28.859496517421
28.2881990478926
28.3916183870475
27.073905232881
27.4058418959818
27.8077614519534
28.1793301630628
27.194753807141
28.1739037771341
27.8391203049182
28.4882144493928
27.8103016822434
28.8052708672952
27.8989813925546
27.3811811146019
27.862827819771
27.7929314774723
28.7743225978605
28.1514220741408
28.2359197842019
28.23714089372
28.3096428699534
28.8187399809621
28.6774783258335
29.0261639167681
28.8080833602663
28.5249832188568
28.0051011741902
28.4002011257604
28.020827997152
27.927959432457
28.2813368380129
27.529195251442
28.0882978394022
27.4391414669984
28.1349908750243
27.6156799984797
27.6721476365027
28.3261353272605
28.4091664043635
27.7845446398521
28.4792168307885
28.5467597824662
28.8363785546403
28.2337604113981
28.3371910110516
26.9124743906262
27.4105375011395
27.6187162047648
28.1560853977382
27.6220531472687
27.7037356240236
27.6405325731144
28.0112412366086
27.344490314487
28.7318403194885
27.8145106544728
27.5684818424304
27.9951206767899
27.9802322053008
28.3952123244632
28.454328954975
27.9988275912214
27.8221378153979
28.5421986695869
28.6222348302356
28.5013992165934
28.9805986097466
28.6375180532447
28.2565549724483
27.7645063884034
28.2573146385985
27.7802332113651
27.8068642828787
28.1626512184012
27.5597601810841
28.0614692794159
27.6264421948269
27.7786911210532
27.2978410598663
27.3919184248815
28.0269162677217
27.8939263415786
27.7949971203306
28.0323564508862
27.9521284451429
28.1042327340886
27.7128122404225
27.9567710354669
26.8655369259976
27.0333248221168
27.5644102808191
27.6441413649606
27.1282978506275
27.6356396048299
27.4092623867182
27.641352928649
27.1751295695939
27.9132363514004
27.0734292270164
27.3006367690094
27.6013901398757
27.4833972181609
28.2477571467516
28.1256049843448
27.6789286247114
27.7791930740926
27.6736385649066
28.1027099362886
27.9845938648925
28.4696294600224
28.1701086224957
27.8408695704416
27.4259467248615
27.2531876694489
27.4416735478232
27.0147982613558
27.1350026527934
27.3718884167853
27.7175202664553
27.2752747272086
27.7075913948856
27.6304406189722
27.6648707746844
28.4011364812484
28.3255179290228
28.1931538912934
27.6860363250749
28.4624622949323
28.4731898666352
27.8828225596517
27.3748510640151
27.4714812103853
27.3582138404292
27.4449868835389
27.541441253509
27.226660623837
27.8647819874479
27.7868650141923
27.9498195402707
27.5347451414301
28.108840101604
27.6304777073732
27.2563336348006
27.4644095614682
27.2630137857504
28.1375242203163
27.7434721227388
28.0470520729091
28.4668390948079
28.0000265730245
27.97822711159
28.3606289557701
27.9747807422166
27.8629965323806
27.6826731369825
27.7637727177647
27.832200811187
27.7794995407264
27.8048931377543
27.8019287543407
27.5927500998883
27.5570468320732
27.4366452229179
27.973357892188
27.5574426836279
27.7907738588802
28.0277544463162
27.7797464287625
28.3555791112397
28.4412970560097
28.6407849055573
28.6969974236273
27.8485681121889
28.0892222618838
27.4134216925574
27.0545975166732
28.1061679117688
27.813310714225
27.6897320383975
28.4045702080054
28.0672753665691
28.1059380403765
27.8772034765731
28.4262884517964
27.2686866748555
27.4532857970989
28.0684268433338
27.7922435098724
28.511586276401
28.3876174327077
28.2640567636741
28.4980380327772
28.3229465230459
28.7457502323066
28.2095796975914
28.8373543606124
28.5785159269101
28.2805117265819
28.238663368561
27.9906526044143
28.2543901915228
27.6220205866111
27.9454043237287
27.7160196139086
27.8646465786474
27.7750438105281
27.5700780949471
26.9177330508975
26.916897439955
28.1362722996902
28.2899485082613
27.787256729465
27.9120653768405
28.2003649827942
28.5589620985715
28.0971810511328
27.7973258601765
27.3071533826155
27.5205981118016
27.2975572357813
27.7213917154868
27.5768516424372
27.3189021820447
27.5298130643866
27.6825461425336
26.7915354506124
28.0066114827783
27.7768278511844
27.1635555067345
27.6895672837926
27.5696251926579
28.1123808748095
27.6278661545816
27.7368786764004
27.6486948525131
28.1277169122638
27.6761406405174
27.9347363756852
27.9545541249469
27.5842534905536
27.2847822480859
26.7970346313143
27.8060346037807
26.812761454276
27.0653825871149
27.5868333836933
27.8069410076079
27.9219605548446
27.1599727975462
27.8293823231524
27.7194534620325
27.8286515602189
28.315257017494
28.0609342978482
28.3094735849641
28.3750724337997
28.6499923382828
28.5536723715889
27.7180240835591
27.627187279003
27.11872330847
26.9106219476376
27.8387306270716
27.6834309436265
27.3950336543101
28.4134473467568
28.0233509155398
28.1151454731019
27.8864109092985
28.5323363769188
27.5046771927919
27.3093102280633
27.5106042837565
27.2894288211047
28.5028673243872
28.5496282111123
28.061714620128
28.4519325065016
28.1789709540103
28.7397233121393
28.5206832085118
28.6350122170664
28.5171760477417
28.2344062003063
28.0022302236847
28.0967005295368
28.0179570466464
27.8646342734407
28.1880180105584
27.4213212298211
27.7206710096118
27.6310682414925
27.854257311015
27.7962081373049
28.019326291814
28.4361673002372
28.2800378139524
28.5126168586683
28.6757265665212
28.8462759574371
28.8059188440253
27.79850630146
28.089661398049
27.3517146010128
26.9354969355002
28.0720596362339
27.7255717452232
27.6276909827956
28.6097309659112
28.1595106201574
28.3114290922563
28.1221620035607
28.8213198995548
27.6408368974096
27.3341852159258
28.0067197517892
27.7308741349472
28.7115635260622
28.6263828863847
28.4509425299412
28.694531994815
28.1650577378571
28.9457274819678
28.6545387261017
29.024577843499
28.8176190972066
28.5251286990969
28.270436938521
28.346216577065
28.2516276102812
28.0429918780744
28.3269081400843
27.6151940243742
27.7067577934586
27.6171550253393
28.3185540224333
27.9880942024457
28.2194221628427
28.7798442628477
29.0950564835922
28.5168897813218
29.0838204666339
28.9609714579216
28.9552043000378
28.5471179005917
28.6505372397466
27.705427499571
27.8914458359118
28.2863844979253
28.5252157721519
27.8288851342125
28.8843507203837
28.4912366011546
28.8847512707288
28.4322803209727
29.0870614025671
28.357689506494
27.8336022720827
28.1527852448927
28.1048323111311
29.1627321351856
28.931044885442
28.7788000795176
28.834889647322
28.4807908250161
28.5670995252315
28.7501315177923
28.9126284928502
28.6256122606037
28.5001011851137
28.2828692596455
28.5152017171829
28.3096236870444
28.2748824624569
28.1949588225796
28.158297203273
28.5878694546677
27.9515642570251
27.9549824594866
27.702367968305
27.7165373654043
28.3293218919442
28.114564023379
28.5495421177637
28.0948894195208
28.0406385598503
28.1253098375216
28.0473920497111
28.0962543971963
27.8013061219641
27.6528005500768
28.0135730035996
27.7494427178423
27.7708870902174
28.1696559034586
27.9810593837584
27.8961550788854
27.7065578996106
27.6540621990074
27.3367245371947
27.5941462153794
28.1913827005356
27.8153999803555
28.3846323117271
28.0807816487442
28.5025098771911
28.7338605156669
27.6394594213602
28.0173043896199
28.2339737169103
28.1310647487694
28.1106429195318
27.8891178319953
28.014583011201
27.5374784897809
28.0303098341627
27.6768797859266
27.3758882354426
28.1633775081712
27.7217682588889
27.6249030914826
27.9900480338992
27.737981644491
27.751817077533
28.1786472681841
28.0177020276508
27.9132711886007
27.7974028492575
27.9696563548104
28.3307861424065
27.8939814161231
27.7398318356755
27.550899462075
27.4267956926073
27.6365953650168
27.4765679576383
27.8265455498838
27.3242678822074
27.7299611684725
27.126900440278
26.9646922786968
27.916324596381
27.2415033974587
27.6627770386649
28.0872846228952
27.9146015455179
27.3979947292435
28.0256827289858
28.3143681891589
28.3223241354206
28.1599753255644
27.821819674456
27.9825849891355
28.3500993290332
27.8414102709349
27.6258385902967
27.6639870876037
27.6717094733189
27.6797139105655
27.6911920253278
27.6660473286727
27.4528745799559
27.4524218556168
27.7403352639451
28.550760058201
28.3187013348705
28.5500292952675
28.9956664779997
29.1574183554112
28.8889486137442
28.766334519793
29.2270214915517
29.1372711060536
28.627196706108
28.5224997405826
28.0227061661894
27.9701915283464
28.6036631645436
28.6039614645865
27.7778855796411
29.0798628483118
28.645082062416
29.0051636298301
28.6595888810315
29.2412781740513
28.4364351989286
28.0727057061572
28.183426893729
28.079385857107
29.2967907866213
28.8624713967198
28.7764089235087
29.1285879052381
28.721158901234
29.1080595873275
29.2861343877089
29.1737825740221
29.0559464046974
28.9440816215419
28.7135899193622
28.6894004506168
28.7406783108183
28.5610049568145
28.7093274369749
28.4464923134695
28.6679482601839
28.2821713894498
27.9969829353623
27.5284415920971
27.5426109891964
28.4685805812211
28.1240310494662
28.0479480726223
27.9919073259481
27.8863299101097
28.4878347634953
27.7770380730806
27.655183060664
27.4079857317977
27.4337305940704
27.5399733942948
27.513166476741
27.6836318196065
27.2372019345746
27.5349691232144
27.0398344926453
26.8779566250381
28.011779929716
27.4934929537806
27.6665619618218
28.0206078532502
27.7918678383602
27.312005943118
27.8318694995536
28.0996373681432
28.276832805912
28.3907677184198
27.5913657005617
28.0994500652908
28.1879088631646
27.6581367659259
27.493340528467
27.6465133263273
27.6125690453758
27.662240149289
27.715384930718
27.6902402340629
27.6169273853737
27.3968945991464
27.6610111427991
27.9119814747638
27.8366790579279
27.8980010655225
28.7200107036933
28.388871385716
28.5444020882007
28.1080873595723
27.9437771337555
28.1112666911903
28.0149640880563
27.4820329369698
27.4517840820487
27.3963951874707
27.3077638944584
27.5533560531656
27.5302140659143
28.1572283153375
28.2605076148022
27.9857447134454
27.5931958797639
27.7623452239799
27.7880602289434
27.4271584658059
27.8569969894882
27.3799855928158
28.2740498611592
28.0796645338765
28.4333921703776
28.5477970518434
27.9133114831189
27.878722745903
28.3613783729922
27.6119667944962
27.760749440019
27.580426044621
27.7856608808761
27.8741122395465
27.8013877038378
27.9755312332823
27.9794665788114
27.7790702154969
27.8419186550944
27.7863824377353
28.0137438758895
27.882441465022
27.9315352420732
28.6820186617991
28.4749495077079
28.6626466635769
28.0322366220739
27.9916146002947
28.0078098773049
28.0149640880563
27.3957323861908
27.6599003867289
27.4981575885965
27.5494143756894
27.6128300734213
27.7383303705945
28.1729551382992
28.2605076148022
28.0014715364071
27.6089227027256
27.6714175578008
27.7866366959701
27.5289208669316
27.7219841951422
27.2736316892613
28.289776684121
28.1131987104273
28.378917954233
28.7836923776747
27.8532157486598
28.076730304733
28.5291933265249
27.6044767365433
27.860234999824
27.679911604426
27.9035085790152
27.8758624761997
27.9192354019769
27.9981713288027
27.9727576216688
27.927090785718
27.8419186550944
27.7863824377353
28.5436487160162
28.0844482721669
28.067024095493
29.0008722798773
28.872462047344
28.681504496978
28.5338780123843
28.1685253995577
28.7700302529434
28.5294948196111
28.4072982527219
28.0820448793174
28.1965356739459
28.2143702584341
28.2759715566166
28.2323781308877
27.9713579134151
28.2691363625535
27.7334776390982
27.5218754826162
28.3972248622953
28.1867983836141
28.2180970144863
28.5672736339041
28.1076648263389
28.1650555669014
28.4124071733778
28.7432185091018
28.8820447482524
28.707043294931
27.9317621896664
28.5202565120803
28.6135318252731
28.0680329050726
27.9032366676138
28.126333579314
27.8247897436789
28.1530880067128
28.2062327881418
27.9708120346569
28.4699695865117
28.2502857774025
28.2417658275113
28.265113660655
28.2730018913332
28.3063835284454
28.91521408588
28.508130948438
28.6522596043542
28.5699420708517
28.8508827082198
28.9287253733168
27.9056045226564
27.803402500617
27.4520893476896
27.5778745545124
27.6130500198098
27.6520812596619
27.7277354354984
28.3611499495166
28.1929864036747
28.0040457362827
27.9457452542469
28.7053602060013
27.7551740427994
27.81385590057
28.2087256445396
28.0034343274151
28.350485212982
28.5443358292873
28.7050241050408
28.8154956373292
28.5897477707885
28.487164427964
28.8439528120795
28.7583850314415
28.5396252038476
28.3593018084495
28.1620238759957
28.2185765375438
28.1887783033945
28.3495557002354
28.2082140349661
27.7512681225281
27.6316246579689
27.8978816148617
29.0562598019931
28.4667406031084
28.5942875104925
29.1118664794774
29.2754076739662
29.1575709548968
29.2083577356352
28.5893528383172
28.8413357800111
29.1844394063057
29.1506208316688
28.5888624656083
28.3696916888157
29.2264143867502
29.1267961352809
28.5587737278356
29.0810360272738
28.9362498796846
28.9087015606786
28.6289656278629
28.2927116791285
28.5893782128501
28.4509785318963
28.8468157826772
28.5173954212548
29.3542161864767
29.3719011251709
29.0630172245208
29.4365568936558
28.5608714157632
29.0960193306029
28.9614933084312
29.0411691349145
29.0182965982419
28.7351964568325
28.9891854222006
28.2872591632147
29.0159398495995
28.2897850526871
28.432287509323
28.81727946034
29.1015261561825
28.5968157831567
28.2965591461375
28.3442752884622
28.4531430926745
28.8243685168173
28.8596560772384
28.5437319406569
28.9977560333829
29.2206270443123
29.2386653951797
28.5033782259202
28.6067975650751
27.4345303640005
27.7016307940818
28.1718034963362
28.47545302522
27.7013639263436
28.8111492470762
28.4763657748603
28.6857801791315
28.3960748457805
29.3406751136876
28.1306248578226
27.7429218021755
28.152332162549
28.2939156120846
29.1312948049296
29.0180124498494
28.7822488617894
28.8383384295938
28.7421455053065
29.2783458969915
29.2275763032009
29.5552694828396
29.3371889263377
29.0540887849282
28.574284553121
28.7625720472263
28.6010389805198
28.5081704158248
28.7346546817103
27.8972830813039
28.4044114491553
28.1595522520207
28.0910569403405
27.9067325676859
27.9558373576767
28.3914253905769
28.0547940892478
28.3690392440115
28.0333537532586
28.3539593500515
28.5728184130186
27.9817067130549
27.8977613825994
27.7670293118303
27.5175915783054
27.8813605077757
27.5631629904512
28.0430056936132
27.8596311696365
28.0315842377401
27.5613292959816
27.371382936194
28.0512349220996
27.2927960343471
27.7535729243629
28.2571792164107
28.0477433689747
27.8104484133292
28.1780665056401
28.4471610354977
28.530264893835
28.4221978763878
28.0912639165751
27.9867501048412
28.4896519435012
28.0281433542881
27.8633471168293
27.9980271086815
27.7939599085128
27.9788762259691
27.6226019888182
27.6596035198729
27.8888141584755
27.7482916088287
28.0362050171569
28.292966651248
28.2037700822752
28.2029344713328
28.8208641918417
28.7245764798087
28.8014921936195
28.280948133949
28.4203082453689
28.434114047735
28.438558126165
27.9770115661771
27.9900207028239
27.8375895134688
28.1198957325369
28.1164335509948
27.9599319650512
28.5632887934835
28.5547429886178
28.4490960785192
27.9989260639359
27.9219291621921
28.1026042040161
27.6540683627391
28.0616477459446
27.5540356140841
28.7636507675736
28.5152649219372
28.6581407295915
28.9712956684918
27.9686693444397
28.5008013516744
28.6953799598077
28.0527556214392
28.2843060467654
28.0777331100267
28.2319498100583
28.3383272643203
28.24767663302
28.2849134504933
28.293705600587
28.0665716088905
28.2120265528041
27.9115299335427
28.5851158460534
28.2921811558516
28.252430172255
28.8580714510754
28.8523140395222
28.9909343108799
28.7535594480861
29.2769631002469
29.4387702280583
28.73380880314
28.5992151986461
28.0011011798203
28.234775117344
28.047522507506
28.3966200157934
28.6769511780516
28.2466807650921
28.3656484736477
28.4522423808855
27.7584325316495
28.6825714900223
28.147613705718
28.1493904775781
28.7557881770879
28.6045000133566
28.659055073867
28.5368154528284
28.5094938779842
28.8647898293364
29.0554723465378
28.7486104483334
28.7918894702795
28.9418017756396
28.5555142410979
28.4563455838126
28.6335859895801
28.4924606474468
28.6147766613403
27.9021678382529
28.2252748441683
28.5635355424772
28.5492706001258
28.3280389610778
28.0152050571758
27.5177565612386
27.5668503382899
28.2373862102326
28.2905632699256
28.4653393257809
27.9967376830411
28.6474324304176
28.8304763455561
28.2386239664263
27.9404141267979
27.6554621802802
27.7489676060902
27.5446458752667
27.8350047979114
28.1483655013681
27.1765675349935
27.4528996041231
27.7694257793083
26.6498650615925
27.8584255921917
27.605930407027
27.6825903132089
28.1254366127663
28.1729730016928
28.0418660524635
27.75512375138
27.6632267489435
28.0583487459844
28.5188131824581
27.9744794331081
28.228149257432
28.1508374247623
27.7422573052374
27.6007822235861
27.7606200266621
27.8775935989565
27.7763468496239
27.0574145903243
27.4501222138874
28.2014540075704
28.094213826468
27.7276838813921
28.247145803062
27.913373896294
28.0280931445539
28.747533152572
28.6348323104166
28.6408152883166
28.4690151354137
28.8171764892769
28.7440169013834
28.4723223385064
28.3577797304381
27.9080210886155
27.6961983411637
28.4665238540963
28.3299682774038
27.6632005020673
28.6591441575565
28.1838910534002
28.5841146451008
28.2392041543335
28.7364923792728
28.2429260454044
27.7786152336716
27.9668271961746
27.8627861595527
29.0353191044463
28.4509802616438
28.138921680907
28.7094560728194
28.6290627370878
28.6735241225481
28.7061548530859
28.6711488060979
28.5954710962131
28.266232044159
28.2416131621275
27.9176813285564
28.2683675895264
27.9153464661282
28.0212648388488
28.3639199319767
28.5283365740545
28.1477193205472
28.5548626159354
28.4255058370802
28.4697081532297
28.8281967518001
28.9565314973596
28.6464033032816
28.4124853420364
28.8102628336316
29.1679908349151
28.7733058645093
28.428588500289
28.2141309180867
28.3154459681858
28.0746718974242
28.4301184530105
28.4816287384611
27.9837904618477
28.4784812332118
27.858421393903
27.568716060552
28.6893290929349
28.1158386346912
28.1940263718282
28.661956852655
28.8086210513672
28.2899993217062
28.3762504029745
28.976303572601
28.9707506615108
28.9703778118381
28.3897611344657
28.84869786559
28.986861167993
28.4788513809867
28.2985279855887
28.4030564449331
28.4897632831152
28.429810872332
28.4262839790525
28.4201792509326
28.4854379741505
28.4993259998219
28.6103265276993
28.6143452717574
27.8397105629375
27.9992650282322
28.9722928590667
29.1838283670585
28.5975602456067
28.5352648901532
28.151871777216
28.6042463696339
28.9401930609932
28.568048881176
28.4536170199888
28.468412447064
28.4994695842352
28.6166191084395
28.5475587565814
27.9909465906734
28.3687463825138
28.0762118347697
27.6268050906242
27.7869177399168
28.4255444452627
28.2503590493441
28.5226194600432
28.4048964362511
28.1442634636234
28.3556828803172
28.7245791651749
29.0014121813426
28.4701901916872
27.9874023628075
28.5433303706316
28.0394288216009
27.7883618440755
27.6263542101494
28.3376375502328
28.0931759189951
28.3533643731945
28.1447049239123
27.9783147648767
28.5843294316757
28.5832939814653
28.3059517566967
27.9856173360884
27.4624650487055
27.5804991290577
28.2250375417601
28.5901810380564
27.8859763057507
28.4723475548331
28.3016104973329
28.5912292695071
28.3376510370739
28.4407476726701
27.4305485608859
27.5581788555929
28.1357958230192
28.3037267521916
27.5540061955273
28.1668480081641
28.1033146632809
28.2253903101401
27.6024852786165
28.4048667901393
28.0630677575077
27.4573043135691
27.9217225447522
27.7298778817409
28.651649443374
28.4845860806717
28.2454953664631
28.1313267955488
28.282412130408
28.1410504369332
28.0097415502303
28.4917158450594
28.06010174508
27.7364538367052
27.5741252424389
28.0460334940733
27.5898520654006
27.6185623729068
27.7097370728284
27.916822209643
28.3668948044854
27.6889021577715
28.0936604361628
27.8001749324286
27.8206614840986
28.5101217134562
28.8624950149188
28.1638116251589
28.2226859589957
28.4070111709856
28.8234351407048
28.5245270724396
28.3253005297609
27.8582848321243
28.029532186032
28.0153158692728
28.2381623229983
27.9817424667657
27.863586302029
28.29153422777
27.9221286040051
27.2992235724814
28.1026183191536
28.2047439004986
27.6886348208227
28.2325261647316
27.960870672375
28.2788864550884
28.3340211940668
28.5369992516438
28.4155818284417
28.3843809975557
27.9510692010363
28.1492382962282
28.3133042444146
27.8650876983459
27.6099219234702
27.7143202884435
28.1322981358062
27.7300471114052
27.9161182175761
27.7960017145613
28.1166101161677
28.325605575587
27.8518266826373
28.6905467803973
28.5018385544761
28.5914149208068
29.1937333229885
29.3722253912417
28.9307788414627
28.8978824867387
29.184022561494
29.3238332990692
29.0068861988448
28.8066388306014
28.2663377028559
28.494629569274
28.5062074607123
28.73085852225
28.3897953374973
28.6987394441684
28.8504044317393
28.6988097005395
28.2466690447574
28.8743737305125
28.5465950935037
28.1544114751567
28.7269226341632
28.4259754782624
29.0488212018218
29.0098749845374
29.2506894926976
29.2903952398862
28.8115125311147
28.6789531154389
28.94870455224
28.9754050653039
28.682483185784
28.5310859975687
28.5366521942214
28.7332967618389
28.5634066216203
28.6878812193503
28.3970003405939
28.4123593962641
28.6790898997844
28.2049694523621
28.1052745118931
27.7319611550059
27.8474642255206
28.3624894915776
28.5165230876138
28.211900391251
27.9279065218019
28.3554626347447
28.565843727038
28.407759688373
28.2348244632338
28.037636742355
28.0231310448773
28.0499551300507
28.0792457717404
28.1610943769964
27.5807305460029
27.9732626087997
27.7405375736785
27.2188972678544
27.7668315651153
27.7525805164704
27.7602175790789
28.2628293191214
28.1370491184812
27.8887222593006
28.1981973949938
28.5951957384906
28.638103554497
28.3221398039918
27.6579663425286
27.7379145754429
28.1867495791716
27.6569845853058
27.492188347847
27.8865676333943
27.7953238172592
27.902294456356
27.538091922302
27.288666485354
28.23060427283
28.0611503909896
27.7396893177343
27.8856819988074
27.3351802172461
27.4805637917767
27.9814101881419
28.1222669190884
27.8308210878153
28.3702001117936
28.2699137788449
28.2237474056532
27.9656238173215
28.3855769757593
27.3630303376832
27.4585738122859
28.2039833281275
28.0521618811437
27.4864879723246
28.0230241359946
27.5024914447446
28.1828311636702
27.6611908578461
28.2294790802342
27.6666976965133
27.400054729927
27.7864485983073
27.7800362476354
28.3946467426292
28.3546619427664
28.16357201615
28.1906149575978
28.1692868783436
27.935099454198
27.4045483182497
28.4699346503297
27.940169656464
27.7056905661795
27.6498526177243
27.5799874783664
27.6655794406861
27.0617112014879
27.051951469684
27.9371810111155
27.9054522001705
27.2694772965019
28.2701158542137
27.9649359582484
27.9787713912904
28.4962011765442
28.7478239855571
28.3456120762176
28.5420039355067
28.6280007141998
28.7624944318062
28.6218525455766
28.6678896556016
28.2520673161781
28.1879723871979
28.4980808253649
28.3925264014743
28.3755249508195
28.2029002121765
28.2828532500656
28.3630375338262
27.841066934028
28.3201075489628
28.0275294205268
27.8470750219885
28.4398930103528
28.227386833671
28.4692497591395
28.6433767522685
28.7600370808112
28.8078363577194
28.4519773570612
28.1475694343739
27.8522409805971
28.6763526710169
28.1465876771512
28.0231092192245
28.140611827791
27.9889445360651
28.1563386507527
27.8043994684244
27.5774472716028
28.2569857208331
28.2906397771809
27.8727231928943
28.3418467446229
27.8890358572491
27.9607320942079
28.702346212769
28.8555312136065
28.5651730869468
27.9598564942521
28.6277666948653
29.0547491658856
28.6126600824786
28.4181565474159
27.8996374573281
28.1843241593276
27.8987170810079
28.2690741791943
27.9867572731767
27.602845166742
28.0236343964084
27.8155495588286
27.0761698350615
28.2805537455862
28.1103385376441
28.0194450213992
28.4810506827231
28.495813241611
28.1886554410268
27.7413760404387
28.5658276226428
28.5608141167111
28.8204773785002
28.272815968572
28.4898608792966
28.7382775469929
28.2302677599866
28.0499443645886
27.9915513457822
28.3116598923727
27.9724004630698
27.975950280929
28.1521385030246
28.5287702204906
28.3499830296497
28.073633724153
28.0857145668969
27.8963270698837
27.9865827073063
28.6189797410095
28.7974718092627
28.2547605337842
28.3158681642264
28.6480107269436
28.7878214645188
28.4124023186894
28.2124965049186
27.6608262182634
27.8897973557736
27.8997323585914
28.1256885921301
27.7842838529048
28.0029908383134
28.1546558258844
28.162797865989
27.6411575601649
28.2688698363353
28.0109248134259
27.5488999905642
28.1210771855134
27.8208055481425
28.3534028899409
28.4047050544175
28.6458572791971
28.709060188466
28.2755006965643
28.143282835361
28.3673695008198
28.370235135184
28.0773132556641
27.9259160674488
27.9421683140661
28.1972849272884
27.9578951370278
28.0823697347579
27.8609885060435
27.7169523448818
27.9833412939295
27.5098926949538
28.2811900132617
27.7491996305854
27.7557710247556
28.4946721278494
28.8202492306145
28.4318254996651
28.0766067373536
28.7499906310792
29.0971378576235
28.7156016745576
28.5187783660649
27.8522152055151
28.1358558749892
27.9120475613079
28.3526185020714
28.0992283136431
27.510644076922
27.938592002663
27.9894319893395
26.9488693159864
28.3751735462838
28.1686892168348
27.8294981811116
28.4015027004265
28.3436215217416
28.2926025937854
28.0534012628068
28.2814258860639
28.225033701102
28.7782446933033
28.3396809728708
28.2575100879147
28.7781550484799
28.2580068436502
28.0267863896506
27.792246093353
28.4524522463129
27.8079729163147
27.7676462004091
28.1944088579398
28.3566228959476
28.5085476875891
27.8065234835266
28.0755953731218
27.5934655760367
27.6212161665786
28.2236744878547
28.3171321543026
28.4578135733405
28.4970822368078
28.7731904413318
28.910037588919
28.4490221597123
28.4957091640183
27.7339740484137
27.8192332261598
27.9721853614586
28.121316215766
28.2609476823854
27.6888797656727
27.6152575518593
28.1231091714707
27.2283697304366
28.5197625567603
27.5388806010435
27.6239035409717
28.3314418379021
28.2226706971641
28.5385095231199
28.1851856141612
27.9797728686259
28.1366911902559
28.3333555114066
28.3912725293071
28.4756011191548
28.8504234951331
28.4846110592191
28.3361628528752
28.034014517896
28.0463286815513
28.0497413408578
27.6295313901265
27.7770627073689
28.1456410242085
28.1212148477124
27.5646498781773
28.775177140386
28.5007218150469
28.4998862041044
29.0025689897693
29.2650088399097
29.1085010441576
29.019836936586
29.1403647712317
29.301826418485
29.1309062484143
28.9959710894478
28.8235378958138
28.6930336733702
28.8702895174736
28.8548785718195
28.9469955304553
28.7735246989551
28.8931716786029
28.7739252493003
28.3214542995442
28.6665641393639
28.4749056550845
28.3276851015933
28.934428281661
28.6405818073085
29.0392099878868
28.9531271091102
29.1098419379681
29.4610407314425
28.9038912829188
28.4025582491971
28.5737088623458
28.7805968843926
28.341100497068
28.2419318397828
28.7370759212454
28.3890587783628
28.7638303486442
28.0512215255568
27.879222645032
28.9340324763093
28.9197675339579
28.4456470865357
28.0343818767973
28.2078549609184
28.207019349976
28.6285638572686
28.5910988590956
28.2466625554086
28.3596506554004
28.9351157931452
29.0507557005468
28.2425593005426
27.9691077706718
27.4032137760844
27.6706445001397
27.5955050057286
27.9491469831931
27.6703776324015
28.076357664398
28.1092493129459
28.1103950737838
27.7511900903908
28.6957903582979
27.8397486821975
27.4467897978037
28.0537733907877
27.9977836077128
28.32434929517
28.2879264399052
28.571413122589
28.6346160318578
28.5497945896883
28.5595247487757
28.8663329640635
28.7608967250931
28.5428161685913
28.3362432318526
28.1861222729283
28.4389337721271
28.20184909589
28.3134156274616
28.4110164066111
27.5115709533236
27.8134982757827
27.7731831263864
28.6038461997828
27.6487765286218
27.9884610701736
28.8086650519421
28.7938978745087
28.3553380927577
28.7213923804087
27.7533241232081
28.2862630353993
28.5777106771681
28.6147319833581
27.9107357750939
27.8570689370916
28.4916927734482
28.4904973188591
27.9888354649855
28.0575878831476
28.1457936047424
27.987369006955
27.695754604999
28.3541692451042
28.163939576312
28.0922265988662
28.3443132431821
27.9786444324126
28.2333519140225
28.4990683594331
28.5310851608335
28.6931311977443
28.4717099706278
28.1959974648592
28.5628198962977
28.5377334987968
28.2551893839615
28.124164506253
28.1243078121621
27.9621951630544
28.1400346351238
27.9616389411473
28.0678797962934
28.1876768591986
28.5175390600172
28.1478193062188
28.5088741916739
27.9483610779085
28.2284284668676
28.6121843711793
28.4636984555444
28.825155744711
28.8046336011084
28.5811398074929
28.4717442852604
28.4731997017596
28.8163393410654
28.1254600829034
27.8515145420152
28.8071049637388
28.4447648942535
28.0950410511567
28.9373909200185
28.4065367418329
28.7647261594493
28.4853205206076
28.4388767794931
27.8032610381282
27.9972545907573
28.4262953140593
28.2359636765315
29.1879102444626
28.8265907945548
28.881073314388
29.0774800248451
28.1245013977864
29.0340207772909
28.6519380720332
29.0053075631246
29.037550847636
28.7808168079811
28.4860620223348
28.2242183006197
28.5128164497336
27.9760145016529
28.012755706757
28.4142553845822
28.5292139373077
28.1424238314243
28.9164673336621
28.804039446188
28.8178748792301
29.4611268385931
29.365169420534
29.3404901146713
29.0331346023225
29.0205388552267
29.005189469524
29.0363601601574
28.7960506462809
28.6135213852379
28.4902986594015
28.8793315142925
28.812189529374
28.5834326474653
29.1716521410163
29.0512802969107
28.999317674421
28.7195817416053
28.7763607463504
28.5779301039113
28.3539981419126
28.7460825254001
28.2539653932577
29.3716651379883
29.3066594151269
29.2816414120055
29.6338203937349
28.5316081248469
29.2331721998043
29.3579046850508
29.0630822683953
29.1874412706369
28.9562208166373
28.8109425158109
28.7579134927425
28.8376969432098
28.9012363410478
28.7207850811341
28.6144225493442
28.6897545328572
28.4960848773016
28.1336143832229
27.9769493083962
28.1328836202894
28.6329202712818
28.6997530964313
28.5262024070264
28.3340022411073
28.7789623899043
28.6710706867598
28.1698617411021
28.1541622606758
27.6055604912113
27.5530458533683
28.2872053720467
28.1462962056066
27.360739904663
28.647530569626
28.1874168034361
28.5728313511444
28.2272566023458
28.8089458953656
27.9883760972812
27.6555600311791
27.7257616347491
27.6622401821289
28.9679127205115
28.5975881293889
28.4217335311065
28.7743768588341
28.2549584819403
28.8786721867907
28.8689887127308
28.9447254674594
28.8268892981347
28.6115703024033
28.2559246603823
28.2317351916369
28.2826790877811
28.0872861711929
28.2356086513533
27.9802918941758
28.2258759766502
27.8650257144717
27.9686781039169
27.8928123543934
27.9977206662511
28.5637690614004
28.7203468685147
28.6402186198316
28.4369610019543
28.7673887515631
28.8102162731765
28.1191119537636
28.231324937814
27.9134656685344
27.6213810800878
28.0912535059886
27.8552496584598
27.8515804986311
28.5770360985443
28.3411433640938
28.5217609468982
28.0839260157366
28.4039678354369
28.0127854338804
27.5222896158424
28.131927107886
27.8384894765479
28.7419620553366
28.2558498500033
28.6396058348163
28.8519320198911
28.0093946324168
28.5484664710463
28.586947297017
28.6106940628308
28.420358086285
28.307801013543
28.1588771146529
28.1804553791595
28.1400677864131
28.1707300053544
28.0966773955586
28.1656391597316
27.8871291295061
27.7442345133957
27.455705045448
27.1908031404992
27.1747186675947
27.757664957127
27.5830072630753
28.0930687683124
27.9109731509631
28.3500897660458
28.4400467217232
27.5880556882951
27.6713854124111
26.9242199609057
27.1152357830092
27.2036940651978
27.3210437973092
27.5997284046644
27.5158087308762
27.2935650210549
27.7217080632891
26.9884419994439
27.9775539294983
26.9203055941583
27.1333033222242
27.6928762201163
27.659240881757
28.0508771865219
27.5503291550474
27.6455928716874
27.9014708338343
27.9944045542467
28.2320080594644
28.0338463445195
28.3066404409055
28.0647737540679
27.8432486665314
27.5382059592807
27.62770400714
27.5539327822424
27.1853535940566
27.4585267787559
27.6215726792888
27.4327453124874
27.3510777263591
28.9175499952775
28.683022557132
28.8156777478989
29.1798063694903
29.3960056187319
28.9980129209718
28.8705566221628
29.232370428903
29.5900984301865
29.2598261467989
29.0460774292467
28.653726117953
28.7019926606056
28.6666095990048
28.8760853613596
28.7706587163792
28.6042300027516
28.8892513226221
28.5252470614036
28.189155601456
29.2466647391944
28.6164494187072
28.5567137511703
29.0389813119244
29.1458439889926
28.8533707766309
28.6398372716056
29.3291128101818
29.3124052559971
29.3689676485044
28.8013368029463
29.1950129408171
29.3984368364736
28.8907610135246
28.8138918307025
28.81428676143
28.9184632365816
28.8413751528861
28.8036424023792
28.8314095674295
29.0109462396744
29.0081164806728
28.9566264163425
27.9229151335397
27.7535661814159
27.7316581117479
28.3797481933597
28.2303655086724
28.2156368394758
27.8847025584943
27.7666793724307
28.1762532711852
28.1930644058393
27.6801277996027
27.7552606770505
27.5758020914695
27.5822674798372
27.7503291477698
27.9055939286208
27.6073368528471
28.01042068694
27.2689508085002
27.146826817611
27.8403229269158
27.4496363554645
27.600513410316
28.101990404983
27.5918146818585
27.8013648003074
27.8971698426809
28.3441506491041
28.3348338007039
28.0405472930564
27.2223068754087
27.797051576934
27.9256214625567
27.4012055814966
27.203315995493
27.6466401725711
27.2855966456246
27.6623669955328
27.6868772788415
27.4063360905516
27.9713795300526
27.8674406150171
27.8624196205502
28.3341219525073
27.8294771461906
27.9477586781479
28.3540258517376
28.4865251684856
28.1899144978538
28.4918374707001
28.0439952450006
28.3070750006507
28.4228494854939
28.5262800851474
27.709189638024
27.5977534346589
28.3179024768329
28.354178610032
27.8598531835683
28.3034088175037
28.2398754726205
27.9650227731568
27.8428987822676
28.5363948915725
27.7269522280344
27.7676129199134
28.2683518683299
27.7871796343608
28.4850294414868
28.659223379461
28.5661140155814
28.4992976482418
28.2618982168381
28.1979678322242
28.0820913417622
28.8519291272378
28.3725591648423
28.1114495051598
28.0860334202241
27.7542123111665
28.1017602431858
27.8465521126536
27.7902971670749
27.9482928504901
28.3406155064628
27.9277493063764
28.4763495399859
28.1481540708129
28.1616318163362
29.0873368089649
28.8756672722049
29.1492250360941
28.5099540673643
28.419164826134
28.7751079256419
28.7795217359972
28.1762886252405
28.465550790503
28.174167630576
28.1896150467824
28.3307869417982
28.4354620527304
28.4486822067145
28.5582630147924
28.3348197857242
27.9237756917761
27.635597131713
28.2567406301508
28.1155132958786
28.4750498598907
28.1819301852372
28.6227872168185
28.3422012508077
28.6642908503086
29.1137901533914
28.5087635936626
28.1326692991989
28.4990730874341
28.0644681023132
27.9193422927344
27.6538804462324
28.4410688773572
27.7248355186971
28.4222595491174
27.9836992608786
27.9299028489628
28.8234626770712
28.532142382752
28.4352697927002
28.1968934085368
27.9188526811177
28.2641006978374
28.7911095236596
28.8509709238362
28.8536402224244
28.8913699432671
28.7950907432002
28.7034949841413
28.247302258263
28.5588491625966
27.8708727893947
27.5395337588781
28.451829787749
28.1733036951182
27.8407840516221
29.0768126931851
28.5552231178593
28.9629502721948
28.5519061782467
28.6141258024686
28.2512899086164
27.6852738076202
28.2122276045524
28.0014736683257
29.2190320134282
28.7202136386206
28.8126085961152
29.0287016450937
27.9932138140714
29.0234559156948
28.9152273979218
28.8112245590124
28.8953475309336
28.7472475420159
28.5155416385184
28.5554366165751
28.4967323102786
28.2760565476395
28.4437643594033
28.3016562362195
28.3149958782537
27.9036094577886
28.5171643202281
28.2615939109066
28.2607582999642
28.9285882579766
29.0061817791529
28.8079515340548
28.43580166833
28.2193058052619
28.4879375094991
28.7669346796293
28.3512343792952
28.3463376267705
28.1939064374154
28.4489515570933
28.4454893755512
28.3159185950238
28.3701052696186
28.604409307093
28.0966044450454
27.9070072657705
27.9211204919421
28.151167823769
28.0103852866857
28.4981443937669
27.9677460276592
28.6667425782441
28.5730887505687
28.5812444632554
29.0790197346266
28.0571676958306
28.2386794054625
28.7512243385327
28.0955607879035
28.2566707799418
27.9523812160314
28.5410862651197
27.9524025350165
28.5568130880814
28.1929946523279
27.9412139671131
28.3216238071376
28.4670787510512
28.1665821317898
28.551306137438
27.8270725626789
27.9727938538288
28.4739946068013
28.6145989391562
28.600352702676
28.899032751804
28.927726740785
28.9981718552861
28.6391187839109
28.9395920030539
27.8462682470627
27.9407794853765
28.5275828339241
28.5336958735576
28.3395131226231
27.9893881646079
27.6957311398045
28.5244536344099
27.5743137633122
28.784551787092
27.8862247173944
28.0781210574048
28.3981056323217
28.5691792644186
28.9250488059955
28.7864377963079
27.9707637347986
28.3427188637334
28.8423014511229
28.9423186232412
28.6273209859791
29.2786901843684
28.8751428756807
28.6700369006925
28.2548504357859
28.2120872367757
28.2816048631847
27.3300836098797
27.7849461456807
28.4721378504122
28.6666979079123
28.0109222954514
