7.44731973016513
6.83382160404739
5.64593222017793
7.16565717771642
7.22889390953139
5.04491337943433
5.72974051439095
5.35294895952911
6.27907465722974
5.10737743082404
6.78584922799417
5.58641863046532
7.18872051083671
6.71718573137293
6.06188037610445
8.00034007963489
7.13928415007037
7.96614247327896
5.53446884638149
6.45497734384881
4.9752942667085
6.44209305328137
5.24448333199366
6.84929471555785
5.40231171163039
8.07741056780508
4.96176509698409
7.29467817889601
4.69499310322144
5.37370552941842
5.67420787666562
7.09896315009793
6.73823939627544
5.32234937710543
5.24651233400069
3.48533849118954
7.2258915006976
4.48571326792997
7.12312656542016
5.98949110955302
3.54083312145545
6.26966213290324
5.05224541603674
3.14718929591332
5.60653963109658
6.52928119231287
3.95662791900646
3.50398083069993
3.53796493288658
3.63320302812469
5.45670629327682
6.48208994378211
5.92752975022731
5.91265573699627
5.92068180312815
4.82891636415638
5.01587882041586
4.42522952298478
6.13326137324093
6.20405977597726
5.68909250902067
4.54895298281737
5.00933363957466
6.1915068895304
7.19320084580319
6.93708367666498
6.11883752929793
7.14334491293192
5.79113258633036
6.49319877668508
4.02560950221145
5.36236752119935
3.46075263971409
6.62242097410983
3.18221206673486
6.18445645123446
4.59662261768937
5.72122125398116
2.89875714999837
3.65278935942585
5.1629854524959
7.30962111537365
5.36497905138815
3.0785836845076
2.90400920208951
3.80579128090264
6.12159555718121
2.97554346123795
6.12514558615891
5.41503949098313
4.59662261768937
3.79556714234002
2.6549086621965
1.86411872192636
2.06817044994543
2.99091201116173
6.93337139215733
8.39377924170189
6.46821333142375
7.6997397671897
6.05448695134179
6.55627646018966
6.81204111095214
6.22139181352107
7.67767876581892
6.7105580587419
6.82088338512376
6.4868703852952
6.16473982131865
7.24392557833956
8.35959394327007
7.94228569075301
6.30407689492605
8.55363995647396
5.97637195195848
7.29316074286075
3.73379704887859
5.45236879158939
2.25399933438714
7.06693872471717
3.0903389439757
8.16297496444299
2.90524913391869
7.6997397671897
1.32219739167213
2.89671836490533
6.73488864661451
8.19819574090563
6.25977672031159
4.38504673109168
3.33790222211687
4.07562824023537
7.74466985482141
4.43760711301795
7.43777039529829
6.5362603742953
2.54980491835036
3.92855151954794
2.92894074161126
2.79346920731611
3.6547082356892
4.12227816876521
7.254831505539
7.98907791112061
7.15037676029581
6.4709839637164
7.74484052363509
6.01055725039029
6.91626295331893
6.50866662847093
7.21192463843138
7.38570066221117
6.94834385706776
5.1692099475529
6.99577092434199
7.19009480318122
8.59475753373319
8.15017260697746
7.6576843565809
8.50262111598029
6.55627646018966
7.96613922835897
3.37638991158438
6.93942825642005
3.47465995141062
8.28759934174064
2.73509592465252
7.2452381626369
3.12970942658155
6.05448695134178
2.9251697226384
3.24843793326704
6.41342853323283
9.08232442796631
7.25617824091738
4.69443944280552
3.263215597441
4.93863311103661
7.36885441651819
4.12659399025656
7.11454855643589
6.56848275100123
3.86009120788477
3.75686507415325
1.93077749552474
2.60319421308508
3.68686515778033
4.60960671899661
7.25659323101974
8.68105405665174
6.05893834069708
7.15402055739034
7.1137029942346
6.65131335918259
7.23752187045545
6.82992554560744
7.77271566481186
6.93678007688548
6.49766154626134
6.26064836715163
6.67627373268621
7.15590950474942
8.62573130656171
7.6190638518906
7.07798104459489
8.743914950705
5.78609695772746
6.96993890399833
3.79288692395899
6.26448684919594
3.21621555656112
7.61265793451653
3.05635484178904
8.2562501379552
2.67902711577512
7.05702073667151
2.25022831541429
2.57349652604294
6.51042835395166
8.64691512998616
7.22199294248556
4.70077290377461
3.52993894182864
4.16709531650061
7.28888933410637
4.5326440120109
7.5310455688105
5.89354134377712
2.96433900899909
3.89240329939023
3.02221591512347
3.01969122545969
3.78386497849915
4.31255316299625
