2.15741867432404
0.507476833559856
3.49393615607011
2.24135629745538
1.72794875403789
3.21803653671142
1.38722649408152
3.89769278277323
2.99433265254379
2.62205982558197
1.52243050067955
1.01495366711971
3.17237234144375
5.51641607479442
2.11458299202211
1.55382672136002
3.4607395179108
4.55931011394827
2.62205982558197
4.29564044249501
3.87926056353996
4.9630667406514
6.04261326661089
1.55382672136002
3.95218266277437
1.01495366711971
4.19192023563828
4.45558990709154
3.65555667937232
4.94463452141812
5.03991968485269
5.03991968485269
5.76477102707629
4.16303351293218
4.46976247517287
3.66840971338214
3.21803653671142
3.84253174606
2.62205982558197
3.34098562235778
2.62205982558197
2.06130355491989
3.16093287982228
5.32003318562633
3.11012258443129
3.73881153920326
1.79904429631292
3.2313347056434
5.40182981979817
2.131705380741
1.88754417388252
4.00212716590463
3.49465033234478
1.04634988780018
3.57479248536406
1.55382672136003
2.62205982558194
6.19307960275025
3.87926056353995
2.39502100744238
3.92389367720949
4.77314086502619
4.46853403127164
3.85856543475628
2.11458299202209
1.38722649408152
3.66840971338214
5.61507920049298
4.46853403127164
5.80681489040251
3.83984507649967
4.08226931892391
3.06731565180421
3.15935291128689
5.29933805684266
5.80681489040251
1.8304405169934
2.71055970315157
5.90930665335802
3.34098562235778
4.01542533483663
1.0149536671197
3.84846245591763
5.12521602416481
1.73387946389553
1.10345354468931
3.21803653671142
3.21803653671142
1.8304405169934
3.85140628099742
1.10345354468931
2.89867362121532
5.09632930145871
3.96105719771179
1.10345354468931
5.10760236693312
5.33846540485962
3.3717837299801
4.6426560639495
2.39119678765547
2.51797009308873
3.72551337027127
5.33846540485962
3.3717837299801
5.91646580711689
3.89769278277323
4.19192023563828
3.68444340207842
3.39021594921338
5.40898897355703
6.08342868603589
1.89470332764139
3.84253174606
5.20717905448368
3.55863705379147
2.1145829920221
1.90084234281452
3.17237234144373
5.48379285011705
1.05778934942163
2.40831917637438
3.00047166771693
4.01542533483663
1.89470332764139
3.10644299982115
2.23542558759775
3.2313347056434
5.71879940734971
4.27388326595715
1.90084234281452
5.71465588804353
5.09752813776932
4.04302022803067
2.9972618058265
3.73881153920326
1.167440266136
2.8275780789403
4.9763160165572
4.55049706159053
4.87686107188293
3.65675551568293
3.14927868212308
4.16423234924279
4.55049706159053
4.87686107188293
3.92389367720949
1.5652661829815
2.11458299202211
4.93470877815649
3.34098562235778
3.33505491250014
1.61093037824917
3.46941713509281
4.32351173773992
1.89470332764139
1.0149536671197
2.62205982558196
3.12953665914182
1.05778934942163
2.9286116162367
0.507476833559842
3.66840971338214
5.91646580711689
4.00141298962997
1.52243050067956
5.22893623102154
5.32003318562634
3.89769278277323
4.46976247517287
3.16093287982228
2.3450765043121
2.11458299202211
5.12521602416481
3.89769278277323
5.09632930145871
3.3717837299801
2.9972618058265
2.9972618058265
3.68444340207842
4.58885246789886
5.40305826369941
2.11421346638562
3.34098562235778
5.8387830846606
3.1295366591418
3.55863705379147
1.89470332764139
3.1295366591418
5.56216928902724
0.507476833559842
1.73387946389553
2.99433265254379
3.50180948610364
2.62169029994548
4.55049706159053
1.73387946389553
3.11012258443129
4.43137051076934
3.89053362901436
0.879749660521682
5.8387830846606
5.05469245546739
2.5989661662613
3.60898203857318
3.61759941799114
1.29156746275306
3.34098562235778
5.05469245546739
3.10644299982115
5.3384654048596
4.12139666694086
3.613919833381
4.12139666694086
4.12139666694086
5.3384654048596
5.04975466065956
1.5652661829815
2.62205982558196
4.93470877815649
3.84846245591763
3.33505491250014
1.61093037824917
3.46941713509281
4.83098857129977
1.38722649408153
1.52243050067956
2.11458299202212
3.12953665914182
1.5652661829815
3.43608844979655
1.0149536671197
3.16093287982228
5.91646580711689
4.00141298962997
1.0149536671197
5.7364130645814
4.81255635206649
3.39021594921338
3.96228564161302
3.66840971338214
1.83759967075225
1.60710615846226
4.61773919060496
3.89769278277323
5.09632930145871
3.3717837299801
2.48978497226665
3.50473863938636
4.19192023563828
5.09632930145871
4.89558143013955
