12.9598063989305
14.0801150407385
14.8604078337055
12.2885777323874
13.6084705173341
13.6796820748813
14.7672165633993
14.9311106824671
14.9311106824671
14.521018082987
18.2773996777211
19.6012570552674
22.5284819863962
17.7419902742652
18.8784306908317
19.4752684843886
16.9648169824968
19.1747918858705
21.5156994809353
17.325450613592
17.520174116108
18.4663850286606
17.5527388211605
19.5084053274383
21.7951944228566
17.8598625617805
18.1414869743565
18.7419809208491
17.6352384343311
19.3172129412085
22.1898285631159
17.0977652458361
18.1930959241196
19.1357406522969
