5.24044335478717
5.88758353525836
4.92034408661254
5.05983183985918
7.31597352289477
7.67851390514139
6.03819163895163
5.19574161632879
7.12721816889199
6.13958433907824
5.89212132419853
4.57418613198234
6.71159198144015
5.08600562992641
7.42933864971504
4.78127384428836
6.51696489242895
5.96950511231413
4.40358651828593
6.4225184167885
6.07520411261522
6.40326011973895
5.514646946771
5.32447228711161
7.6707189797149
7.30504016584982
5.99247651755154
6.09253850205088
4.67125904520312
5.76395794524943
7.54850467660962
5.24168115632991
4.79087266174809
4.73216707508737
4.91085815407079
5.77004187960706
5.53213552535879
5.88452497964432
5.12364848864653
5.28918811403886
6.61678774948072
4.05632415304768
7.1975892834522
4.50460250452986
6.70178054451202
4.91344621959219
4.92126554662919
5.91859475781039
7.1291756596384
5.76924104872302
6.50664448726148
6.61236048070997
7.3490248739524
6.29890967450836
6.02061582747741
6.71907666744332
8.05503294605741
6.87286904243912
6.57094068353249
5.36726772157742
8.23849370046044
6.26902552000629
6.28734857121979
5.07850408188518
5.38794983924635
4.86332648090186
5.35737947564371
4.96285927166279
5.84862116714106
5.58055358007001
3.6461505424608
4.62372536416053
4.95428895297498
6.03049621270795
5.57872279937211
5.00108392449487
5.01350263000357
5.98631355656122
7.0681739633659
7.1438927500519
5.70493786663324
5.92161696853714
6.3620636215196
6.53830125001138
5.52664485039851
6.82917992733747
6.36618094541851
4.89969883993714
4.94237457209708
5.67415125112626
3.82904986392473
3.8979456316459
4.88401993402131
2.77763317808705
5.13885198634257
4.60259911587938
5.41045579728341
3.73702690510543
5.80249091896577
5.71853706744076
6.18549728250259
3.93840517416502
6.18067686246316
4.87735765061021
5.07201709565216
4.52337885469145
4.70138448046682
5.63334990942336
6.14637041963879
4.94076921928393
6.12746690167643
6.19376419845298
6.00003946741726
4.95338252981321
4.53218439156004
4.43237612158664
4.8093104026666
3.46728474510455
6.96514553462161
6.49918124694646
3.66202241658678
5.52930871128931
6.90359421182387
5.5299844343111
4.53760815623257
6.63179724295442
5.46691356447625
5.52224018499552
5.34643408598739
5.26675793207322
5.14143506940409
3.78841537991329
5.23835949050256
5.06223470451778
3.77786644126625
6.08057215319511
5.89770538192956
4.67951405529902
5.22527622636586
4.55499130324008
5.90980586488068
6.83474137862271
5.41762479400702
7.17650472066753
3.99398880279483
5.17874163752623
6.24927944062867
5.77184944030935
4.67305974729566
5.36944487810905
4.92605544483104
4.81283226492063
6.08365544927101
3.51054287993968
6.47454671950734
4.93727563084824
5.79174350235547
5.57289629622152
6.23306823772277
6.22165139245037
6.3052564782708
3.77026066052439
3.35281724270385
3.51029156885897
5.38212249288005
4.74243713017242
5.59003125849117
6.3599851408675
4.80863627516425
7.0415120515048
4.21117011032973
4.32378573737475
6.35429127954844
5.11223022286142
2.89857576012928
5.82896555656853
6.53357731027078
4.62693766581705
6.72320245012682
3.70717665008868
5.99174432897639
4.78709629180583
6.44740731352524
6.02366641566639
5.25550158653474
6.3998457914147
6.99732825878004
2.31613392089019
4.75338561735682
3.5884988999597
5.77974601884716
3.22282593414621
5.4201565642948
6.75828802229232
6.71660253978722
5.06100958771251
6.24856918527162
4.51555504225798
6.32455956714652
3.99398880279483
5.67743405502159
6.43349175115666
6.29801022943195
5.65930783147234
5.29782082878863
5.77117918465152
5.88248907273917
5.78375119739994
6.77625114660803
6.49363497391344
6.40685413726221
3.92736072782111
6.26928402345865
5.43140408719759
4.49403714125053
5.27359389056369
5.30906529632631
5.11429066714182
4.32777491141444
5.37436594925734
5.81301058289019
7.17674357593963
4.81390394834374
5.36846902782557
5.01611870456952
5.61513757336759
3.66812775233269
6.6127014122906
7.4543159879627
4.43229859230722
6.56499082880567
1.60193865400245
5.9526111786438
5.70783496949775
5.49313854784161
6.9444050933583
6.45127516389737
6.06386943760492
6.47548027382252
4.75111856316107
5.37922273190466
5.44356183769592
6.71245993236538
5.86747510361383
5.74492044472429
5.59382244517557
3.6184745022473
4.88627196479949
4.94020247666733
4.27800182572201
6.45700214940757
5.41449468392201
7.1685079080305
2.2320351873028
6.16304460007818
6.96108640756021
4.24212505302773
3.36571199190604
5.1129238296242
6.80440539156252
5.42608987144746
6.1516025911467
5.07965970807638
5.63917598937674
4.59679519926211
4.42543760200397
6.44193960270581
6.33506732140142
4.70696634450604
1.50407576044195
5.81131434316415
3.49703126469547
6.27132425807169
2.33459704477437
7.51262401870267
4.11493457477777
5.2763577928264
4.93041204104324
4.66038593029161
6.80230242523674
5.32464724790192
6.38400505194127
5.69049798363835
6.47704155139086
6.14818883133754
7.31097539154153
3.61407240668877
5.74762148844823
5.31550426455931
4.89298796631846
4.70786275733033
5.62379400456192
7.36720040429062
4.70720376304545
5.65429948504846
7.76582731083773
7.23164616840389
6.86403455687638
4.69528932048039
7.01518956157325
1.69475244493287
5.33620165684518
7.35220735474719
3.7344174921495
4.79790713741226
5.4055873331755
6.5249928693758
5.85517666584809
6.57584865947795
4.17067032607691
6.55097981410552
5.63840304459539
6.51168440775509
4.74654803368963
5.33484008052899
6.8729182232082
5.97155792555722
3.87381694991827
5.54195265931676
3.83299861814599
4.75473334924447
3.90151157273355
3.67172216996199
5.24445216628666
2.72189304143381
4.5377902314874
5.64889423197815
5.84525542533192
5.28870145209068
4.29763161786378
5.00857996025783
5.39115982225778
6.09196757778125
6.27072545077737
4.98482166097753
5.45198263321615
5.47541304515194
4.91113031732267
6.62824947092519
3.67421083731858
5.22838104984992
5.76830705191263
4.685301550362
5.0345818284537
3.97371440035996
5.51162422921631
2.68920507272544
6.19901895403068
6.55935385422576
6.11977012803467
4.72655886185576
5.51492491377459
3.29839097109726
3.91807257489264
6.67991504056907
2.96127108231679
4.74802773016041
5.86698493726103
5.70631227681979
5.94169952314176
6.34539993331502
5.08660969175535
6.43372313320044
5.41308888429474
5.80619586045695
4.08036193014184
4.7769166545592
5.48190150742879
6.73853557064788
4.67612877203151
3.81485373505079
4.92297856605881
3.7633425286938
4.5012869261627
3.20992681293627
4.6183547240789
3.56475763970404
6.24350397817705
5.11487612444513
6.52391405219018
3.20992681293627
5.04736285262204
5.16087987232535
5.12907225331907
5.24014807826158
4.39510030423097
4.28635720321831
4.71776515750109
3.61626275860084
4.58466113676728
5.62790374912509
3.93463359634973
4.96808206867023
5.33741182813998
3.89076996295299
5.60106522234511
4.70456172663944
5.66286807553013
4.78610768863712
4.32056108293906
5.16643026224624
5.8704831890554
7.11677252984239
6.28116119123167
4.84758977560899
7.10224160952731
4.99029954755644
5.4388781330222
5.62529444955788
4.64170870781716
7.27068475508782
5.91443294162549
7.42744925206041
5.3510797992877
6.13179477429381
5.04109515721231
7.65109391335595
6.24431690028162
5.9607083883385
7.26766573430177
5.9293656260936
6.02043908382182
5.40907790506825
3.41418005056708
5.74754744427543
5.14395662154323
5.27241880082125
5.79028926354238
6.01131529580496
5.38577343848471
7.39033685041363
5.12377006710229
6.0210246957357
5.09203493247172
5.56695891352327
7.06562942089491
7.20499791433089
4.72762169953018
5.47714962297637
4.65839454005988
6.02935981149977
5.23199201813139
5.9551278350121
6.17163104622095
6.87026616017559
7.16077695045796
6.62322599436186
2.73102205432801
6.7323939717347
4.80235129260851
3.01133583648632
5.58181424284671
5.41356830575852
5.24218632680229
4.01466959544168
6.08325034912241
5.45283994396282
5.69300381519908
5.2818965859643
5.9139507977181
5.16745160594622
6.01292753034085
2.2320351873028
2.88692041527054
4.85952016099998
6.18851877295549
4.33669868108936
3.230457780372
3.03371447104545
3.62250341420161
4.67079275170904
5.00529504746874
5.43379878134448
4.36175451986346
4.76949482830007
6.76039655962805
7.19560895150681
5.64232285986735
5.66529506709863
4.58608250544041
4.68356225009395
6.87046921669948
4.06640424681165
4.62567004341258
5.1884666582044
5.51927699502401
5.92176476349859
3.97794500679749
4.21267877777969
6.51476054695548
5.66204128588405
6.87774588373204
5.23230544749541
4.32977297300104
4.57672357692396
5.04396823988879
2.74766742245243
4.13816412589289
3.81557025857864
4.64398287955546
3.3488236966564
5.34791145999806
5.88102813958076
6.19961064686046
5.2419483371219
5.94780660901768
5.04450572708076
5.14250249611886
4.48380996664293
4.85478236038469
5.43842575136739
6.52347501385955
6.42396509864184
4.14602507673924
5.73808247062674
5.99763660275867
6.26961505644399
4.01427164909057
6.45433222035457
5.39835317863517
5.53872483994224
5.16037016451419
5.89536638876232
7.36200112064325
5.45418244789511
4.82680119032578
7.19535764350412
5.17940663864945
6.30755013285831
5.11965578520035
6.76342936623349
5.68100996412669
5.66689577585108
2.57568805302213
7.55359364984101
6.42633742216486
5.99302996187871
4.43709328325048
6.91327937812069
6.17589757943799
5.38490483469851
7.82354223439122
6.57829513389566
7.38602989737814
6.813295368474
6.03376702829176
6.05803231866319
4.52989367224759
6.47966416928038
6.0069456309692
5.30881026762128
6.04720374033754
6.28091828340444
5.01073559245932
4.69573237266945
5.72193917544661
5.59007311504229
5.94016891474029
4.73908867858728
5.72078151826875
4.53780747359865
5.93972950226843
5.78655052928778
5.96732368668376
6.67038910832811
5.18911074165641
4.19351863251487
5.12990465827285
6.36374054883869
5.34003001159972
4.98255493947709
5.02261548267595
4.97455144820391
4.26835967258934
6.68589284000772
4.992124227426
4.45275800527199
3.83304034867723
5.62344678243447
4.57119769164301
6.36474751447673
4.81850607118291
5.64440484492406
4.79572622168784
5.19037764760203
4.79358619081538
5.72130967599497
4.022491706732
5.01739709698743
3.31506863356528
5.08099540427465
5.78302977502322
5.85465714104123
7.04056336705017
6.41572826068237
7.15900292740132
6.00991186293766
6.46535519789947
5.58397128370099
6.08494603963133
4.10042558579191
5.27361687781753
5.39015665438668
3.64531477915728
5.5918079396587
4.38751715197918
3.63804389657846
5.27968675120301
4.27315563228657
4.5803892132509
4.77087939187009
4.66616048784035
6.36203696559671
5.13476564915246
3.31452856924756
6.1537337600505
5.76020177843024
4.28676648501994
4.23853025151236
5.0461531468129
4.28097993989456
5.89249864804436
5.59479971289376
4.38679191180053
4.09228685519686
5.54689048420383
2.73894485244951
7.04670192704441
5.69141769044698
5.96169511227932
6.81885211124331
7.46305198227492
6.70582819008985
5.56395574622854
5.69887964505108
4.74208045182234
6.16660814079859
4.39484108050477
6.49194090550321
6.17939836332336
4.96581689062436
6.04420057304282
7.28895320258858
5.0567798051927
4.23850230680052
6.35727114619201
5.1284579764195
7.0162886435691
4.74375885518527
5.1069555450173
4.79264586150145
4.6730146414577
5.28075915182195
4.70228438996232
2.97616826511333
7.2366678917592
5.30725525822374
6.4142032462813
5.20822297195063
3.88720028270753
4.81005556152286
4.65080604954203
4.19913452872611
3.60111568215829
5.56892909208518
4.04066827369685
5.00653297576835
5.07011940146595
6.45141738784887
5.22065606407697
2.86583857800751
5.94673944363538
4.7635882225593
5.50418634291298
4.39573199630783
5.70219799491784
5.28955870422821
3.8550617587472
6.92454085525192
4.21322943723909
3.62820381777764
4.57176409479383
5.58229884177837
6.35640627848559
6.87367428156406
4.94265924011281
4.55630369878718
4.83826120594011
5.47204104087589
6.39194849260305
5.71955315291365
4.31480075370492
3.12114259847667
4.69905564068306
5.58373871897569
6.30928508349461
5.58961944767655
6.66525580814176
6.47268320197063
5.7894009834742
5.52193178357825
6.81508488613778
4.6250362836638
6.59257446904387
4.23641580370301
5.18923320879506
5.95091014679081
5.14800134159083
5.628397987331
4.45214738738761
6.05656834658584
4.64898191581156
5.12584375870544
4.70989094958716
4.6841898703177
4.80338162630844
7.27313034451511
5.29411764050547
4.47856774847343
6.79437614877909
6.36761304019347
3.67668017297025
4.58974020473654
6.35610433060514
2.9903923386991
6.82632092256828
5.73202085136185
5.69674309559277
4.44349680842104
6.43589476375899
4.34088350645196
7.1839230655125
5.74500319888105
5.8184529454215
6.7321625896909
7.84863501156959
6.75941369852391
5.24054851431452
6.6850324903421
4.41867321990832
7.05561242035375
4.54901478951235
6.61288348754544
5.55235948073418
5.82258991750066
6.8968886994617
7.41845493892484
5.17772238723493
4.35944488884275
6.48677288252827
5.25795971275576
7.65693103229768
5.91551743654296
6.41690672880954
4.41653437110291
5.54506635047336
4.9487927656139
5.56269191851303
4.26675586630879
7.1499783702068
6.5978428594192
6.25159749682671
6.3722621511765
4.7164600024384
4.57052777237294
3.87479274159262
3.72694095354504
5.18282968362449
5.93109289375029
3.76061209316605
5.26236969130251
6.584476329324
5.89279119904832
5.29083751676533
2.17541465664762
5.77609836990508
3.98890624686713
5.88272298687396
4.9437032605527
5.83191559927237
2.80847566870843
4.07939092392763
5.5492370536288
6.06345490126868
5.70963146990227
3.69023994259365
4.77849179954653
6.54864641493868
6.39025586092552
5.533562433012
6.9126254633637
4.13171378671322
5.16786679440859
5.53556557807647
5.45000637681634
5.4361420204996
5.82414959288275
5.20969509142669
6.04818708897163
4.98818746139581
4.17087106395572
5.70024387947814
5.22370399415504
6.76112064011565
5.67450524825246
6.45163325586713
4.09994851105312
4.94650166549339
4.72790752057014
5.29189231376294
5.66090826306062
5.79595418283412
5.47068397952249
4.62991010533576
7.14750493971156
4.42250632556799
5.634010835001
5.9401689147403
3.47816714518195
5.76471923822746
4.13332935151898
4.52126562159348
5.83048824924649
6.13182844103736
6.7519423108102
4.47143070970564
2.56900512411529
5.54413501485188
3.77492456895157
3.76240289654074
4.28001501744808
5.98852678900524
5.01464078134175
4.53173105688962
6.5689426219459
4.52107290817151
3.45520785616693
2.89447606530572
5.65450326184621
5.90052518518051
6.75036167842393
3.80059189975749
5.3675684199801
5.46662730094108
4.91354122265806
5.8115003622408
4.67650377353976
2.58900027383564
4.98575825421165
3.74369719752463
3.52023946837605
5.53258545664473
6.1180285253415
7.07161984646191
6.7787822609547
6.09857228024782
6.0409683423494
6.8284091981718
5.85004034677778
6.29782070086125
3.60168164589192
4.60321308604845
6.06105773363992
4.26846806243515
4.52233006453218
4.12414576767891
5.2680185917719
3.48243893601163
4.25523303451329
4.60436773325922
5.84157839494532
5.85363402791326
6.97788041693982
6.47744720075658
3.69564961006089
6.38687439853796
4.73180382248204
4.88035617692227
4.6777019791818
2.45127263180636
5.22833039566287
5.75287098949131
4.91617604156799
2.79480999690782
4.48236146724884
5.38504443985028
4.40953758772411
6.06066048752768
6.38505085524645
6.22497947250338
4.84631573590085
6.32474877616387
6.86187926414068
6.05516864979835
6.27931932785999
4.97425632270008
6.44610327574263
6.86873705019395
6.20071998588366
4.79400232933789
5.80249091896576
6.72661036188439
6.8807362395324
5.52981890663042
5.39401027644419
4.54842353917778
5.51524723010915
5.36314780125479
5.37596576074938
3.89412518953685
4.80084514750471
6.40711792037148
5.17397063173465
4.79742872958467
4.45982536879671
4.23856001684296
5.48313943572841
5.20425114674408
6.57275721600335
1.04607728713047
3.75537914277514
5.28763887574872
5.63930455935516
3.3663819111761
7.46171045994895
5.22199977236135
3.56887305471776
5.79527590842333
5.96342202425023
3.66781736188762
5.51321605099823
5.67955346527764
5.75473033153101
4.63366173481617
5.62105147473564
5.02019223026528
6.98395193681143
6.22853142310763
6.97255431652205
5.16448151114107
5.423615998457
6.13784881730097
5.69365110597908
5.65597582381747
7.02046833733896
5.47275431585389
4.84740911778886
5.16142859394772
6.84824907970239
5.57468942131932
7.82567175373089
5.08460815542141
3.98496654494743
6.42532215999524
6.94688839945838
7.15477067447765
7.18921243715689
5.12599869050743
6.07898293091493
4.27659148875597
6.02514212327848
5.72340329294255
6.02409214139828
7.16646357129261
6.14221744920257
5.7021668602653
6.07555767032422
4.95731918245468
7.53827127622039
4.20911764811701
5.87084535669329
5.9731186126866
4.99897036229041
3.3797505532431
2.33103110368673
4.93676463732615
4.85360886616168
4.60308786479748
4.30712844336085
5.63354072370499
5.78728476315885
5.09609113899159
4.04430452857926
4.19301493808633
4.63412777425906
5.44453995478586
3.5458517703613
4.36329327566364
4.10564323190859
4.04801212818133
4.62536180424833
6.11700100089463
5.19446233830601
3.96688333764033
4.02435592450756
6.58256489373868
6.34529618752988
5.01147514766129
6.5368416056419
4.64308453543841
5.32058634833452
6.48858793895529
5.63922164443179
5.60478866200119
5.84849781248683
6.32948748834885
6.59331931809162
5.2828753721373
3.99398880279483
6.32979184229831
6.16090072640191
6.91513720170558
5.20522697772958
6.01243092537497
3.07958057734769
4.34131281724191
3.71049047524782
4.35423988316369
5.04197017830219
4.97455144820391
5.50971990809553
5.05330525711101
7.05487499654196
5.89546642705621
6.31258973687659
4.48290771538933
3.07267453981564
6.42773855568504
5.76526175028817
5.82649472557505
5.10514352750923
5.21396601403877
5.34984839193565
4.22666019758941
5.05621620748206
6.65547981119806
5.14823784856055
6.66373670052184
5.16356005112442
5.97867586228385
5.3079322469236
4.48469896125925
4.63053567527486
6.69877611080435
6.5080817128922
5.29263718518669
3.33002489572619
5.85933948293729
4.48587291134563
3.94013911317656
4.72929309515046
3.17555373686578
4.82181393189288
5.86108219361994
5.49100547313065
5.06721252602604
3.87657383407905
5.53510304303819
5.51431677640007
5.45663239706016
4.90683146738603
3.62544180510212
3.11285841467827
6.64824506314075
1.6636587530307
5.46307157184605
2.80935957676885
4.06825191393505
4.42548023743807
4.48975998977879
4.02879252274408
5.8890822301243
5.86760003734133
5.71711159664278
5.24911507380955
5.95220859118748
5.71527919138262
4.0633412798787
5.24334729433756
6.04702960592852
5.42964277198931
5.82649472557504
4.55239889071281
4.83863675358745
5.92762847975408
6.11029234289162
5.77570870005057
5.74654195468123
6.26252764081795
7.16462533727884
4.12726891432113
5.02517209706947
6.83004169443778
4.27914928521654
4.76391693308454
5.62181802532629
5.62720020741134
6.49491669660119
4.69916181183518
5.40293852177074
5.63753568410912
5.76866590285294
4.4406273138806
4.53655230318778
4.61293539383615
6.46799789215518
4.9843598462131
5.45543947095462
4.62244549569878
5.76537041422014
4.88231250797764
4.76828860390508
5.12802015946708
3.732843823206
2.28305728323161
5.6965298856854
2.69998478367933
4.56714567904615
4.03164601584944
4.56320973631924
5.27308204873645
4.27659148875597
4.94240625288871
4.27416274705748
4.88151178381549
7.10688115830069
4.55803704735976
4.18032208645398
3.85802579501243
5.49997449966526
4.06901846452571
5.3775484233853
7.36915684206787
6.27885622430662
3.31001345309732
6.33680964436843
4.9719379507637
4.51586889672992
5.60394298375985
5.23531252500468
4.93375213748766
5.09357525114699
5.02893611792502
4.48271050691703
5.6430153632072
5.77068389039844
6.40538575386595
5.6969033953181
6.06210672688581
6.15555113573707
3.16703664949076
5.9300012650703
5.52452463613717
4.51965501424572
6.08072835141004
3.20471914914631
5.73190800885487
5.34350831813721
6.73309707095323
5.22426995788867
5.53527380595549
6.08320332894867
6.24080408378487
6.06219599169999
6.43635467737166
4.34983256272782
4.93104208971199
5.08946622685767
4.59314435730131
4.49581325390297
3.66210678255211
4.85824790810712
5.12211728980611
4.00679770998786
4.3748331199045
5.05907618530185
6.44569659344274
4.61921851953999
6.26892631884123
7.93252896042696
6.85654421814325
6.67771765853837
4.98509335981032
8.01269494122814
4.47531327009801
6.48238631135458
6.72487249834903
5.62149570899174
3.07564463462079
7.2513377200652
4.07160925249072
4.50947759261475
5.41284340196765
5.43185205753349
6.07018304212091
4.12010525586359
5.51819469642423
3.43718444849806
4.9487927656139
6.63296967458599
6.62600715411328
5.94359417533101
3.41929750034011
5.39454510552529
4.99751597245556
6.06745789078505
4.34163139749668
5.54112664855366
2.90727293680936
7.62785676098123
3.21553265286363
6.56156497469799
4.34163139749668
5.37700124534006
5.19853079483317
4.7582488238521
4.68750646697644
4.40030319793826
5.20912912769307
6.45127516389737
3.37076584735192
3.27250344456521
5.81313623689152
3.73061741849456
3.06873859708872
5.09191491689106
4.22510067322909
6.14689487295179
2.83685566110103
5.98425527595419
5.11574608135513
5.16786679440858
6.56554965877677
5.7471115065509
5.86978891320955
5.76363706564756
4.99983071503404
5.09376709897725
5.98292249919928
3.39180141600794
5.42975434882035
5.74861902097664
5.61300975626925
6.57427488689057
6.85019337814637
5.80648400322001
5.48128302896377
6.18490255013941
7.05959520020276
4.27815802393695
4.96581689062436
4.38599422655733
5.71480897336471
6.11134629359551
4.30399305373934
5.41211788474737
4.08631779170699
5.00608037099406
1.2849817612681
5.05186167586377
3.76255373349915
6.56647924119024
5.02157360389459
5.05884627560943
1.2849817612681
4.55608027380918
4.13715327504218
6.56428977488306
6.4935474180074
3.43655813898712
4.2785229757056
4.24625284358489
2.80237162175145
5.33730073884103
5.61888149127768
5.16338173506239
4.87477954811969
5.07451581274835
4.91896019828162
6.09020454103366
4.90165295537684
6.15200739421869
3.53487044628302
6.01910256124227
6.09563458650814
4.20617410632574
4.63018530750657
6.55596857095826
5.40235206356314
4.74447117714766
6.27187221499992
4.90086897222159
5.7461605589823
4.41063367214329
6.19963420525527
6.53107023803387
5.44167081855705
6.52905866779206
5.05377591762413
6.51826133084085
5.35548526287166
5.01611870456953
3.69110160605009
6.45173970418343
6.57803333365816
5.3265471577038
4.21440267012964
6.1355867398612
4.35111559612839
4.36013694907294
3.96072158371895
3.14647454740248
3.73625439307446
5.4035007136804
5.19497055077536
4.82017611940512
4.72498160477621
6.38351081373536
4.48656193265686
6.15068902447757
5.17807440148935
3.14549932424323
2.93359988617256
5.76342385574018
4.1612041734392
5.85247770136065
3.87297620912176
4.09733110339836
4.86635831318227
5.30169999149828
4.91238673411149
5.95033922559919
5.54421809202827
6.2990903323285
5.13724851275733
5.29464501934871
6.46620227427752
5.28947785898819
5.91863405989661
5.91045001383273
6.03807353883202
5.47203101424928
5.77436035534795
5.49449720471445
5.22890580989341
4.61404825857338
5.49475062468893
6.18567935775742
3.77518651713281
7.81365903336123
6.72439712944038
5.86285073001465
4.95769952284344
6.78463394459881
4.18271302214507
6.97622227530911
7.39023604051801
5.2938263971363
5.69660087164127
7.3826174482818
5.55979973379537
5.82655549646028
5.63559786465596
5.1063159591408
6.00617779466761
6.97297153301348
4.88609744342639
5.60209926045826
6.41405401458717
6.67440941702034
5.7750106850469
3.72121376494822
5.41072399171159
5.52044904584751
4.53709502561639
5.22760506614962
5.8113476491325
5.36404452080958
5.23237864906695
4.87875534214993
5.4203050795301
6.72395931248796
4.95439860554126
5.92343643689752
4.50051441413173
7.30422350458745
5.68314729246798
5.31227643543995
5.68208561637348
5.39094465140036
6.54428848563767
6.77504370083485
7.03675529701829
6.5474605589978
5.10869541642633
6.44574927861643
2.83685566110102
5.88821917423505
6.50868575542314
4.97322854112401
6.43269047777739
5.9663559587971
6.13250372156393
4.25185868351225
6.90202197961306
6.17119204720148
5.35150150869762
7.06397128234221
7.13939088789122
7.43624559214996
4.40080826476675
4.24740207558542
5.36072036719109
6.34456984700632
5.30698562706288
5.44280065143979
5.4737695749455
6.65943105819917
4.74243713017242
6.862074047246
5.48880380888106
7.1473330178402
6.2642751115977
4.23591151883552
4.74070496366688
2.90727293680935
2.87795457867663
5.05659772993787
4.44819796864981
2.45127263180636
6.03990172310618
5.22890580989342
4.51555504225797
6.10250948938766
4.86932464879462
4.46118593455473
5.61448883918807
5.66391309995233
5.39454510552528
3.69667679504198
3.17017783917152
5.95660613904793
4.99239852268252
4.43687669495837
5.73071822839016
6.07398435706648
3.50965141491951
7.16078091928165
5.40528627588864
4.97385662621897
4.52095611675328
4.71960351445673
6.03281996593582
3.93342082863118
5.77822966175075
4.12114901387285
5.99169200256647
5.3351251812951
7.38092791721036
7.03651213333629
3.60111568215829
3.45822643445776
5.08065228006879
4.64259527706649
5.96222804209751
5.83236591444437
7.22940705584197
5.84106391430518
6.44801207251503
5.77812669792662
7.02481108912263
5.72742957644326
6.3592450808687
5.71327551448832
6.81907218094958
6.35391000986939
6.14562685630196
6.35477270318199
7.34787390804184
5.89254081799278
6.98550926546852
5.33750463858064
6.20963619859883
6.83015605539958
5.29209423063077
6.12479885913261
6.36301982362283
2.92662007855387
6.82104624164615
1.80058605170589
6.23619837280965
6.38407593117525
6.52060817743
6.0725644052136
4.10054108640977
5.78646835902568
4.45213998921461
4.33683322206124
6.71708559167549
6.0634743841179
6.11212565568054
3.53255789274095
5.66563908189809
6.65431041848544
6.47353439322725
4.600530740498
6.5790900165505
5.49621607219566
4.6393261079688
5.35455392417217
5.23407444568331
7.22686240972709
6.09814831080193
3.42651382159536
5.12817249176731
3.84803924627224
5.02929697485011
3.43356197635702
6.17637790580464
3.67615247765169
5.53110864104314
2.41512983727413
6.79873728233008
5.65101083310156
5.41211788474737
4.40542330582217
6.15842301060977
5.43783929315979
4.51987917879556
6.54528907638301
5.51557524347355
7.20753006542673
5.95338716234409
5.96070838833851
4.79995976340045
4.49443614057079
4.49514637355184
6.62434466285082
4.45101387048781
4.28536243552267
6.5855999159598
4.06677095178832
4.06261493935515
5.56835772839835
6.25344630360617
4.76584179309959
5.12675109651492
5.68997464102955
6.00785482870859
6.13264077270296
5.56160438467661
5.41684881030673
4.82437734439814
3.55841506658146
5.33387328254707
5.5556703803631
5.21552148846985
6.98669727281277
6.52456822469081
4.83430052275134
4.79581757609781
6.11034758207807
3.73452222656893
7.28083655434451
7.40357563679126
6.01098880089539
4.42548023743807
5.86356926545711
4.33992335482303
4.86276041044635
5.04234517981044
3.99234153408445
5.4129251098221
5.91733834102156
5.91724960304849
5.82545417680447
5.22416336162862
6.88269257058777
6.45254363259555
4.64646397065432
5.00107807644327
4.22465643897299
2.64466445062884
6.07693904395354
4.43191941222396
3.03371447104545
4.55809228654621
4.20000534158372
4.74582241343992
6.08623093296181
3.40252470570833
4.85796120515475
4.91194891715906
6.30726167361991
5.12990465827285
4.65405109172981
5.51534164581407
4.146388152358
4.75767176252099
3.91812899614613
3.71996640353898
3.33651278686208
4.90167445075511
2.11193710451288
6.43852787388332
4.65960718175854
6.19545159550833
5.28021444652157
5.07337371451035
5.29965207329116
4.23641823214802
4.93667708142011
6.20278960194123
3.94437191531734
3.41974361382411
4.18226051373339
5.0122690513357
4.17227379966216
6.46821546908159
6.8738003780606
5.48628018599197
3.6019757500953
2.56484607276316
4.2714041309981
5.04241804499421
5.39595858813216
6.30655536516269
4.86283196491731
2.29375528633106
4.78337345534241
5.42213503631028
5.28621405114702
4.81305944909143
5.67669678223156
4.43315125899321
4.42807102540307
4.19913452872611
6.36672073195759
4.2703910432223
5.42854170712168
4.99919496933546
4.75425975591984
4.06721616036946
5.98167704670679
5.66591297643411
6.29833834644021
4.74047164663786
6.52589438413557
5.26859036233526
6.42036464451693
4.20227195636226
7.36764533570757
4.53844056118636
5.92097233586803
4.20497372998235
5.63930455935516
2.63439101122924
6.60628811454463
6.05450772422071
3.47972435089717
6.91240085631866
3.69099587431517
6.21448623483598
3.39484760262284
6.38130023940224
3.95922791372174
5.18380944412253
7.1836292257196
7.4140362213513
5.96944564906368
1.6636587530307
4.36714018644068
5.26690572703467
6.13218269401833
4.6305310342922
5.52435385392188
2.67936360222668
7.49662285813942
4.56061894835424
6.93604331859332
5.39479105534947
6.4600111582096
5.32256482035
5.99316583095068
5.65943614358456
3.57660936318753
5.37417451487947
4.50823327012447
3.7306485531471
2.80113181422394
5.34811622543011
2.90196104339679
4.70427926160821
4.35554008076839
5.17070526040391
4.91592777248425
3.87532904671754
5.02227991235181
5.72935314766937
6.1669459267384
3.95452941160386
5.12023207072649
5.54697043885025
6.9984284187448
3.68223554641761
5.72449492162254
5.01814604395677
4.64691183734634
3.55167669136062
7.04585273869456
6.18617944401494
2.75474352500395
7.08863848481043
3.93796983354628
4.869787752348
2.87918689093155
6.51297195919646
2.75178170435438
4.48852582067198
6.82034312312963
6.88623242689349
5.84888446272038
3.24287967582141
4.46900778999027
5.66373741888819
6.52901438587184
5.26100896329149
5.34811622543011
2.81447702654189
7.77697385278817
4.69229066814846
6.73956590434783
5.71391793154177
6.26353374396411
5.12608740610451
6.16940345944246
5.27550357294099
3.02859702127241
5.1979368863877
4.10536209996618
4.89352885381691
3.24461184232694
5.52435385392189
4.10940725276415
5.35155527184023
5.61481434546334
5.86254717933348
4.02835166687271
4.00700076651177
5.34641557438518
6.07833027887843
4.8790668529749
4.95296203203665
5.84177119209873
4.32950707791998
6.69213839445735
7.1438913133192
6.37848066581716
4.89779034024135
7.73636801446442
2.42368899156816
6.03501964731364
3.10739897801442
2.98518733302004
5.15244211247251
4.50811517000485
6.04507559413271
3.59336514537393
3.50851687364124
4.91606054095013
6.49923099684508
6.39574360381128
6.74061170765301
5.34949699123318
3.45614134879495
5.18175800020139
6.77225055042878
6.46728214751031
7.11665035786967
5.89751047280436
5.76314282744165
7.21580875993732
4.83829930403542
6.25370962229849
6.15637602612028
6.78933362878374
7.60373745375409
4.84558939537729
3.9578460082626
5.10554345685466
6.91523756910597
6.34721646578587
5.47761796176637
4.02562764557061
5.49556133117781
6.10072090162864
3.16321620738172
4.45900881425624
5.54022572804785
4.77769263825949
5.82615727602301
3.12448653202102
7.63303063200775
6.69574621709799
6.60787208789336
5.68655144503276
4.9603928712862
6.46783411768253
1.98764037385568
5.47867218963444
5.89968934323285
3.03232366430651
5.56270954451035
3.68845625368348
6.82323532714526
6.5518666678003
5.8655999311958
4.41517179747123
5.88910099269968
6.38887842156486
6.75037940806514
5.44001368793664
3.89850840543882
6.19367807927964
5.63782823819109
4.46706963476379
5.7806476596268
5.2940484046796
4.42100366187834
2.69998478367933
2.38314599106459
4.5439559573105
3.41416902193801
5.07185764580937
5.86562787590764
4.12812434583991
3.94950333553878
4.85106261478253
3.80705317120362
5.60789346618727
6.30870122171074
5.066833788438
3.7589686422576
4.82469839431975
3.97319730092008
5.65898015388126
5.91800074264304
4.38273452330457
5.46707605015996
5.13275693307803
4.16022048841734
4.76003741161112
4.73851680745805
6.10487691406182
2.39631714380263
6.18963700202725
6.58386509134338
6.72889584596021
4.37019407795906
6.71457349456984
2.94352306452576
5.87855068819909
6.78034250558887
5.04876106061199
5.13896864665149
4.28174007318155
4.56632388926905
6.53659565889574
6.68249464221642
4.27089809292258
5.771281870697
5.63079329502985
5.84016983048528
4.57645419673626
6.40124399940466
5.85774260970736
5.4919292548704
4.17657771377868
4.38344998424097
4.20202064528156
5.56948805535745
3.39174499475445
3.76889674911693
4.55216541907323
3.32581174484369
5.60244614311992
4.87950207042558
4.0932776540688
4.51487710362051
4.75249866729943
3.74019033580137
5.13723648014595
6.16275166518815
5.80056656885666
4.59328962324978
5.7964735816211
4.99357616689197
4.7171796716071
5.78318027620831
3.62699610458511
3.59790559242499
5.84987701480034
5.20243560290753
2.81447702654189
4.22155919174666
4.4304073154247
2.36044851850705
