12.8322995333713
11.1985240627808
6.85231918229198
9.73574694370335
5.35086315673072
6.70925329447572
12.7085517165868
12.420819235663
11.4231500911136
5.18019412055027
11.9157841872412
5.72763214599274
7.29897892987567
5.79988215777423
10.4045380466593
11.1425428802117
5.48856353409703
11.8866936358633
10.7341088953491
12.6007827855794
11.944159397316
6.38992240524773
12.6705290690476
12.3714084939845
11.6187611218535
10.9661629390462
7.61943165352939
6.24482870650314
7.32916951870078
12.6287477421567
12.9122087931973
13.0854320526157
12.1221689032656
7.53577332908216
7.52021411215104
8.97130324216264
6.20479007959503
7.36482874658415
11.8748053569805
7.27544363469065
7.83729115057017
7.03208727502661
6.63583560414131
10.8484973871629
5.91965982131011
6.1190366863607
5.48122272765342
6.685379134678
13.3276508251733
12.3414644578022
11.1202079806571
10.8656081913069
11.8569753885613
11.7268253738258
6.83045785505617
11.5332063893062
7.83004114324652
8.54454401985022
11.9383675266654
7.49548296206712
6.21258911036745
6.53247680577786
6.3326541491557
6.14470210876915
12.3272789488132
7.79335365365661
6.85194679107863
8.41310017285844
6.51015678781209
4.28979963460438
6.19052878819235
10.5166184406385
5.57875967132645
6.01157207596289
6.80322376265906
5.18792448837276
11.8439458608551
4.21430914074489
6.08331882461125
12.0542333490351
11.6435076662599
7.50991029811891
12.4772281142757
11.0023234055335
7.34644600520049
13.0649084711949
11.191805817134
11.870853624088
12.0277255570249
7.45459201449566
6.46369706127761
12.9861627785896
11.5642493372526
17.4234833003228
16.5804654346909
14.284275279977
15.1082734086311
15.7004062989483
16.4761272931532
16.8576088475007
12.1438884270496
16.1015219781284
14.5908459816385
16.711478516335
16.9100973943941
15.1288868622984
16.2565353726801
13.9004901375591
13.2213127394516
16.6454289322396
16.3652811676002
15.4636992876106
15.8217944620531
16.9787468574024
16.2613813467316
15.0671673330282
12.6135349738697
14.6902937021837
16.7692843257193
16.0257122424087
15.2468575088021
14.184356916996
14.009071307699
13.7692723316477
15.6986658191294
14.3222047460026
16.4852564067054
16.6944067397452
14.0390477696387
14.0096996411474
12.7098994322595
14.336895286587
12.988517046594
16.7984614825403
14.698748765114
11.4976596389313
15.5016371592208
13.6846490752804
15.3921982943727
14.7847908746973
15.6158436298181
13.6547651787145
14.5707530104982
15.8434396667164
13.4985996853135
16.7176379250882
15.2415170650355
15.0182286147796
15.2022039934127
14.3482379717388
17.1006189932714
12.3218019531095
14.4784469409444
15.3876407932499
12.8882960875331
14.2945846668544
13.6543935855677
13.1790670115205
14.3096329605657
16.7702126192685
13.088026324338
14.0172912572859
13.6516405060682
14.0212594668409
14.4567661282286
13.8607832912865
17.5049637155153
14.7442463737225
13.6365151615598
14.0052504758554
15.913459715406
15.7056834821737
15.9752103894583
14.7368475502795
16.222210386231
15.5777013688188
13.5301281586481
15.8416089600197
16.3576277481695
15.8824245327179
15.8274754979501
15.7806646676884
15.2045102767278
15.3378606906432
12.4938511874217
13.3788275831593
15.0883458357814
16.0124918453338
15.1155554653516
15.3990871190523
16.2437261879675
15.9422001069821
16.6455575841823
11.3372883946738
16.0674704356516
15.4221261670132
16.9978084788117
16.6974396144009
15.4226492164541
15.4369987252401
14.4392194246587
13.0234784857661
15.9588165010709
15.6346838567546
14.6441626401705
16.1120167058953
16.2526332945013
16.3741433663785
15.2918074053044
11.9025787589823
15.4180718276605
17.4931964934349
16.3165259528299
15.4700724859303
14.720678352422
14.5463754996507
14.3080016187474
15.898282733733
14.6159671001583
17.1657528737343
16.9837953550184
14.5777770567383
14.548428928247
13.3178652812885
14.8741994785387
13.5719799739403
16.9011500723438
15.1985143351874
12.0825476614256
16.0014027292942
14.1848960397328
14.704160768056
15.322095066649
15.4379902586234
12.8133670574684
13.8018253161277
16.5110702184479
14.2089230900249
16.0296003987715
14.554435908502
15.12184415988
15.9095787543895
14.9086365805224
16.2810823458313
12.8866403983056
15.1293589837597
14.6663889584637
13.4517094375813
14.8576577376728
14.2178069356159
13.7177962986201
13.5832763201517
17.4771186548805
13.0983876826265
14.5560205443855
13.6610099172575
14.5599887539405
13.7022137841437
14.4241966413347
17.7913200015962
15.2815505656741
14.1752444486594
14.5686638259036
15.8884390667983
16.3828027139177
15.1556737420182
14.7350103638632
16.899329617975
15.86999957207
14.0688574457477
16.5555684048184
15.5407861148157
15.9128371363787
16.4951060496816
16.0729628709396
16.0357904621025
15.6301588938943
13.0572645374699
13.8800182483807
15.7952518713934
15.4847590514537
