22.7261355805136
24.4450049098934
23.6079109843147
28.0724109038991
24.7515348555782
24.1938574550988
27.6964791599649
24.7087151369396
27.8138036332506
22.0617579857899
23.9259922607908
24.0638774759811
23.9788119520033
27.466966183661
26.501941176175
25.1153608366745
24.2196129792994
26.1299262309675
22.4477571343904
23.8278506350325
26.1291405550912
24.4495741715382
26.0088258548832
24.7119425652599
27.713579955908
27.6389235632532
24.445090285675
23.0410601623278
27.0399445707247
27.8333308734449
26.3997365414571
26.0503980369947
26.6001317800637
25.5787202856669
27.2563525246472
26.9911879269806
26.9062354339179
27.7946417719653
25.5738353630531
26.5474885056698
24.7446743331732
24.2642763586988
22.3263053258415
23.8833358896701
25.6198998645751
27.3021318474009
23.830817659317
24.7073327137561
25.6568627535177
26.5923072109264
26.2422930307885
25.322517977259
25.4698919890523
25.486632811661
25.9614507085259
22.8995089101663
23.8699662359626
26.1354994156521
26.7177146391455
26.5839204724487
26.2753319520423
25.6829572762936
25.2919608869759
16.404447083964
12.2596950662192
12.1613613793829
24.3015828617041
19.0584928146932
11.3567534181644
12.8751591800562
24.0310448720882
13.5934356146308
20.8139954092735
11.1095801947925
10.4380295650262
11.926374513091
25.6879343214589
15.6666168899868
11.6984538196848
7.37160666199666
15.4197009068666
18.7894168217104
8.89086573043002
11.8725342590673
20.5512453898132
12.2584124648026
10.0347078136632
24.4852146187876
14.5339465610189
12.8227128311707
20.8439833174038
22.4283408980432
15.6259942368377
4.73088445528806
15.5825222500648
5.63382610334288
24.2811105189011
23.2246782918382
24.0435114091533
22.2946317612363
15.5279969972062
11.0715424363244
21.5723960315242
19.6629478084478
10.1827848286875
20.9241204708762
9.41154831656463
23.9546003403601
23.7829608421349
12.2599455594039
23.6231668166694
11.8864553505134
15.3956853132687
14.2152750536976
10.9835137024585
11.9285571362293
11.0256154881745
11.0653638641576
21.038647026284
5.4275984347742
14.961720851358
12.5097224004525
11.6067807523976
12.858543287479
12.0262368593603
8.31434744758617
9.33836181597375
21.7547559956545
15.577619297441
7.41140579953134
9.03348172136342
21.9058719821007
10.4282987172525
18.8270541466629
9.77242195488705
8.24404773387784
9.17119848241891
24.254419911987
13.1017597327051
8.14960193768885
3.73008968359525
12.4733336917777
14.0390766398368
5.24934875202861
8.51033701923674
17.09989963937
9.69184862412701
4.92231752091465
22.0122197664423
11.8791929177063
9.31908280459363
18.3785939338047
18.3143966192431
12.2902592179268
9.04585153713099
13.242548719781
9.94879318518581
21.877084494214
20.1358840623214
21.5600129890757
18.1806874824362
13.0651426997603
7.2610718476448
19.0416957881493
16.3053361971297
6.29389099240382
18.4922856503006
5.52265448028093
20.8089168192468
21.3085977245683
9.91121055527915
21.7707541107725
8.52693037930548
12.4873397749701
11.306929515399
7.17571538240168
9.09896128595928
8.19601963790446
8.23576801388755
18.4053048688986
3.20670062024576
17.3266702373043
10.8788537704223
9.9759121223675
8.11197603457313
