5.53680948235506
6.88649844990193
6.73316557102548
7.05555076577113
6.07291945362764
5.37011948456916
7.34385813859589
6.23971345124986
3.78862424209642
5.57922242004003
5.04190808122436
5.48398972325266
5.90602639931783
6.20715304173554
2.2336738376325
4.62668161262964
6.35301084374212
3.94611949091147
3.50998012735225
6.35429328670373
6.18652964528168
6.73316557102548
5.46218373809129
6.56465177528242
7.60784302091275
6.07382679143712
6.80096616052339
3.49849520711555
3.43526056280804
2.21390765304075
3.30009027474411
7.06401666522179
2.93457510933181
4.0626434158968
6.60254535273678
2.69396641340049
6.37663253628611
2.7055373922939
2.33033004976413
3.44839081201058
6.73207237567399
5.27519227759304
1.79069445050044
6.41847282149531
5.24922863659038
6.90319606080876
2.79640137619454
2.48809163615547
4.65152863160979
1.84127828698162
8.07110891345645
3.30217536040692
3.08689329717964
5.79028588897265
2.54902002474898
6.79465485535452
2.10761976608703
2.28437957749655
3.05945044416025
5.78024169760077
6.97479729192066
4.25868664562579
6.72302514770096
5.17735732874438
7.77026021802917
3.14958906186236
2.10761976608703
3.84876501828071
2.49323437252945
8.17784633423563
4.53064247082105
2.51970343912227
7.62531382937767
4.08215984143678
7.06228604229339
3.37967899877214
3.45209444278896
2.45460071493739
6.23707322856851
6.47841765309827
4.55130494030972
6.12722264645113
7.0522418509215
6.42578554132725
4.44605380362263
2.04701459873094
2.99409596947748
2.78832852307561
7.01213218864071
2.33033004976413
3.25058525544857
5.52914622560559
1.91889554673679
6.86707029937133
3.25155994677799
0.702539922029011
2.98168654913466
5.79342403973447
5.51648330155687
2.99409596947748
5.95176855861938
4.96205263702702
6.56285761842095
4.37607104820412
4.64765320497994
3.88929605358364
3.4118692798903
8.11740656854032
2.87795457867663
3.7700126461063
7.9247212235061
4.02177925874972
6.86233424529723
3.67908639290057
3.43370044493074
3.26508957844989
5.53088666552971
5.36156790844036
2.68835660464944
5.4894920513093
6.99186126823445
7.75186622017095
2.98518733302003
3.94511328295092
2.76394961131421
3.4118692798903
8.06504815978329
2.11845203545774
4.82646562000165
6.82980883635015
2.68147716443114
6.92711199503667
4.31300017836927
2.02862060087272
3.53081114223506
7.28308218785399
6.25556628311432
3.88929605358364
7.20343307374879
6.28813331587073
7.56875103068879
3.86607578763439
1.81716351709326
3.98060051254758
3.4701825682429
7.99519502718982
4.0626434158968
2.10761976608703
6.06701949803625
2.67557429477017
7.62374904740471
3.45314387853006
2.19941846325689
4.37956917397861
6.75951522869337
7.71590176481376
3.58775852656358
7.34965118346334
5.36481833319406
