2.41245567600381
5.27409355718522
4.02548466083762
5.37980888179582
2.70624720280427
3.2595415966785
2.22185646042409
5.94329370157136
2.2180289059199
2.20563501875602
4.62387988270147
4.07661650459401
5.34582437842599
3.60959917996002
2.01927542687912
4.4032734157991
3.61630216912454
4.24778496850991
6.49021337047599
4.07728998826206
5.32689562403673
3.65460961415719
3.10504701282613
2.7009899024524
2.18537812155846
4.36353555204938
3.85591635623836
3.48974999275046
4.90720370713007
3.15919080620333
2.89861458123841
3.14618499079452
0
4.23834091087409
3.37898551820312
2.11473798408792
4.28723432442888
3.29243153646283
2.9697102009876
4.41534087947382
5.64612872356359
4.6220660736774
3.27593182008759
4.81126978828545
3.66853183260167
3.25238134627856
3.41575267123943
4.6407748080376
3.91607419859533
2.33445541188217
4.33220402697825
4.47561255460396
3.43624705975712
4.47977831320833
5.16533556013964
3.7597045704173
4.22060080962932
3.46183105932108
4.78408562940486
4.0041509371918
5.72882037991518
5.09072404453242
6.29480642076323
5.6826481152597
5.92447590988645
5.65420886430795
4.21425881877305
5.28452735854278
3.55315770738326
2.64566325936043
2.41228689426279
2.60709544041463
3.80702294268357
3.50354892014662
4.15129341474272
2.39606545259472
2.64698535639734
2.55600241242295
2.89015000895215
4.301107499041
5.41238106968121
4.62318071450109
3.71016528522871
4.84889624990568
4.6893522580778
4.55128983961163
4.80182573064963
1.77255885510966
3.04705656289261
6.22146678197743
4.02548466083762
2.68606356394131
4.0440829225312
4.20922195152065
3.08883867051966
5.27304712933044
2.54027412123179
4.36353555204938
3.72968537632165
5.93404347323438
2.77405704102461
5.30179158167508
2.96520151531418
3.80526992338684
3.82479001447977
5.08310478150971
3.45341981219855
3.41303105807658
3.60926776330013
4.58451153947886
5.71273770658568
2.55727011341517
2.81995856108318
5.01908726185863
3.7407601493865
4.19925573248447
6.03379135992384
3.62783968527447
3.9259220815452
3.68976606680597
4.25556758085445
5.23910507208255
2.87936751811574
3.10214166187472
3.16337149564077
4.17555860303737
4.10335231965757
2.13828849550176
2.98301734126807
3.10438568091133
2.54027412123178
5.48976853068711
2.53132480789958
2.76911983853155
4.5045438017535
3.11980455537965
4.83299735862328
4.54119600168342
4.4952625663177
4.54404877355667
3.55674549457218
3.98056893231909
3.69208276107891
2.9697102009876
4.56484867298321
3.06435486549893
4.65512071833354
3.45363482872768
6.19041155456512
3.24973154900741
4.41237659400831
3.1634838108638
6.04008817253356
5.61771889316503
4.90640941991624
3.7229443234326
4.3429246001407
3.1634838108638
5.47660335275802
7.06535439438703
4.71141477065999
5.77398243470201
6.01581022932876
6.5018695746115
4.46106603976017
4.8568639313385
3.25470080410375
1.31317454790094
4.77248848849088
4.6430416927306
4.11389903055721
2.77821965681093
2.84642985550983
4.36072953208768
3.10318791267549
4.45945884034365
3.43985325690007
5.05501573038392
5.91524376037459
4.75813039399943
4.44140317326452
6.82352659976028
3.62831224878398
3.87033013190931
4.92628371091157
3.79167627809321
4.9771998396183
6.46827400296455
2.18878534546577
3.54153290594726
4.16854090279315
6.06807725625968
3.94859227387992
4.19241860611002
3.40869499664574
5.12792594706883
2.38093770737077
3.87529938700566
4.07738543805345
4.52122250318111
4.26197455911539
3.65661258684029
4.56344478333619
3.85948152611013
3.61587152833265
4.59111530451137
5.58203890600243
2.52854864393135
2.76911983853156
4.13461206240719
3.53443787088946
4.17267846894965
4.99922777046096
3.58916146624148
3.88724386251221
3.95360067975315
4.97152016064873
3.72363873115523
4.12734458807396
1.2767212794555
4.38630383061673
2.35013822061815
3.28208740270146
3.96370887792099
3.41410812839401
3.77952479488078
4.36353555204938
4.01878926288874
1.86285496408164
2.81995856108318
4.39651534447735
4.36451695483342
3.95494408331894
3.19337372022016
3.73678528645152
3.78908765955134
4.14785589826549
3.95399166878428
4.40803534087319
2.20563501875602
5.28080125277748
3.02567664646595
4.24793137991779
4.16958740852196
5.42878110152852
2.13319339582988
5.65708899346209
3.68832707695037
4.77768327120985
5.34121558661807
4.51329008626239
3.72954808846511
3.94980526648686
4.40156353663033
4.21419845143431
6.19865910501938
5.22111064595601
4.41020061152102
5.16388898810876
5.63517428524385
4.46766980479269
4.09838665147232
3.09286559873566
2.50280351542529
4.77909225352339
2.89190921589093
4.03073373839528
4.04643397585239
3.80243015711184
4.3673332971202
4.21537183541477
5.41545914194565
4.15580583669433
5.68119925298375
4.5514619371936
5.49510479267899
5.13284217843216
5.4597447765793
2.4498890634166
4.13855951907585
3.45530444311321
5.0591605112342
6.24468407275928
5.51166984953517
1.79566601181193
3.37439128933924
3.33497470061775
4.37164383486836
3.87752793721616
2.57094169595755
