30.5198925459622
29.1349336325505
29.09146477804
29.3708002213991
30.9111965362133
29.5823156628177
30.3892625996109
30.5792994315442
30.6857051321738
28.7676448537996
29.5288227558196
31.0562909356452
28.3517977951837
31.2115424063876
30.3226810299697
28.8064619718273
30.8443581945586
30.8097705592002
30.0176155910047
30.8144606644
29.3268661742969
29.6677411013962
30.6993961400498
30.3146871352719
30.2820296724595
26.9118564148674
28.1691931168877
28.3377043409599
28.4331474448266
27.792523151257
25.9509781589572
26.9537333714876
27.1537974856496
27.4523448347257
27.3281816242417
27.6571834420044
27.7345405551102
27.5168756281505
27.4056459636187
27.8206339207766
27.8576774525323
26.4646834641754
28.0395652556001
28.6473340562422
28.5043633790883
27.7182373771241
27.3192537686958
26.1099676330752
26.1963703248743
28.4415629266658
27.6998797700037
26.3099504460433
26.308651127854
26.9631910201836
28.5826500162408
28.9848201930275
29.1532468453668
28.6010679260012
27.1258755681696
25.9108515351578
25.6777159478771
26.9223384154872
28.499138369905
28.8537101785922
29.0177002377648
26.3303309984833
28.0455625307153
28.3907694822052
28.5136915734845
28.7932930279084
27.2884813652315
25.7953789946377
25.9096098956502
27.6853975175899
28.2048784555434
28.315423125557
28.4892407506739
27.8904573724873
28.3361367433871
28.4723697490877
28.6689759001474
27.2548434920235
26.9449276822994
27.4353126902888
27.5392298043272
26.8135507089584
28.2596931073872
28.4928952892962
28.6980270924546
28.8148135101276
26.5679405100132
26.4144366063674
26.4231478671412
26.8603316723188
26.5012097959313
27.4366691414031
27.2524537954634
25.7492416310541
27.2718906455671
28.185364986531
27.9962737139394
27.1816845171279
27.6539621804246
28.2925767825985
28.166534966536
26.558305969028
26.641330742629
27.8355382445515
27.8701731677412
