5.60784192050449
8.59404304866503
9.82283451748307
6.3366992697135
3.09968405980252
8.39654401032062
8.88631312133381
2.85939730200551
3.88317817342217
9.37817527031784
6.37845459773474
6.67330131923593
4.99132527708589
7.06725145490813
2.89588825838266
6.84035349159624
9.09965696946401
7.5038413997046
10.1731941186577
9.82283451748307
4.9870769011833
9.78111912045029
4.93381957725862
9.1406168007949
8.92767001297932
5.89274972739155
3.23455996840935
9.75011462256722
8.83843162991718
9.21894392098977
6.47283414729888
7.91803347443179
8.43231353927564
8.6434220212435
9.41403469847375
9.05536301479308
9.30234631018429
11.8174265209408
9.41387591789384
6.8315574653499
11.2122399158197
3.29299998062713
11.6959917333155
5.02875461937947
4.24889991658697
7.14742079720154
5.67496282020795
8.97588538144482
9.16715668755087
7.14742079720154
6.08571594092927
8.2962054910375
7.91803347443179
6.35666832986266
7.60217014258016
7.91803347443179
5.28192281356589
7.9983675550415
7.60217014258016
7.99869959534101
6.68491825791292
3.88317817342217
7.91803347443179
3.8972865812866
6.08571594092927
4.81255055533787
6.76333627722008
6.37845459773474
6.68491825791292
7.24344682452912
7.32041964909455
6.5347270277962
4.18558944854109
7.08711426383321
6.08571594092927
4.39550819515353
7.93605169899823
6.32401865714045
4.20532628227365
5.84791435045943
7.52995583397233
7.44515932973313
6.02381279680178
4.65191066597243
5.2743818210739
3.68397114308516
5.16464380835132
5.10031845714432
5.21994786277324
5.85003750676119
2.4849295212874
7.09463133437069
2.98213176293542
4.17360092625294
6.48511247621132
5.37569099918473
3.50271482635052
6.08232756419651
6.97919005326643
7.50264265663064
5.42954934956423
6.40417401075956
5.39769826058354
8.06632625452246
7.06163906336936
2.32467624103115
0.748230128717534
7.70051015832369
7.45813339667773
6.71862482151957
4.27332750358077
7.23938799142042
7.20792515578839
4.72855013583114
2.05619205429688
6.90572466927572
6.32332195994556
7.62023009672407
5.05422686209394
4.97314685401712
1.51884280594778
2.97518698125918
8.04423912704272
6.75934315674209
0.770612677230254
4.10120682249617
8.05365403002065
0
4.04960755063948
1.28557937706664
3.89422382998528
6.67727715058609
6.33501407100575
4.48998368331962
2.9822110387934
7.04716736505321
6.89895922765981
3.44131674713752
1.75589638911218
6.90261264694561
3.12361115275503
4.33840657245702
4.69743830208782
4.43012293333361
3.3801225515821
3.8957024830489
7.105626748236
4.23468980578326
6.11804818855617
6.33501407100575
2.50499914272171
5.657594904309
3.34985895251139
6.12116268203159
6.7966499786951
3.60934834430432
3.11326806523986
6.61968802258259
6.91963756825529
5.95142302964888
4.97912485329706
4.25046854639604
6.89177535926183
6.00602015767578
5.23540748044552
6.42820758153925
5.90666447335584
9.70384693597549
6.89770150171116
4.4046463319787
9.02512957895616
3.0935812329752
9.49011536101195
1.28557937706664
1.91831045603263
4.94191365059274
4.87387978679187
7.02792029193488
6.27655468782297
5.00262759023726
4.46228827987444
7.1330538776221
4.35930526251911
4.1185975670185
3.63403365474846
4.52527081520159
8.04383747693536
6.46476241976825
3.89528723707258
6.27090951952399
7.8035114063434
7.3982031722575
6.53412052151906
4.94818887800712
4.65957881752861
3.75636232885722
4.71385405723247
4.79027941194325
4.73577161442128
6.30012717716003
2.09458244800968
7.20708757484526
2.90946381295264
3.65051662061206
6.1018371369523
4.98824022348536
4.01188175253327
5.77025455891394
7.083380828942
7.3375722332614
5.2493814414288
6.0169504644802
5.23652847820697
8.04021788546306
7.13926116416522
3.05730288366628
0.950511816555615
7.82957290301745
7.45802336666969
6.71569821159269
4.78249442976352
7.30151232185836
7.87365406903921
5.01598470667444
2.32346280017306
7.20623276415904
6.26954409746677
7.19653662147879
4.94176182081786
5.17110623001306
1.72112449378587
3.64377747423474
8.08777927143235
7.05731933226794
2.2652888816024
3.15069500594056
8.13701920480299
1.49467620437215
3.09909573408387
1.55285012294282
4.04069859554143
7.49901360784038
5.89165102852002
2.99696592089036
5.48973840326209
7.11413439136183
6.20690799649651
5.72659387021264
4.16701776174521
4.98531587903793
3.27008591831118
3.95998822953326
3.95098864134346
4.07061804697239
5.52462934258671
1.91831045603262
6.66226370575027
2.79909760919338
4.18635424837271
5.89165102852002
4.27425616363958
3.05976617601931
5.43718040863007
6.49285938993559
7.11249189655617
5.05028455442808
5.8209622704936
5.4104515827033
7.60385934423465
6.64138902162751
2.28550583299507
1.28557937706664
7.26347206716584
7.0257657680573
6.28625719289915
3.79800901107347
6.72840093061014
7.49801011585459
4.7413034579509
0.770612677230254
6.91847799139549
5.72659387021264
7.63298341884383
4.6797749508578
3.88806267176379
2.02651033962901
2.87198042356354
7.60720103588486
6.34352171413158
2.02651033962901
3.97623385054613
7.62128640140022
1.28557937706664
3.53848616639309
0
3.68769053253714
7.70862753683379
5.85255472563028
3.14837948318596
6.13823363586261
7.45216255345227
6.98934242121814
6.36050241629359
4.97254823303919
4.86749648964476
2.91707785530689
4.14373343558166
4.18227114840733
4.34529438963993
6.14035679216437
2.96022177497208
6.55501102836478
1.7254639772725
4.4625937632993
6.14265317141306
4.877180218551
4.37675966622535
5.24633778724995
6.81258033943824
7.08437908099114
4.50029250394797
6.5296465582933
5.71408480565852
7.76048357191641
6.88997875284319
3.55081626114254
1.91428560481683
7.51503664217275
7.15229071407168
6.43020558542971
5.14737234345561
7.00617123409928
8.13373004261387
5.60259497570598
2.69765160416683
7.77976950915056
6.56490786803247
7.85838245863585
5.2813130879598
5.12509060080233
2.68489828204707
4.137290851711
7.79371623541995
6.74468385427154
2.53675013389892
3.22821997435196
7.77770231926792
1.76613745666868
2.92685793400578
1.92703892693659
4.21695079271005
7.71611725149773
6.92729185223732
4.73214065525076
4.46521322668878
7.88104856351687
8.04843252483
5.3021946937683
3.7229117833862
6.63955683748543
3.4463381154798
5.33103708920414
5.40278821060067
5.48920420765873
3.9347446293484
3.36227539659335
7.69790452946756
3.58488087245446
5.74542938014616
7.10935403706715
4.99200997476085
5.07454328024374
5.40656134239469
6.83543984905161
7.93754221212357
4.86138233190424
6.09802857128813
6.93965506230011
8.16024234699005
7.0104826213241
2.88196858557609
2.56495182956422
7.60605252628186
7.79888894870403
7.02827627147378
5.84515595747399
6.94550457426748
8.97004348415212
6.29408870650584
2.87198042356353
8.47126323995042
5.69825624090243
9.19036175779721
4.95735485001997
4.65829481072843
3.33556450679447
1.36745006441991
8.16358403864027
7.11043588628663
2.97518698125918
4.76047615733432
7.60605252628186
2.20457430402892
4.24550945749794
2.10136774633328
4.37056900285034
6.99869590264721
6.68538828277899
4.73214208942111
1.36745006441991
7.56901168135759
7.1751654697844
1.77201100013421
0
7.83970862478674
3.60166051650597
4.61461281458162
4.97364454421242
4.7063291754582
1.8824167642563
5.24068451698338
7.45600096000924
4.32591824960523
7.10259152369542
6.68538828277899
2.78120538484631
6.37659245160553
3.0750614723305
6.06314881745156
7.16208656595563
3.92423976107189
3.28257862364796
7.95180542287495
7.20334059642246
6.02247676868443
4.98593095675601
4.89228936951587
6.83376149468181
7.14767893241507
6.37706625518482
7.11129319618451
6.22808322541696
10.2361251548892
7.6892876350983
4.93763043897546
9.81671571234331
2.51278790939815
10.389918615848
2.59808554268816
2.00715928978828
5.53561169723402
4.47998274468137
7.47575845940341
6.80010319501323
5.25871677455488
4.74538750480428
7.42729007061443
4.65191066597243
4.69574793126944
4.16701776174521
4.55181997978783
8.02904844864932
6.48511247621132
4.20532628227365
6.07295014352805
7.64416923217077
7.44515932973313
6.32332195994556
4.89228936951587
5.16564618963978
3.85663358101127
5.16464380835132
5.10031845714432
5.21994786277324
6.07507329982981
2.04349268516811
7.1922985465592
3.31763731945252
4.02545277810479
6.32401865714045
5.37569099918473
3.50271482635052
6.09867821748833
7.04731483389932
7.54205517334468
5.63683221712818
6.35584797778777
5.24955011243539
8.09406915465087
7.08938196349777
2.74908991622601
0
7.79350690797478
7.49754591339176
6.75803733823361
4.27332750358077
7.32186237830143
7.48525679373483
4.40014798997582
2.05619205429688
6.5773225234204
6.02381279680178
7.47208194857592
4.93639699560939
4.97314685401712
0.770612677230254
3.33556450679447
8.09741084630109
6.89797715809531
1.51884280594778
3.78251494301556
8.14665077967173
0.748230128717534
3.67188512557643
1.28557937706664
4.95380383897425
7.59553328983687
7.2686231189029
5.2293019117039
1.36745006441991
8.133140346104
7.77200285697406
2.36884838732386
0.596837387189662
8.3246384894243
4.19849790369562
5.09045467156344
5.57048193140208
5.30316656264786
1.28557937706664
5.79279248127
8.03923579613315
4.86951768636915
7.59975134597821
7.2686231189029
3.37804277203596
6.87375227388832
3.67189885952017
6.65667739338418
7.68646134505359
4.435396697925
3.87941601083761
8.44896524515774
7.80017798361212
6.60140748925484
5.58276834394567
5.37537812312851
7.42729007061443
7.68374787123109
6.91313519400084
7.64436495111857
6.82492061260662
10.8329625420789
8.18015757416257
5.48973840326208
10.3075856514076
3.1096252965878
10.8807885549123
3.19492292987783
2.49191606576358
6.08058995481316
4.47998274468137
8.00477249559455
7.36252766887375
5.85555416174454
5.24254732708707
7.42729007061443
5.10561290715685
5.19290775355223
4.71912572603184
2.89749081210788
7.64747945415085
6.31608119894532
3.91237760227906
6.01316000431733
7.20704032415968
7.39703715987596
5.44201836166513
4.74538750480428
6.64866655669173
2.12687813487764
3.92710176832196
1.94637769860094
2.7705268280746
4.42229507632198
4.43265635877481
7.08669387617557
2.73336177871556
6.1739120890623
6.06881691066241
4.11524313705393
6.39313715257224
4.03947870375659
7.15958171197566
7.54580821551755
4.3181076886252
4.24343188065976
7.73046229200541
8.07268156610791
7.10446702750149
4.50744652557819
3.78251494301556
7.93019438920591
7.81318304453768
7.04257036730743
7.16374982980249
6.8768667769206
9.52185995764006
7.43665262342744
4.67267855812773
8.98201283147537
5.21051840859197
8.99787928397039
4.12858486068187
4.83414923034381
4.5531276202458
5.37970184923258
8.10591422961145
6.43642764692943
4.87181949972642
0
8.20352415057305
4.10120682249617
1.9048050689649
3.97623385054613
4.15897846194456
6.6808822846644
6.08884989357944
3.64907919711549
2.49191606576358
7.18379579479183
6.22582091847223
2.95102177410771
1.23654661255803
7.05046188877674
3.39006997560019
3.59714348263656
3.89714466668492
3.6298292979307
2.92966374991663
4.69298919175908
6.85946257080969
3.76692356529998
6.4207405720047
6.08884989357944
1.95109346127019
5.397132875123
3.39057717791741
5.74533519946876
6.81268518329942
3.71403263386993
3.37714329535427
7.26995447118423
7.04340592863397
5.91055039392752
4.87881432764878
4.34459404429157
6.51594787669901
6.81337986454617
6.04276718731592
6.06414223653016
5.91026960743416
9.7409935315813
7.00743668340759
3.8957024830489
9.13486476065259
2.95102177410771
9.70806766415729
2.43327715586901
0.770612677230258
4.98791637200971
4.67306432872101
7.22177796128943
6.41318311756158
4.98791637200971
4.06353655311357
7.10947645263162
4.34459404429157
4.01389697957872
3.28889637446644
2.27864350067349
6.31175775172169
4.9925894541614
2.41731419707621
4.5871573630874
6.58819301272529
5.29561646449265
4.97364454421242
3.31938486357436
5.89214666612203
1.72523435078858
1.88452513110083
1.7720110001342
2.39949183093722
4.74532448154199
3.86970841131412
5.76320213139164
2.61769214238808
5.36073009413386
4.9925894541614
2.47601196058335
4.7277566694597
3.74259861565087
5.76668604769685
6.51283357063122
3.15829971727922
4.84423923100662
6.58412158609225
6.83152377888985
5.86330924028343
4.14201236165623
3.58292010928082
6.53729872492709
6.42637143474941
5.65575875751916
5.4197413423604
5.54114507449144
8.98073693065395
6.36303578923783
3.07642964559139
8.50523338447542
4.97364454421242
8.85930214302862
3.92682562485757
3.07493271759798
4.27810650805738
4.47400841491583
6.83476953149267
5.82598552054239
4.27810650805738
2.34784858863474
6.86780244814389
3.58292010928082
1.94637769860094
2.38444497269069
0.770612677230258
6.25942861194264
5.24352585727264
3.33855125047828
4.96911058092588
5.28422793018305
6.51811121915263
4.59470436518564
3.60166051650597
6.81485469067593
0
3.49663775945592
2.5027788630088
2.84607863964913
4.4073265240793
4.48609908759826
6.01413853450289
2.34939047789235
6.18164259158667
5.43715525822198
3.43566739511472
5.79509054256207
3.2087368458413
5.77153086976745
6.91857908310738
3.23535969183278
4.58265792644829
7.40503408354506
6.97595488352786
6.06262625442103
3.06956731326981
3.85663358101127
6.54214354699769
6.77134227145722
6.00072959422697
6.53333337761623
5.48881593471239
9.52786319844175
6.99931699878561
4.04069859554143
9.14151459402321
4.82860882699724
9.54989064313132
3.63322184774977
4.16068265283044
4.55181997978783
4.21695079271005
6.77021043406837
4.5136152529528
4.38837848844607
2.12687813487764
6.81547330836484
3.68397114308516
2.75057446545591
3.27008591831118
3.62011340552039
7.11927986430808
6.33045446504767
4.1353032680611
4.46521322668878
7.28421117632722
7.45159513764035
4.70535730657865
3.23982302977358
6.16371498050361
2.84950072829014
4.73419970201449
4.80595082341102
4.89236682046907
4.53158201653806
2.90249702125598
7.10106714227791
2.98804348526481
5.24826955786337
6.5125166498775
4.45631243965239
4.57738345796095
4.93764347364706
6.39858017687676
7.34070482493391
4.32568479679579
5.50119118409847
6.39080642176287
7.56340495980039
6.41364523413445
2.33967597101628
2.04258781244972
7.16919285410701
7.20205156151437
6.43143888428413
5.3479961351912
6.34866718707783
8.37320609696246
5.80321876744157
2.38722364758823
7.97194885817121
5.10141885371277
8.61491647079035
4.36051746283032
4.06145742353877
2.81320048967996
1.36745006441991
7.56674665145061
6.51359849909698
2.42307901697255
4.16363877014466
7.60605252628186
1.65246633974231
3.64867207030828
1.61661097035798
3.0628838143525
7.36704178770784
6.22637357739653
3.89977342585133
5.58276834394567
6.18865712986533
7.2690957295476
5.34922614689912
4.21531827952576
6.13624133702702
2.3775826403691
4.99904103594454
4.73594548299609
4.82236148005414
5.17545085685853
2.87502337777939
6.94845870603849
2.75251364305503
5.21819481904809
6.40843576222636
4.91298744415791
4.54730871914567
5.40774091429385
6.49698295281816
7.58500179124673
4.95785573332031
5.72958736085689
6.42873963538854
7.744232468383
6.89715873842674
0.77061267723025
1.98018142988164
7.26759563004841
7.38287907009699
6.61226639286673
5.31792139637592
6.5964291104776
8.30713496477386
5.77314402862629
2.38958763790692
7.87354608222981
5.64873531004289
8.51651369484895
4.57180736620991
4.90849604231666
2.75079410711189
2.98553679212029
7.64121557062077
5.41804445263508
2.32467624103115
3.73683384834794
7.65063047359869
1.55406356380091
3.91351340423833
1.73209668311016
3.39255595454407
6.10769201082068
4.58191761314455
3.45480399735023
5.09045467156344
6.38412727182429
4.88748498269066
5.54956037990756
3.85912324896248
6.19893995872027
2.83914680465915
0.770612677230254
2.88592345400478
1.28557937706664
5.35406515256559
4.75624571160807
5.35253029037479
3.55132806085094
5.81007291216817
4.58191761314455
2.97930926905939
5.10555764151118
4.35133928667447
5.56262030679585
6.30622747051536
2.77408298183333
5.42015506670177
7.12103269391773
6.62745803798885
5.65924349938243
4.99904103594454
4.39403113112107
6.3332329840261
6.22230569384841
5.45169301661816
5.87617031874143
5.33707933359044
9.55733524545431
6.94010015460642
3.96667172845056
9.0991791710383
5.54956037990756
9.1907242367228
4.53556629588117
3.57823002607402
5.16464380835132
5.33103708920414
6.63070379059167
5.62191977964139
5.16464380835132
3.23065706074036
6.66373670724289
4.39403113112107
2.79290937658731
3.27468705554987
3.23535969183278
5.42109953079334
4.93039193015412
4.76459364281719
4.435396697925
6.19528715955652
6.21541363198577
4.85356018470504
3.17285536879656
7.27176725264635
2.46474701460253
2.82104885990514
3.92339573952612
2.76856632684997
4.74654590597448
4.95922244208094
5.70100460738437
3.85496669006986
6.75741378088264
5.13445767105512
2.53355184982999
6.53388416650598
2.97015851960461
5.15568605362928
6.14031106012271
0.770612677230258
4.36335743421947
7.64376010026091
6.25257277004278
5.28435823143636
4.97166893894508
4.95203864082021
5.92629873085954
5.99307424847255
5.2224615712423
7.20334371592087
4.65048685356309
10.2715184800615
7.73366257163922
5.06409776005285
9.86873046016935
4.97641645209051
10.0699355284575
3.9357931254628
3.71403263386993
5.64722503959677
4.86138233190424
6.15436561793022
5.42467448232627
5.43623284848153
3.54749501139496
6.19962849222668
4.74424817558083
3.54208566849527
4.36549097812011
3.97934952307155
7.21025118337058
7.28869242098397
5.30712762929519
4.29112455141843
7.29500720741018
7.88589959325263
3.30832490121165
3.0750614723305
8.52061064276927
3.2087368458413
5.12195196390472
3.57461614746948
4.1277608614095
2.38631948245353
6.11777174660305
8.05930509821422
4.75147959161354
7.92248302263251
7.28869242098397
3.13285226261285
7.61329044229903
0.748230128717537
6.93588449514507
7.99535321617692
3.74077119683485
2.28415955697184
8.81990972896652
8.05270580969609
7.00674957256425
6.11825742408058
6.09867821748833
7.5941027920129
7.69701089696709
6.92639821973684
8.32047651264693
6.43963850614033
10.8400697326585
8.92598562579182
6.13578719056281
10.4565763158472
3.4564730493598
10.6408674782361
2.81250970416229
4.08702188549901
6.79386461626489
6.17717401962494
7.89117022384232
6.52439453017993
6.79284407398324
3.29124857503906
8.08199354970624
6.08232756419651
5.00045639768095
5.43718040863007
2.33967597101628
6.64330672054347
5.10688444253054
3.25196883005125
4.99798581498289
6.77464864484828
6.47138148586333
5.34353077454382
3.77698710589104
5.93969280972277
1.62830332325642
2.79290937658731
2.89349661635684
3.05651985758946
5.15615293343748
3.83443683373922
5.87749711976079
1.75812419167298
5.68412433752572
5.51564906287079
3.38592202290797
5.46059472314907
3.95756325519947
6.13022509132172
6.5729077590676
2.88788823249757
5.33148433580645
6.85590329625333
7.12085587916567
6.18007072271028
3.76536525609019
3.35442115186292
6.90083776855197
6.85308623024524
6.08247355301499
6.23120740037932
5.9212215919015
9.17979476909149
6.68643003262969
3.53848616639309
8.82862762786729
5.57743523635541
9.05843024456271
4.38204825710794
4.01193728125688
4.04960755063948
4.09736130934979
7.15408854266921
6.00403596761803
3.67856862449373
2.01666445798482
7.16350344564714
2.98658395159303
1.50169775814844
2.76787348916284
2.56381133335158
7.51786571629554
6.06881691066241
3.91237760227906
5.88133761615103
7.07742658630437
7.39703715987596
5.21051840859197
4.51388755173112
6.81425180547485
1.79319865612133
3.92710176832196
1.94637769860094
2.7705268280746
4.22737313775264
4.94810848267249
6.83942958789266
2.00227669779737
6.51218465821704
6.31608119894532
4.11524313705393
6.39313715257224
3.89133055560845
7.02996797412035
7.48249318053433
3.89944304199806
4.44783733239865
7.73046229200541
7.9430678282526
6.97485328964618
4.35929837743004
4.10120682249617
7.8005806513506
7.68356930668238
6.91295662945213
7.16374982980249
6.74725303906529
9.4575163776539
7.60931506135356
4.67267855812773
9.15467526940149
5.44201836166513
9.33615185312513
4.24663138241766
4.83414923034381
4.87181949972642
5.23155370108443
7.97630049175615
6.30681390907413
4.5531276202458
0.731085080918188
8.07391041271775
3.78251494301556
2.63589014988308
3.97623385054613
