2.7456115641248
3.31704013555337
3.31704013555337
3.1013579920781
1.83639328175333
3.1013579920781
2.7456115641248
2.51197270363913
3.31704013555337
3.1013579920781
1.83639328175333
3.1013579920781
0
3.1013579920781
1.60275442126766
2.7456115641248
2.51197270363913
1.60275442126766
2.51197270363913
2.51197270363913
1.83639328175333
2.51197270363913
3.20550884253532
2.51197270363913
3.1013579920781
0
3.31704013555337
1.60275442126766
2.51197270363913
2.7456115641248
2.7456115641248
1.60275442126766
2.7456115641248
0
1.83639328175333
1.71428571428571
2.51197270363913
2.51197270363913
2.51197270363913
1.83639328175333
0
1.83639328175333
1.60275442126766
2.7456115641248
1.60275442126766
1.71428571428571
1.83639328175333
0
