3.99110974543847
4.18132028871271
3.74674400449313
3.99110974543847
4.02895020887671
2.06793542598644
2.2581459692607
2.35014163037001
2.10577588942468
2.10577588942468
3.6144184937305
3.64173898200791
3.3357095516479
2.6551563979223
3.51283296882316
3.64173898200792
2.93386534000489
3.64173898200792
3.64173898200792
3.30355368157358
3.21257428208749
3.64173898200791
3.23412402674056
3.6144184937305
3.4540094394114
3.23412402674056
3.36303003992531
3.21257428208749
3.89312743581311
3.49128322417009
3.732718381494
3.30355368157358
3.49128322417009
3.79154191090576
2.93386534000489
