20.4450210514127
22.5408958126307
18.9500404012891
22.3169402363178
21.9920805172523
21.9407332621309
22.4271417978593
21.7313669430163
22.7202958955143
22.0777055511229
21.9407332621309
22.1020149371409
21.9407332621309
20.2336736217421
21.5661826710293
18.437188231688
19.376478432785
20.2705374350635
21.0811578931189
20.1814160682674
19.2186455805911
17.5399058784156
21.2188352671889
21.9442385260647
22.2589168276883
21.5436949862544
21.6069341049365
18.5293135146132
18.7915253194414
19.3605857614018
19.4481665529846
19.0186970974397
18.7942129320162
20.3888438148387
20.758699305416
19.95022771666
18.7090346021505
19.2005391493483
18.9589962630618
19.0063541194118
19.4121838423637
20.4225823092925
18.9552028383521
18.900781002349
18.5880349603496
18.1479197822824
19.3480128616992
19.5563895382274
19.0918353545091
21.7493192384262
21.90732248212
21.538529727707
22.5924042314674
22.4672102345758
19.1873280410917
19.5327551848168
19.5546401062282
19.7773663418167
20.0066630863218
20.0362013923396
19.7235794736955
20.3691595207793
19.9808905545421
19.6517962796164
19.9271036864209
19.6798287304175
20.5178830411325
19.8261066706976
18.6400725592551
18.7184854614706
18.7396605501529
20.7324758519199
20.0567854447454
20.6936092358459
19.2892521037521
18.2488564760507
18.7396605501529
20.9722967036762
19.0287924886419
19.9816646161786
19.7539094002409
20.2043908517671
19.9766356358293
20.1387447452288
20.2779590385961
20.5151707447226
19.9887208669242
20.034576088343
19.9435871039726
19.2998005346799
19.5033247474053
20.7371318252647
20.8933905557269
21.122687300232
20.5830835285556
20.6706643201384
19.8724152408967
20.9227103904933
20.6999841549048
20.491271473331
18.9732662542899
20.5830835285556
20.6078163187331
20.2478968485694
20.410770178409
20.1530421119982
20.0986378826902
20.5822730576307
19.5326284187039
19.78359174351
20.2132592279618
20.4089449098616
19.304044920396
20.1800483027911
20.3334580904858
19.5574819533311
19.7588630178829
19.7802081889196
19.8202284701954
25.4617087260857
26.2795955902561
25.3290051403712
25.0432200102822
24.7702633836831
26.1346514147823
26.408915623965
26.2818707618522
26.9005723812182
26.3034482366844
25.8444324691105
26.3391425702641
25.8451602167359
25.4327513905838
26.114689293488
24.9867158522697
25.7171303465714
26.2599136545799
26.1033038352121
25.7143426612528
25.2186609910987
23.9752889400133
24.234358663188
24.7399086727651
24.9880784606872
24.7889287353681
24.5534235546382
20.6528676657063
21.4763597327724
22.0831962915048
21.8086522093698
21.1746496138717
21.0812561695716
22.4367154377118
22.2509347338711
22.2578194412791
25.5212033455152
25.3158229080753
25.6128884271297
25.8116470013079
25.5408395909969
25.670690167379
21.7702177947742
21.5779624477281
21.5654559553988
20.9450356535329
21.7516679555822
22.0437482462114
21.5736527874407
24.038653961359
24.2588435005988
24.0141819516719
22.9435899488652
22.9403285902403
22.5289554886721
21.9970433828413
24.9730735126192
25.9372017108642
24.9617644379804
24.6597980695691
25.1102739161199
26.4956938818607
26.2967936759864
26.6429132289306
27.119119218085
26.0234583530429
26.3868379781963
26.6791531027009
26.362882922812
25.5483643709203
25.8246459219978
25.3077275507515
25.5555814761968
25.8221629170581
25.8670654530141
25.6274385188013
25.170758074987
23.7350736404876
24.7769109901478
25.1602448847946
25.4091670920772
24.4133845471203
24.177151618765
20.9585587772831
21.6351061837906
22.3647617568959
22.2153847423644
20.9388478433737
20.9440952678001
22.5962143080904
22.015132963373
22.5190378085557
25.2356277457112
25.0449030748289
25.2016154849475
25.413099707364
25.2946393627362
25.2594172251968
21.6580958467956
21.1053841441677
21.5747977029902
20.6853142591873
21.4184042426584
21.8006415909818
21.1614191628697
23.449609373124
23.7081347378784
23.4409816981212
23.5325968913429
23.3614172216302
22.0830861433078
21.551621300941
24.745621998336
25.8148772071477
25.0908339624374
24.7573067097548
25.2984717424888
26.6846194558549
26.0928404654517
26.8318388029249
26.9682499063266
26.1434544231209
26.5518084968063
26.8673509290698
26.5518084968063
25.7115156701479
25.7554803507078
25.5117369707665
25.6383493511473
25.8913284883481
25.6173291651067
25.3777022308939
25.2657170389002
23.5961997425785
24.9651088165167
24.9860289885144
25.2341987764365
24.5108931873061
24.3660771927592
21.1859161691521
21.4787528694437
22.5282399782789
22.3788629637475
20.9388478433737
21.1342295883859
22.5962143080904
22.015132963373
22.5190378085557
25.3703780303898
25.2946393627362
25.2016154849475
25.413099707364
25.0449030748289
25.2594172251968
21.4260830309526
20.8556478562604
21.7629955293591
20.8531717148736
21.6224136626734
22.0503778788891
21.1614191628697
23.449609373124
23.5273279538873
23.6449911181362
23.6968275320863
23.1910871896123
21.9022793593167
21.3708145169499
24.750301312502
25.059896677137
25.0476300754548
24.4247885494885
24.2110294092956
25.4452902950683
25.160022151637
26.0880289610341
25.7868476403639
25.5331299482974
25.1557990970219
25.6804341289144
25.1557990970219
25.1752582371561
25.5211305033117
25.0712547008671
25.4630504607234
25.7298722791953
25.3127799638775
24.8887004903509
25.3951565808749
22.8853584903017
24.3442859656174
23.5117132792451
23.8858025541311
24.8475363038568
24.7178041553307
20.0977202146938
20.9132644112332
21.51827915826
21.3126645800413
20.8753887699312
21.0707705149434
22.0352452337474
21.9309999262873
21.9455855066415
25.7792276745442
25.525300751534
25.701924095
25.6308831501026
25.2755644636267
25.0076840619495
21.3249290051805
21.0687141558841
21.6106354717351
20.8310862472005
21.255961069011
21.3007754559147
20.6660650214264
23.0384274030031
23.1350521677474
23.2338091480153
22.4289307311381
22.2228725912239
21.3561764430034
21.2076845214614
25.946443152766
25.7271982367758
24.7211819958462
24.9333230239047
25.4055585527225
26.4901737898432
26.4399103493036
26.1306358031651
26.9524819471379
25.982240098415
26.3168191305912
26.8547835147664
26.3168191305912
25.1509739662939
25.8404323809043
23.5849037155272
23.671369564116
25.3289090210308
25.8852472422478
24.7929906078744
25.5947701403698
23.1226870479205
24.4982190221952
24.8797825550968
25.2397706231312
24.1493151403615
23.9377532761245
21.3466268216573
21.2850170515297
22.4256920621045
22.2300932487623
20.5887587111128
20.2812876297339
22.7822916169789
22.1984511123638
22.4786061372957
25.4807958820673
25.7403369863348
25.7933158573428
24.4133191911843
25.9653536692563
25.9897445508525
22.1427163047729
21.6518412109331
21.7684593374292
19.9250726291013
21.0965820641027
21.9565084368413
21.6467799424958
23.4745501049633
23.8604625821735
23.1299766163964
23.5486669327315
22.7247389318846
21.8007906907736
21.6864846430704
25.485302618559
25.5986219774979
24.4500846717122
24.7247872391231
25.1752630856739
26.3536362175987
26.2005190890971
26.0413697077485
26.1491468131691
25.881400688781
26.2875525022968
26.8522508320291
26.2635974469125
25.5676057808095
25.8399211420417
24.098740328003
24.3465942534483
25.8091207494005
25.8863068629033
25.663990649347
25.4662836140549
23.4981595410473
24.2079014798657
24.7443759851483
24.8104012639131
23.8451274561986
23.6088945278432
20.5368148277671
20.7507157741425
22.0094346460531
21.8600576315216
20.0544574337256
20.0612226708952
22.4324883653752
21.826712087407
21.9271304134795
25.198600374109
25.0078757032267
25.1645881133453
24.6765260408373
25.257611991134
25.7204944242221
21.5903816037663
21.0810400548992
21.5070834599609
19.7468694302939
20.2292118386018
20.6114491869251
21.1419605866668
23.3310348822346
23.589560246989
23.3224072072318
23.6440996738328
22.8581226644701
21.7916975944506
21.103972615414
25.6751864846824
26.1685139364268
25.503447658672
24.8295718335931
25.280047680144
26.6869552857379
26.5495935414022
26.8341746328078
27.3719190835007
26.1914924491612
26.530189271305
26.8464594511939
26.5541443266893
25.965599974848
26.4300672220532
25.4745108580377
25.9735448277498
26.2964280387328
26.4733642706535
26.2494112903693
25.58872142654
24.1047239592155
24.9850648621527
25.4538922737222
25.7028144810047
24.6215384191252
24.3860332383952
21.417645855319
21.9793940279363
22.5966164342808
22.4472394197493
21.2831356875194
21.2013972977962
22.9397497328757
22.3579285102918
22.8625732333411
25.6543188448896
25.6858833435167
25.7433583513068
25.9158288282144
25.9109000264382
25.8039432958603
21.9684131437792
21.4635466605088
21.7996214830511
20.8727411034218
21.6112876992965
22.2207617753937
21.5504390773793
23.7041489064454
24.0900613836556
23.6107554621453
24.0407417133578
23.9804903716852
22.488122481699
21.9560340143959
26.0260551823953
25.3023390152482
25.5390908939971
25.0890788915341
24.816122264935
25.9496836528716
25.9088102141847
25.6674078272091
25.7534543107667
26.0305175834914
25.6609202024506
26.4714771714361
25.6601924548252
26.4389885562924
26.9291720854607
23.5579514313616
24.0371858813964
25.4232353958134
26.9212055348344
25.6654083322777
25.7758053980438
22.7283114165182
24.3152453844392
23.6870682657806
24.047056333815
24.7987623389117
24.5625294105563
20.2651788656938
21.0673539985472
21.9420615284097
21.6675174462747
20.8486715732541
20.8400438982513
22.7111165183044
22.6068712108443
22.4153728937571
26.3712795300152
25.9398783358853
26.3662379672586
24.9416653354695
26.1896146237927
26.180216278508
22.0578967900206
21.8706114446404
22.0652878323984
20.317907406003
20.8164406937699
20.8844577166975
21.4374228777321
23.6186412263918
23.788065960735
23.7555572935612
22.9287905480877
22.2127302131254
21.6924605548673
22.1559261545163
26.4780260580283
25.8969720007999
25.2619947565076
25.1030967879288
25.5753323167466
26.6574801383362
26.6072166977966
26.2979421516581
27.1197882956309
26.1495464469079
26.4841254790841
27.0220898632594
26.4841254790841
25.5689373178469
26.2583957324574
24.0028670670802
24.089332915669
25.7468723725839
26.3032105938009
25.2109539594274
26.0127334919228
23.3910465291809
24.7063728942
25.0879364271016
25.4479244951361
24.3574690123664
24.1459071481294
21.6039288516533
21.5423190815258
22.6829940921005
22.4873952787583
20.8460607411089
20.53858965973
23.039593646975
22.4557531423599
22.7359081672918
25.8987592336204
26.1583003378878
26.2112792088958
24.8312825427373
26.3833170208094
26.4077079024055
22.3675400848337
21.8626736015633
21.9824571429277
20.1139174822761
21.2868143499182
22.1467407226569
21.8370122283113
23.6443238689874
24.0302363461976
23.2997503804204
24.0815066879973
23.2575786871504
22.0167032176565
21.9023971699533
24.5614510049616
25.371308279914
24.5762143090805
24.3222538344118
24.7727296809626
25.9823822216803
25.7429383156027
26.625120887646
26.6936719249612
25.5388316536258
25.8329826178125
26.2182538031517
25.8090275624282
25.3185385892064
25.5905237150502
24.7001985044097
24.948052429855
24.9917073323214
25.6372396713001
24.9523176937095
25.3786245479703
22.8139031201577
25.0678176442128
24.6042495682004
24.9783388430864
24.7066214807992
24.4703885524439
20.7145216394256
21.6887163310522
21.9449436655078
21.7955666509763
20.9924579906353
20.9996419092786
22.6283980723483
22.0480691469914
22.5603900712517
25.5847390462113
25.3917504136403
25.5507267854477
25.0946195715158
25.6414867015476
24.8390607112848
21.97185484617
21.4280282784993
21.8885567023646
20.7042655831284
21.0255889623821
21.4078263107054
20.7101382047506
22.9256445720436
23.184169936798
22.9170168970408
22.7334013733647
22.8731205360516
20.9749798740273
21.5461923947988
25.8312758042659
25.8304370468346
24.6383644044029
25.036392978244
25.4868688247948
26.6970513302929
26.5596895859572
26.3871217682452
26.374292826047
26.2015884937163
26.54028531586
27.171710889339
26.5642403712443
25.7913522782333
26.2518533355932
24.0547238081288
24.5537577778409
26.0725860439148
26.2998689933992
26.0751635937546
25.690757859104
23.8210754439014
24.5304509043385
24.9695219980261
25.2184442053087
24.166924461311
23.931419280581
20.9847209421462
21.0208174113823
22.1693742364619
22.0199972219304
20.3245590709654
20.2443129784691
22.7033298804815
22.0975536025133
22.1979719285858
25.4454491880737
25.4770136867008
25.5344886944909
24.9684553345273
25.7020303696223
26.0715569038979
21.9219961870283
21.4311210931885
21.7532045263002
19.9466487420923
20.4130545655361
21.0225286416333
21.5170698627277
23.7305930754482
24.1165055526584
23.6371996311481
23.7590572365371
23.083268677348
22.2030873929091
21.5248286587117
24.2200752810599
25.017424121876
24.0715889144502
23.8332816909718
24.2837575375226
25.5369524823716
25.3590470378325
26.1796911483374
26.3165413114048
25.0482503100087
25.3396427677353
25.7488690084588
25.3635978231196
24.777221154401
25.2431806988331
24.3186055167736
24.8176394864857
24.9175961590737
25.2849854502065
25.0259141703551
24.8380348607903
22.7624996163937
24.5804233610263
24.2023488019367
24.5764380768227
24.2176493373593
23.9821441566293
20.3253947841808
21.248802596074
21.3970991709658
21.2477221564343
20.5525442556572
20.473815975904
22.1899766345972
21.6081554120133
22.1219686335006
25.0034145761584
25.035718952652
25.0886978236599
25.0411777335591
25.2607356355735
24.4250337432153
21.4671763376747
20.9763012438349
21.29764479908
20.1397208405641
20.5001817104812
21.1096557865784
20.3759975019763
22.5257628968979
22.9116753741081
22.4323694525978
22.3404069150211
22.5903145278816
21.2922725996282
21.1437806780862
24.136783853068
24.8802543768597
23.4133928655082
24.1941157382429
24.6596385243532
25.3701479425196
25.3056049941784
25.3041970444129
25.7898314447697
24.865113706011
25.1967932832675
25.3820056391811
25.1967932832675
24.2504430242127
25.0180492640998
23.4236787948786
23.5296260780647
24.1475497940915
25.0092683590694
24.175202148691
23.6904470032073
21.7140948807634
22.8942337948546
24.2527650221425
24.4916642740318
22.6232428688513
22.4124208824809
20.3511365846427
20.5814049707704
20.8403321192584
20.6394569306183
19.8851466303535
19.5966531162528
21.6328926321197
21.0782913090995
20.9093131373118
23.4178169898464
23.71775939242
23.7470308015139
24.080030973557
23.9276922293208
24.9421721666818
20.485615494266
19.9947404004262
20.1113585269223
19.6565731452775
20.180221918123
21.0346454479056
20.6449508216555
22.8623723702445
23.2482848474547
22.517059003811
22.390479137514
22.238879468965
19.4714214624689
20.7516061095204
24.1074260664076
24.8152076383692
24.0984647838362
24.9248873070265
24.6532697368094
25.3220840703516
25.0667798771615
25.2220685780832
25.168618050838
25.4892901005373
25.3220840703516
25.4756786608052
25.3220840703516
24.4974270338694
24.8391515045956
23.5071845831522
23.957976008841
24.5230882208384
24.6316632435829
23.6710445065028
24.0459459598189
21.6933812476003
23.0823968674179
23.8316604697344
24.0829345014835
23.2998030396912
23.1549870451444
20.1807647979305
19.7714766472648
20.5429987152349
20.6268753350626
20.0766774195598
20.2713192867055
21.0037710926052
21.2698220983058
20.2108317156611
24.0433047627592
23.8092492743504
23.9255998849089
24.2517730385475
23.5595129864431
25.0676738066407
20.2460249838663
19.9929835946422
20.5309915725544
20.3841558327281
21.017494266736
21.0598750714339
20.8399717129542
23.2914726379825
23.3708154941199
23.4861145051281
22.3648142131543
21.6709042676722
19.4454010838896
20.7263381503014
23.8788038566545
24.8535829331173
23.5951345208592
24.4982065690453
24.9419696728887
25.5386412701056
25.299197364028
25.4711461559132
25.7834238146192
25.1309297936603
25.3892416662378
25.666556832569
25.3652866108535
24.5830154406473
24.896412773023
23.5290144835393
23.7906471359418
24.1343342358515
24.9345469172079
24.0794883400556
23.9717219816419
21.5982018763298
23.1743448985378
24.2448650947651
24.483036599029
22.9100298087808
22.6737968804254
20.2504829261244
20.5870710766705
21.0473383354779
20.8979613209464
19.8908127362536
19.8979966548969
21.6385587380198
21.0839574149996
20.9149792432119
23.7187392187323
23.5888909687679
23.6847269579687
24.0990830801772
23.8212829541534
24.8867814594864
20.4604990214762
19.9504175947426
20.3772008776708
19.872784540669
20.4678239511385
20.9049122044644
20.5146767035705
22.9679583352231
23.2264836999775
22.9593306602203
22.6995232196834
22.3494080133607
19.3892239119814
20.6543247130121
24.1588051090859
25.0385414970367
24.3662264076183
24.440330089456
24.8908059360068
26.2564932272885
26.1122284168418
26.2150950026989
26.0051058511921
25.7610303907118
26.0928241467446
26.5290738835364
26.1167792021289
25.0517089398848
25.5508180757699
23.0861758517621
23.5989885484314
23.7218318138891
25.5594732356903
24.4160840438997
25.4092424776758
21.5011000020481
24.367203102246
24.8759875069808
25.0723928650791
24.0548057436663
23.8193005629363
20.023762656261
20.9226011008014
21.7523735784614
21.6029965639299
20.2263427603846
20.1465408648782
21.6849010937898
21.0791248158216
21.7141387453678
25.0667933280268
25.0990977045204
25.1680050185376
23.8090458203705
25.3241143874419
25.4712122467887
21.5953025394514
21.1044274456116
21.4265108787233
20.0772817100091
20.4363522967146
21.0458263728118
21.2494820951795
23.6343432832257
24.0202557604359
23.5409498389255
23.3545987873777
23.1680281488622
20.6785941768735
20.5966199689764
24.5962975716237
25.5097526179391
23.8919833047888
24.927831799014
25.185744776651
26.0341683363201
25.7992895111651
25.674630349642
26.4912563597826
25.7959320792997
25.860813677068
26.3825890952918
25.860813677068
24.3678894865242
25.1268170910991
23.0280470320567
23.300937864574
24.7426431706199
25.1644116112876
24.2941409082295
24.9110502907077
22.3338378951622
24.0058176180582
24.5367212732694
24.7850475125408
23.9826231775124
23.8685445572826
20.6302428909145
20.6585970131476
21.7090650725607
21.4645229987145
20.1991301608424
19.9130586205013
22.0635644791656
21.6945796893092
21.7052047885228
25.0416442412882
25.1648733432202
25.3316323782086
24.3070290406963
25.3898900261417
25.5256574228604
21.3781475324534
21.522469177768
20.945804240305
19.9374500878594
20.998606993406
21.1597474592294
21.5557105080112
23.8822065827778
24.229954232667
23.5376330942109
23.3396742499204
22.583276649824
20.7596274614836
21.2936505683571
24.5944570574212
25.2675735190872
25.0541172603536
25.04231110946
24.8081910945276
26.0680492845038
26.0333554789104
26.0219384942464
25.6013033254726
26.194101749622
26.0633759578302
26.3599116694625
26.0680492845038
25.1522861311201
25.6337156820417
23.4856602137517
23.9800630639612
24.2654472493526
25.5565253008122
24.2503856059561
25.6718553983735
21.8749430064305
24.3421950030363
24.5630146385605
24.8142886703096
24.5315240053826
24.2584475487396
19.8538385819783
20.3425072435017
21.3910041833261
21.4091570004193
20.1284989474848
20.6126320126769
20.7821476785855
20.9159703021201
20.7288140902023
25.5556359783137
25.3219318459466
25.1819832161684
23.7579332370783
25.3219318459466
25.4214138482306
21.700037960017
21.5077826129709
21.7833114320874
20.70078536434
21.0319526836863
21.2017206008401
21.2679882999147
23.557068942696
24.1255095368668
24.0412020078881
23.0131460362883
22.5685668776966
21.1058282740108
21.0053538469601
23.7776546696036
24.4125546838199
23.2371064480589
24.1523844851157
24.617907271226
25.2205801629331
25.1544929985063
24.2082892248779
25.9119131458176
24.7828774324757
25.047225503681
25.8662217200563
25.047225503681
24.8108611384524
25.5501693925382
23.1686413746688
23.2745886578549
23.7164425842638
25.5555852664575
24.7356202629308
24.1772027326067
20.9622661205486
23.271329170854
23.2341617806454
23.4711900962614
23.0884862508242
22.9224009534684
20.2920364144228
20.1951816554824
20.7321662804046
20.5415477398961
19.4989233150655
19.2104298009648
21.4103620074595
20.8646565655379
20.9740820981468
24.0544974856126
24.3315383995181
24.3837112972801
24.0998692295777
24.5557896890569
25.1862233798903
20.5593564245627
20.0684813307229
20.185099457219
19.5591132804106
20.3559221558814
21.210345685664
20.5530441241175
22.8906400342167
23.2765525114269
22.5453266677832
22.3066221182403
21.1304441533211
19.8288144061917
20.8559967021773
24.4078148529108
24.9855741349916
23.7449337798669
24.4218213211197
24.1896858174291
24.8819013555451
25.3585499512933
24.7818858632766
25.4504215150218
25.0415954586984
24.8819013555451
25.0333123117726
24.8819013555451
24.307286894424
25.2134961138343
23.4805226650898
23.8753211805419
24.615037908779
25.1642294808774
24.1926670584454
23.8595093318669
21.8863666228103
22.6224425801685
24.0406292612681
24.3043914331882
22.8389338400124
22.628111853642
20.0094995101469
19.8988834053979
20.0491955628502
20.0641426787616
20.0141450866989
19.6688317202654
20.9503710667472
21.2072897654449
20.1250720750413
23.8225879064781
23.8561443709804
24.1133414367813
24.5134540980084
24.0665845374177
25.3465239895583
20.4916865474524
20.2964712776874
20.0350047859436
19.8214231764271
20.4150067002959
20.9575392875665
20.844458093396
23.4023995563656
23.6837276535047
23.0570861899321
21.945848091709
21.9914028621976
19.7070335605672
20.9879706269791
24.042053527383
24.9151213946558
23.5951345208592
24.4982065690453
24.9419696728887
25.5625963254898
25.3846908809507
25.4951012112974
25.8689173315419
25.1316575412856
25.3652866108535
25.666556832569
25.3892416662378
24.5822876930219
25.0682517019305
23.2778344392724
23.7906471359418
24.1906360059731
25.0900519888274
24.2834977600706
23.9717219816419
21.6922447597755
23.1743448985378
24.3303586116879
24.5685301159517
22.9100298087808
22.6745246280508
20.4401500787537
20.6725645935932
21.0233832800936
20.8740062655621
19.9763062531763
19.8979966548969
21.7240522549425
21.1694509319223
21.0004727601346
23.7194669663577
23.7517713428513
23.8206786568686
24.1838488494745
23.9767880257729
25.0459900425993
20.5459925383989
20.0551174445591
20.3772008776708
19.8488294852848
20.4678239511385
21.0950224920385
20.7053278657883
23.0527241045204
23.4386365817307
22.9593306602203
22.6755681642992
22.4349015302835
19.5468823526225
20.8119831536532
24.2147169717881
24.9543875598621
24.6700807494869
24.5828305454858
24.9902670067915
26.2552093376896
25.8268398576177
26.2138111131
25.7533579260604
25.8915560284134
26.042075899166
26.5119662700503
26.0818546784375
25.3456717874633
25.6294756471399
23.6711351686363
23.9056729126931
23.99248929284
25.6149281710365
24.460322733812
25.7159268419375
21.5939621785933
24.3017071278434
24.5015758404427
24.7754006734285
24.1188642078136
23.9218703859405
19.855540393295
20.7304326045577
21.7789295443821
21.6295525298507
19.7773073762007
20.1905049775069
21.2466496344375
20.5647787308359
21.2772415876808
25.3614960534718
25.3788294449216
25.0263035726908
23.5630534343699
25.3788294449216
25.2332750728594
21.4399019011462
20.9490268073064
21.5049981327031
20.1714043778506
20.502571697197
20.9415845419693
20.8458613163616
22.9871513709451
23.6625550462017
23.4712844361371
23.1984786161819
22.7109001212978
20.6153987508676
20.5149243238169
23.7215306091537
24.6963914116047
23.7943948535924
24.5428044226954
25.077256712722
25.6724360127118
25.1074767286831
25.6049408985194
25.59324739536
25.2116187562375
25.5164228900902
25.7996238275499
25.4990813534598
24.6658775783554
24.725755180898
23.6276882148936
23.8075935534668
24.1460821685996
24.5837603274712
23.7244163634876
24.0017465552006
21.5159263029117
23.3118519832234
24.0546367566472
24.2950802246221
22.9719315533039
22.8271155587571
20.4006639838561
20.383276705275
21.1609280105365
21.011550996005
19.823608168815
20.0189899138272
21.5713541705812
21.016752847561
20.8477746757733
23.8202174308462
23.7613463582387
23.6103137092312
23.9952652042597
23.5116100703314
24.7829635835689
20.2512706360265
19.6808354613343
20.528976715291
20.0171567944177
20.6354113824049
21.0578727556645
20.4940784387092
22.7776066009472
22.8553251817105
22.9722484680928
22.7082504562465
22.0422954195554
19.1727350171083
20.4536720835201
25.6352447418964
24.6689563668386
25.6889880367087
24.7757788642262
24.18631900033
25.195371329145
25.2618357960761
24.8953464661678
24.728107543606
25.6843460194519
25.4848625271914
25.8199814821807
25.4848625271914
25.3329636544776
25.773711172008
23.3745609183468
23.9363269567047
24.76044163995
25.5909832014965
24.3405061464895
25.1767089664274
22.5980609142177
23.3057678473954
24.0348034572587
24.1944263873157
23.6057365132452
23.4936882849309
20.3506274731272
20.3771592628665
21.3308060667438
20.8357002904786
20.4254931472214
20.620135014367
21.5833297494831
21.6275723070848
20.9205007334946
24.850922928774
24.4467515825267
24.7332288057904
24.0895694114831
24.1970152946194
25.6130445216214
20.4557330465571
20.1937804041549
20.7406996352451
20.2164537789784
20.4618301677416
20.5131222256175
20.7147533377169
23.5960515043977
23.6991366478707
23.7906933715434
23.0499520360296
21.8619697592979
20.7919211175236
21.0859180672941
25.865932702588
24.895465346987
25.5804817053855
24.7374677104467
24.0888103601443
25.0746353812004
25.4426425800672
24.7746105182232
24.9089143275971
25.5636100715073
25.3655942047388
25.722472841995
25.3641265792469
25.2380046905643
25.8630312673612
23.2282211300966
23.8704282043947
24.6726657606825
25.8407194894039
24.5902424343968
25.0817500025142
22.7876642774798
23.2082592072097
24.2156102412498
24.3752331713068
23.540995639292
23.3047627109366
20.1008911852199
20.5579660468576
21.2115377442911
20.6475024641097
20.4254931472214
20.416125594352
21.5833297494831
21.6275723070848
20.9205007334946
24.6969992920486
24.1970152946194
24.7332288057904
24.0895694114831
24.4467515825267
25.6130445216214
20.6365398305482
20.4435166920623
20.6431909950594
20.0282559526095
20.2578207477266
20.3323154416264
20.7147533377169
23.5960515043977
23.7869429394688
23.7322276937006
22.9306837135769
22.042776543289
20.9742559500844
21.2682528998548
25.3098591991584
24.550140140074
25.3849181064649
24.3653448842624
24.8914260709757
25.8675174471426
25.3033369858168
25.5674925841654
25.4168298048513
25.3743972130774
25.7107389311383
26.4928674780448
25.6941627878906
25.7894238546499
25.8310344079396
23.7845557481346
23.9600593782869
24.4395025870657
25.7030048772318
24.6928313445125
25.2887306421627
22.421941025675
23.6336818971109
24.3939328010274
24.5609720596883
23.1953025332814
23.0504865387346
20.5705266590528
20.7320924329366
21.6606998533032
21.5113228387717
20.1724238964766
20.3678056414888
21.8925281267758
21.3729852435969
21.2679524955605
24.6278355968609
24.558773258262
24.4179426301128
23.8437851324444
24.3090369703547
25.3283342985496
20.389947946459
19.8195127717668
20.7183643857391
19.8121324802944
19.9586351413103
20.3873392353925
20.3043193577531
23.0821854673624
23.1599040481257
23.2768273345081
23.3937023511262
22.234139733884
20.4193426674677
20.7461064242244
25.5595954870658
24.6724646437906
25.2550961626475
24.2678362440767
24.7032282446069
25.6785918731484
25.4391479670708
25.3785670101712
25.5518753927224
25.2536612651328
25.5465082903948
26.3046696516759
25.5052372138964
25.601226028281
25.9288580136895
23.5805463281196
23.8772915033364
24.3517267077982
25.9527411651392
24.9425676324198
25.1937716782495
22.5610379925377
23.4454840707421
24.5289783888986
24.7024073431557
23.0977938930957
22.8615609647403
20.3589929910711
20.8686822368935
21.4957293346932
21.3463523201617
20.1724238964766
20.1796078151199
21.8925281267758
21.3729852435969
21.2679524955605
24.4512150130099
24.3090369703547
24.4179426301128
23.8437851324444
24.558773258262
25.3283342985496
20.6337850954183
20.0692490596742
20.5315159632843
19.6471619616844
19.7546257212953
20.1376029474852
20.3043193577531
23.0821854673624
23.3407108321168
23.0728179144931
23.2294717103827
22.3699507151379
20.6001494514588
20.9269132082156
24.7534819986794
23.8258553282911
23.4657751835121
23.4293753838161
23.8647673843462
24.8997188576395
24.7087305092865
24.2707924725379
25.4660804349345
24.4440594720693
24.8191528614394
25.4490775060402
24.7748197561121
25.1607474908338
25.5095188937759
22.9708809314113
23.2704302346348
24.4044259761107
25.5275080395777
25.3185340908005
24.3353154182744
22.5412000451076
23.526286589237
23.3952902580865
23.237723091115
23.1785964115907
22.9423634832353
19.7352583259468
19.4733624089071
20.7938326018104
20.644455587279
18.7771040684903
18.7842879871336
21.3839809280907
20.8028995833733
21.1538530605389
24.4984160742467
24.3664292975829
24.4651436913496
24.1043660073515
24.6161655854903
24.6431942342141
20.3967360118594
19.8263008371671
20.3169752490956
18.1446974584391
19.4212015451511
19.804178771341
19.6108385334619
22.3409342101047
22.5994595748591
22.3315666572353
22.5478225385227
21.5990410538204
20.8089667806475
20.4034380170965
24.5044750841374
24.0214983868238
24.6000422250871
23.4748387903666
24.0009199770799
24.9848926522504
24.4104296829614
24.6723640367634
25.0143806381858
24.4610436406306
24.9087143784182
25.5751479317658
24.8921382351705
25.0024973024042
25.0693291040926
23.9392412593203
24.1175490174793
24.6012945658454
24.9320528598716
24.7223497880947
24.501804089917
22.5681230264639
22.314173569411
23.803693356986
23.6461261900145
21.8757942055815
21.7309782110347
19.5273497749418
19.9097759650904
20.8609471378093
20.7115701232778
19.35252940239
19.5479111474022
20.9092982856543
20.3650604692246
20.4251199134864
23.8236581681
23.7647870954925
23.6137652013519
23.7817635760644
23.5150508075852
24.6381437831713
19.5275091162685
18.9570739415763
19.8829806463111
19.17682842298
19.2806137584006
19.7093178524829
19.4924974965174
22.0536614787171
22.1313800594804
22.2483033458627
22.929448429128
21.6535448211965
20.3004879449967
19.8572002086404
24.7563376077514
24.214512860185
23.9936002250726
24.1058312275596
24.3253645301264
25.2473656320736
24.2859225510572
24.3033108286033
25.5780199197034
25.0060287976842
25.109069980641
25.7952311394661
25.109069980641
25.3588951086572
25.476603205395
23.1233016813424
23.3901583797653
24.8331237677569
25.3499703919342
25.0787475943477
24.2347415066721
22.9193771674609
23.8685726220761
23.4750765213328
23.3175093543613
23.7630836313783
23.6235255478731
20.0762276646787
19.4900863933954
21.2297101426049
21.0450947579895
19.1696313188067
19.3650130638189
21.5397166902954
21.1954268336898
21.2990843307469
24.8436207500582
24.7137751677391
24.7005591720981
24.281675668436
24.4640388798317
24.7613604212742
19.9397104298137
20.0680611620368
20.2246770185018
18.4254638661228
20.1961963185216
19.8571850017724
20.0793030962479
22.8106958123497
22.7909311491058
23.0053376794953
22.8473489195282
21.6670377764032
21.0221733654261
20.5934172941163
25.4229093085953
24.4448835715207
25.3280558555853
24.6043853767231
25.1304665634364
26.0922879827414
25.5186293516715
25.5252503228544
25.8643547800843
25.5692433093408
25.9714467362756
26.6491593667466
25.9533263769422
26.0584680692432
26.0812298904875
24.0836349254907
24.2198279749298
24.7567602585188
25.9392350370608
24.7966976324088
26.2780471564301
22.1988673429644
23.8505109598534
24.0540053914563
24.2017115104768
23.4625082611113
23.3176922665645
21.0179892724478
21.4116530353983
22.0119558450021
21.8625788304706
20.8544064726978
21.04978821771
21.8997680544979
21.2707644687709
21.0664544371998
25.2675025080949
25.1506226642686
25.0575987864799
24.6342009322181
24.9008863763613
25.8951122982826
20.5398387128725
19.9694035381803
20.8392228856765
20.4874901699097
20.7596120692761
21.1883161633584
20.8931550836392
23.0191504735072
23.0968690542705
23.2137923406529
23.0928494573103
21.5145808196565
20.6729388600559
21.1011328127965
25.3422262928126
25.1679932236902
25.4147029152143
24.7263713852359
25.250934759206
26.3604176780726
25.7844624115566
26.7862760721846
26.7366384058234
25.8350763692258
26.2372797961606
26.5758044522649
26.220703652913
25.7851524376021
25.8079142588464
24.8324746638928
24.9686677133319
25.5436438884916
25.6659194054197
24.5233820007678
26.4266560350554
22.9844041708261
25.1024233300964
25.0006834928986
25.148389611919
24.7144206313543
24.5696046368075
21.5770764151964
21.963119669206
22.8414047127456
22.6920276982141
21.4058731065056
21.6012548515178
22.8134951950471
22.2324138503298
22.6111095958195
26.2379432723926
26.1218033064329
26.0287794286442
25.2654175963053
25.8720670185255
25.9104575550707
21.805240125655
21.2348049509628
22.1556785045122
21.0389568037175
21.8078264989467
22.2466166897247
21.1874838480063
23.2829531186471
23.3606716994104
23.4775949857927
23.1633980404992
22.7989218499521
21.4267878652992
21.3502740947928
24.9624344414347
24.464751390225
24.9961651717129
24.6242531954274
25.1503343821407
26.0111911599053
25.4375325288354
25.487902101432
25.7585868931298
25.4881464865046
25.8903499134394
26.5680625439105
25.8722295541061
25.6405047176902
25.6632665389345
23.8674609491003
24.0051462957663
24.5086347243788
25.5212716855077
24.3787342808558
26.0031955280897
22.0701921621772
23.7053393057465
23.9927596664697
24.141174489424
23.3173366070044
23.1725206124576
20.8468967681086
21.2166054756748
21.9047811664992
21.7554041519677
20.6593589129743
20.8547406579865
21.7047204947744
21.0989442168063
20.957812133205
24.9117936268144
24.7949137829881
24.7018899051994
24.2784920509376
24.5451774950808
25.5640983502529
20.4592648563822
19.8888296816899
20.7996803975724
20.3405336689058
20.630918244999
21.0596223390813
20.783979445403
22.9116311797557
22.989349760519
23.1062730469014
22.6813173475016
21.1437950485887
20.5374399649455
21.0047859514756
23.8468293554979
23.7392464691087
24.8162259867038
23.4913377827011
24.0174189694144
24.945758254998
24.369802988482
25.4922826904859
25.2643290175355
24.4204169461512
24.822620373086
25.721059519774
24.8060442298384
25.6835712890571
25.7063331103014
24.0159719555349
24.152165004974
24.0450150853947
25.5643382568746
24.7586358152565
25.7655561463842
21.3664517094207
23.8035986775959
23.1932069254199
23.3409130444404
23.4155959788538
23.270779984307
20.0618629398496
20.8011125099897
21.2006383984824
21.0512613839509
20.2438659472893
20.4392476923014
22.0278836885685
21.3988801028415
21.6253393020397
25.0840300417211
24.9678900757614
24.8748661979727
24.3717449511789
24.718153787854
25.0934120551354
20.7377112177699
20.1672760430777
21.0133523386794
19.9257567119548
19.9892839195151
20.4117452927747
19.7294625810258
21.8651389556668
21.9428575364301
22.0597808228125
22.0689590224688
20.9260674008653
19.7708560275099
20.6563524800365
24.381395048446
23.9090202331327
25.3760694070841
23.6611115467251
24.1871927334384
25.113064603491
24.537109336975
25.6595890389789
25.4316353660285
24.5877232946442
24.989926721579
25.888365868267
24.9733505783314
26.1015346406101
26.1242964618544
24.4339353070879
24.570128356527
24.4629784369477
25.9823016084277
25.1765991668096
26.1835194979373
21.6348111906811
24.0117525496008
23.4013607974248
23.5490669164452
23.6237498508586
23.4789338563118
20.3191649698457
21.0584145399857
21.4579404284784
21.308563413947
20.5011679772853
20.6965497222975
22.2851857185646
21.6561821328376
21.8826413320358
25.5019933932741
25.3858534273144
25.2928295495257
24.7897083027319
25.1361171394071
25.5113754066884
20.9387919459362
20.368356771244
21.2381761187402
20.1342516744972
20.1977788820575
20.6365690728355
19.9260476374184
22.0349127196909
22.1126313004542
22.2295545868365
22.6017987777346
21.458907156131
19.9624336894748
20.8574332082029
26.4366094793709
26.3046734137754
25.9561552560843
25.0600913635422
25.5172430463392
27.0868077858137
27.0214860147697
27.0169814710285
27.5310752896925
26.5428186871906
26.9134531265617
27.2896361921815
26.9134531265617
26.1688449625456
26.8640713430563
25.3124386679665
25.3633591336431
26.397124391971
26.9069592064975
26.247436033186
26.8656274820163
23.9626383278323
25.1405661739612
25.7014260897782
26.029753035138
24.7766603641467
24.5658383777762
21.645824426605
22.194237967811
22.9756620605654
22.7800632472232
21.4979796273941
21.2094861132934
22.8626541705316
22.2568778925634
22.7660836355973
26.3339062969543
26.6043986534625
26.6576291788786
26.0735585101068
26.829415336384
26.8144416742879
22.3745610985628
21.883686004723
22.0003041312191
20.8108033828418
21.5506031271781
22.4105294999167
22.033854588882
23.8527352606156
24.2386477378258
23.5074218941821
24.5532574170065
23.8689596143397
22.0518092445258
21.6311472379506
26.268817018425
26.243134952237
26.2073353003512
25.311271407809
25.7466634083391
27.1993914593088
26.9599475532312
27.1287997511408
27.469536828154
26.7685877894726
27.0665679986887
27.5190565541814
27.0260368000568
26.3960816903195
26.6519184613031
25.3124386679665
25.5659009281662
26.3047915200487
26.7059097092014
26.0463865358899
27.0928642097901
23.9010998662938
25.3699865359611
25.6398876282398
25.9682145735995
25.0278404084135
24.7916074800582
21.4838181578367
22.1326995062726
23.1303211487781
22.9809441342466
21.4364411658557
21.443625084499
22.8011157089931
22.195339431025
22.7045451740589
26.5596753992363
26.3786295511806
26.5264030163391
25.9887927408095
26.6283658390879
26.6832155117485
22.3130226370244
21.7906325606744
22.229724493219
21.0264251468493
21.8017831714449
22.1847603976348
21.8425880397554
23.7679694913182
24.0264948560726
23.7586019384489
24.707112167
23.8074211528012
21.9033155625943
21.4189943561974
26.0190807305177
26.1208104485204
26.3386803297471
25.4087800479947
25.934861234708
27.3883170333031
26.8241365719773
27.3177253251351
27.3344912402828
26.8893237374172
27.2315385172987
27.7072543805503
27.214962374051
26.5842795166883
26.5548239785529
25.5164480879814
25.6486688031167
26.3949043471186
26.456173421294
25.7966502479826
27.2164654432216
23.7652624816974
25.5581843623299
25.4814954558467
25.81140026146
25.1253490485992
24.9805330540524
21.6953518258184
21.9961097023157
23.2952916673881
23.1459146528566
21.4364411658557
21.6318229108679
22.8011157089931
22.195339431025
22.7045451740589
26.7363067379541
26.6283658390879
26.5264030163391
25.9887927408095
26.3786295511806
26.6832155117485
22.1113314474593
21.5408962727671
22.4179223195878
21.1913956654593
22.0057925914599
22.4344966855421
21.8425880397554
23.7679694913182
23.8456880720815
23.9626113584639
24.8713428077435
23.67237556493
21.7225087786032
21.2381875722063
26.7619950221088
26.6550612294277
26.5768515076808
25.7809028741789
25.421736721923
26.8805207290785
27.1748551701142
26.8138952107558
27.2668137151744
27.0851374052931
26.8790531035866
27.2204778807262
26.8805207290785
26.2843096779808
26.9666567660441
24.9581570915114
25.7274497985407
26.7831329582623
26.9578220453281
26.1400915690581
27.1392995004099
24.2313010826556
25.1383057225275
25.5248663381439
25.8547711437572
25.448626778612
25.2138614757486
21.4568495935173
21.7003110966115
22.5538010935492
22.5734717233855
21.775793998641
21.6816606764743
22.3687272993321
22.5346922638103
22.1704372674998
26.8749245493748
26.6537691950661
26.9384413519041
26.3873400347533
26.8802781752146
27.0991518973597
22.5310743483049
22.3388190012588
22.325572631063
21.3687292519089
22.2162463331264
22.5090665016221
22.4420281711305
24.4656747647194
24.6843200878735
24.4180117176564
24.4068565447023
23.6947368105078
22.4401082557673
22.0269379848961
26.7619950221088
26.5928067591551
26.5768515076808
25.6946933485221
25.421736721923
26.8805207290785
27.0886456444574
26.8138952107558
27.2668137151744
26.9989278796363
26.5895619055402
27.2204778807262
26.5910295310321
26.2843096779808
26.9666567660441
24.9581570915114
25.7274497985407
26.7831329582623
26.9578220453281
26.1400915690581
27.1392995004099
24.1443516791322
24.8488145244811
25.2353751400975
25.5652799457108
25.3624172529552
25.1276519500918
21.1781270462599
21.9898022946579
22.8432922915956
22.5734717233855
21.6895844729842
21.5954511508175
22.6582184973785
22.4484827381534
22.4599284655462
26.8749245493748
26.6537691950661
26.9384413519041
26.3873400347533
26.8802781752146
27.0991518973597
22.4448648226481
22.252609475602
22.2393631054062
21.2825197262521
22.1300368074696
22.4228569759653
22.3550787676071
24.3794652390625
24.5981105622166
24.3318021919996
24.1173653466559
23.4052456124614
22.3524064328835
21.9399885813728
26.0337920415726
25.1922249693872
25.1759724652435
24.4975912078993
24.9329832084294
26.3822393685941
26.1427954625165
26.3100870574078
26.4333450309227
25.9639250346858
26.2486634886136
26.9453669226244
26.2088847093421
26.7382921013928
27.0092136050122
24.6079472233242
24.8614094835239
25.6519112651625
27.0520166340326
26.3554505465654
26.3859878160689
23.1419998669792
24.4577413338856
24.4955686208635
24.8366896719107
24.1100511562393
23.8738182278839
20.7281288948782
21.1750364620953
21.9374873959524
21.7881103814209
20.4787781216784
20.4859620403217
22.9586860535884
22.3257859541034
22.3654182379979
26.013175452388
25.8298455103801
25.9799030694909
25.059103692227
26.0795817982874
26.1805058789486
21.7983618440812
21.3041041412349
21.7150637002758
20.0694781114062
20.7352161334055
21.1881281106187
21.1868915674286
23.5897259332627
23.8482512980171
23.5803583803934
23.8271573822596
22.9684310794383
21.2390207663504
21.7345535795082
26.496246029132
26.1421745635549
25.0797691915737
25.4534868621982
25.8881264433679
26.9672970481144
26.8373092104496
25.826332666727
27.5861712588672
26.4718342115377
26.8013287971047
27.4778283662136
26.8418599957367
26.2429442036422
26.7124014818709
24.443366758566
24.9480090630325
26.8444601997819
26.758249268031
26.6278546704059
25.8259087812533
24.3501621185244
25.2129535207641
25.1797828698108
25.3334459723556
24.8652633431177
24.6304980402543
21.4582449164863
21.3182756126192
22.655555706727
22.5061786921955
20.6220172722023
20.5224951390507
22.8651781085547
22.2879932775953
22.722092705008
26.3912819147499
26.4360051689762
26.4877680689003
25.9709508144339
26.6625141491246
26.792342863239
22.0189176753414
21.5280425815015
21.830405776968
19.5623545295868
21.4796282344447
22.0898421884084
21.7653391079133
23.9257161105309
24.3116285877411
23.8315827883642
24.3428841947115
23.3276969580245
22.7152951528772
22.0832079194165
26.6370662886473
26.3036368052129
25.4051547343117
25.9231183285681
25.2744609782658
26.2913407021134
26.737994285409
25.150376320726
26.780486825278
26.8589617768491
26.5822995256517
26.863410481751
26.5808319001598
25.8446162442409
26.4344218537893
24.3019540725981
24.9411457640908
27.0715221646582
26.4422181722807
26.0240496654977
25.7153547310099
24.474718743296
24.9757286572317
24.7505390377914
24.9034622624697
25.3216146887164
25.0853817603611
20.9983580625953
20.9062421817734
22.4198855792177
21.8651266525984
20.7737692821371
20.7644017292678
22.4531446777089
22.4397452875301
22.2679348911473
26.6355985682967
26.096746765467
26.6718280820386
26.1319693241752
26.3464830533744
26.9455564420292
21.9196027503009
21.7354908649929
21.9262539148121
19.9498015531678
21.8940913961262
21.9596748368481
21.9407958673392
24.3548163782689
24.5510508621244
24.4909925675718
24.0877042222065
22.901542493168
22.8462736921091
22.2141864586484
26.82163157187
26.4880846437451
25.1539746900449
25.7403849020795
25.023280933999
26.0655715998315
26.9501471671622
24.9246072184441
26.9926397070312
26.6331926745672
26.3550627978779
26.6122304374842
26.3550627978779
25.6173795164671
26.6465747355425
24.3019540725981
24.7955698782104
27.1653992526662
26.6432676695768
26.2250991627939
25.4881180032361
24.5362572048345
24.7245486129649
24.9626919195446
25.1156151442228
25.0704346444496
24.8596126580791
21.2241271648772
21.0273757571949
22.1926488514439
21.6378899248246
20.8585350514344
20.5132216850009
22.5742782531305
22.5245110568274
22.3294733526858
26.4098294660148
26.3225158677489
26.7685802419259
26.2167350934726
26.5475325506705
27.0770530863107
22.131755632054
21.936540362289
21.6750738705453
19.722564825394
21.6429113518594
22.18544393913
22.0925803499393
24.546533115078
24.7632037438776
24.2549152793542
23.8604674944327
23.1136953749212
23.0584265738623
22.4263393404015
25.9178073552361
25.2601358560897
24.670810658037
24.976709828806
24.3280524785037
25.0440376574159
25.7439542504554
24.4601579057727
25.7172529396227
25.6161228015518
25.3320612299704
25.7433505593469
25.3335288554623
25.5709364046876
26.3743625214811
23.6380234577471
24.5283951935065
26.0091959952829
26.3740153782342
25.6830630934135
24.9160706037121
23.4323373894805
23.8443847834334
23.761450962774
24.1288721052757
24.188069506711
23.9533042038475
20.6001876981091
20.1916171085464
21.2900109338045
20.7438465193518
19.9776088125294
19.8834754903628
22.0578933357363
21.9343671021681
21.4980063383536
25.5562089160091
25.2384201477495
25.683756774301
25.4529548633035
25.4649291278979
26.1243285629086
21.5079035966051
21.315648249559
21.3024018793632
19.4451103677589
21.0359144563378
21.3287346248335
20.9868340087174
23.3356023841989
23.554247707353
23.2832236883188
22.6967804532207
22.07440299695
21.6240314565608
22.0664547000373
26.5774297388861
26.4661356554334
26.5768515076808
25.7809028741789
25.421736721923
26.8790531035866
26.9627022883611
26.8124275852639
27.0546608334212
27.0836697798012
26.8805207290785
27.2204778807262
26.8790531035866
26.2857773034727
26.754503884291
25.2093371357782
25.7274497985407
26.6931106308
26.7538126253131
25.9360821490431
27.1407671259018
24.1277261512359
25.1383057225275
25.3127134563908
25.6426182620041
25.448626778612
25.2123938502567
21.2296128657435
21.5495792564969
22.5755615585294
22.5749393488774
21.6910282293437
21.6816606764743
22.2179954592175
22.4499264945129
22.0676022139466
26.8734569238828
26.4265324672923
26.8416891920168
26.2453005750973
26.6762687551996
26.9679257348203
22.3189214665518
22.1348095812439
22.325572631063
21.3701968774009
22.2162463331264
22.2818297738483
22.2530220197192
24.2818355283536
24.4721672061203
24.4180117176564
24.4083241701942
23.4825839287547
22.2279553740142
21.814785103143
27.5386178102873
26.9209853684663
26.2000628145279
26.4790052988194
26.1198391465635
27.2918987636647
27.5831438375375
26.282156168207
27.5731684500962
27.4934260727164
27.2904311381727
27.7784750263796
27.2918987636647
26.6814320228369
27.3637791109002
24.4989355348903
25.2682282419197
27.3556781602219
27.3549443901842
26.5372139139142
26.5500853081644
24.7173383526457
25.3329543329024
25.5927117356554
25.9226165412687
25.6432753889869
25.4085100861234
21.9669244119852
21.4764697295024
22.8552260730477
22.874896702884
21.5519526315319
21.4578193093652
22.9901111389038
23.156076103382
22.5614828818936
27.2877298460355
27.0665744917269
27.3512466485649
26.2053922631774
27.2930834718754
27.6085139608986
22.8246319669182
22.6323766198721
22.6191302496763
20.7683870034713
22.3777221582648
22.6705423267605
22.8301235442429
25.1220384346915
25.3406837578456
25.0743753876285
24.5439114593682
23.64136764073
22.8193459768372
23.0218587221395
24.347531047597
25.2792237722286
23.8684877340334
23.8965817371094
24.3621045232198
25.3799863745845
25.3146646035405
25.5272057216545
26.3027303685378
24.9488120788186
25.2066317153325
25.4355072787343
25.2066317153325
23.8442240707665
24.6242662932325
23.8069021786969
23.912849461883
24.3473463325264
24.6045672183664
24.3919857420236
23.480409638763
22.6811719033833
23.6419181408303
24.5767710957588
24.5536127476929
23.3721871556963
23.1613651693259
20.2652999660465
20.8425493280394
21.2383798801909
21.0427810668487
20.1462909876225
19.8554215650075
21.6987153903997
21.0944067379234
21.6035317306448
23.4672548305476
23.7671972331212
23.7972210615754
24.1820001107666
23.9778824893824
24.1079312376546
20.7944360900409
20.303560996201
20.4201791226971
19.9565883434318
20.5489393862813
21.4033629160639
20.8088660323163
22.8113170037909
23.1972294810011
22.4660036373574
22.8173968605578
22.9579861307114
21.108082423753
20.7577691012746
24.6932853805128
25.0615545477032
24.3809977108847
23.9870204521625
24.4209201554657
25.2074214989168
25.0295160543777
25.4335580882235
26.0357089584957
24.8496291809311
24.9927957631663
25.3129392503671
25.0340668396648
23.6643585007827
24.2222391485323
23.772340375993
24.3246673038975
24.5166645417431
24.2004248433275
23.9893109924767
23.6889552588569
22.1516738721088
23.7070263069534
24.3535281729459
24.4021885342322
23.4590550040864
23.224289701223
20.0417663615515
20.8407721137117
21.070070776504
20.9206937619725
20.1445137732949
20.0473703411581
21.522208731689
20.9186524985732
21.4031504788774
23.8439793844405
23.9166850592403
23.9444122522484
24.2081248641994
24.1250736800554
23.6425781663052
20.9028109152605
20.4119358214206
20.7167032334181
20.0890319145474
20.5400185580453
21.1845331200595
20.5562606728594
22.4733555622136
22.8592680394238
22.3792222400469
22.8554199388285
22.695008786109
20.4294651184612
20.1891806747368
27.5978752685563
26.5297207366164
26.2800113334159
26.0483364261725
25.6556185428288
25.8461654976598
26.661803546803
25.1319497204047
26.4406913353107
26.2746487277241
25.8461654976598
26.3056018457959
25.8461654976598
26.8019147575828
27.7532154929318
24.5736352951971
24.9968752262342
27.0575183970702
27.6733552181186
26.5492167227642
26.7540762890049
23.4765467993098
24.1411447446889
24.9974178149312
25.125523613021
24.5730013974828
24.4943699794612
20.5822995494166
20.3190027571433
21.3211553080122
21.3361024239237
20.7332147892934
20.4413153326888
21.8120719059225
22.3376523331479
21.3143351680908
27.0116733019259
27.2029914687915
27.3383226233882
25.4642143422324
27.4170561668055
27.7757243398412
22.0939882970612
21.9276539863873
21.7287932241904
20.2728847978425
21.6571182969546
22.0363025880871
22.0396157466187
25.1165892715355
25.3352345946896
24.8542411632203
24.3670084718011
23.791772982138
22.2732521157499
22.4363647272516
24.4883513071123
25.4406860138866
24.4769218893111
24.4933991124935
24.2582270954903
25.2468377829118
25.2566207549984
25.3940571299817
25.9312281363239
25.3775882464385
25.2530034068123
25.4191953755664
25.2468377829118
23.9970015358704
24.5414662550855
23.7425866363602
24.2753006403493
24.6351088800058
24.486124263396
24.1375643877427
23.7344618769633
22.8462597267869
23.7338325140772
24.3637703888064
24.3360790473117
23.9507467250825
23.7145137967272
19.8529176502143
20.1954686429657
20.8382793781548
20.8462870883066
20.3455475356161
20.3361799827468
21.051634705326
21.2936632859171
20.905050308994
24.0068054574761
23.6097032465047
23.9750377256101
24.3537421757571
23.859439534412
24.2334328776135
20.7395363358963
20.5554244505884
20.7461875004076
20.4977922184225
21.1868387065037
21.2524221472256
21.0085233152395
23.2404172715289
23.4338257749647
23.3765934608318
22.6724636137455
22.5707913100671
21.2834761338809
20.9331628114025
25.4555764482174
24.8434151369186
24.092730427902
23.9371727854907
24.3935720489274
25.3985438880678
25.3332221170238
24.6843281108127
25.9569122438339
24.9655796378596
25.2251892288158
25.7447948074171
25.2251892288158
24.4959804700363
25.2729310282341
22.9942232123997
23.096944183607
25.037288023475
25.2570634955027
25.0437421412934
24.3374303749677
23.1057322476992
23.1385121618148
24.1232670044306
24.037854186092
22.8687811766808
22.6579591903104
19.8939971322821
20.2039528400713
21.3659537327569
21.1703549194147
19.5076944996544
19.2168250770394
21.6981823242645
21.0924060462964
21.2903370398845
24.2627258971002
24.5626682996738
24.5919397087676
23.7119327807072
24.7726011365746
25.1098650221702
20.6263769435019
20.1355018496621
20.2521199761582
18.5891047591255
19.8386025697704
20.698528942509
20.617507662312
22.8038914711635
23.1898039483737
22.45857810473
22.6579785866009
21.9630100849564
21.3420394351908
20.7937918863327
25.6658532130532
24.641000147172
25.0241427416782
24.1246529604548
23.8925174567642
24.887144075844
24.8954347507037
24.6993374262469
24.4407479860871
25.0164022421438
24.8918174025176
25.4122784520674
24.887144075844
24.9993540830803
25.5190947877815
22.8153010670936
23.3547500876251
24.4154822648659
25.4782855446144
24.181571722367
25.11474877729
22.1985685287816
22.8964558831834
23.5264752222736
23.9914680132888
23.048966028977
22.8127331006217
19.7123660085997
20.0058715681605
20.6259569028078
20.6277566669155
20.1497425147668
20.1403749618975
21.2922348654272
21.480873136831
20.4905843429965
24.5668144682159
24.1789589707578
24.5350467363499
23.3214630632364
24.426585833121
25.1770832304197
20.6291148144036
20.4450029290956
20.6357659789148
19.810077360683
19.7920923982247
19.8576758389465
20.7281041296227
22.9817155665988
23.1787024698148
23.0962894790135
22.4223905990181
21.6168326582367
20.8457562668507
21.2307618188075
25.9695767479252
26.5721277468876
25.5552357742027
25.4311009455182
25.0477963249946
25.4062674317673
26.2219054809105
25.5534867788372
26.3704892878223
25.832403583699
25.4062674317673
25.5742338868373
25.4062674317673
25.681976941441
26.6235533441772
25.5933100657134
26.0285475093821
26.6082944823245
26.5534174019768
26.1525184578393
25.4385700575791
23.3202053451286
24.1710320281981
25.0362517060434
25.1691020588299
24.602888680992
24.5242572629704
20.2007419010971
20.3515234668842
20.685999329393
20.7009464453044
20.7657354990344
20.4738360424297
21.286512569525
21.8360480521347
21.0871314593158
25.6257138264661
25.8145836162296
25.9523631479285
26.1861152301175
26.0318491107061
26.2952484321795
21.8177232051159
21.6513888944421
21.4525281322452
21.0097150295027
21.7859263126681
22.1658504816671
21.6522597780555
24.6403295624029
24.858974885557
24.37695668295
24.2051414421049
24.4540216593412
22.0853233260747
21.7276581653871
25.3340350686043
26.2460084506286
24.9141378771695
25.120114714701
24.6875181840406
25.8991757916587
26.481753070318
26.0463951387287
26.8702881723309
26.164798577723
25.8991757916587
26.0678821245954
25.8991757916587
24.5044647362255
25.4392044897673
24.4157978604978
24.8131982640306
25.3977961572329
25.3660826569218
24.9773540312925
24.2419250773184
23.550124418638
24.3285983185574
25.1938179964026
25.3266683491892
24.6798867183479
24.4690647319775
20.7308213365359
20.8191952055908
21.2539667279932
21.2596374903426
20.9398456978767
20.5945323314432
21.7750706408581
22.010158250977
21.6006549140975
24.5592871280808
24.5933509221196
24.850040658384
25.1692254078809
24.8032837590204
25.1062539831701
21.7478578862798
21.5526426165148
21.2911761247711
20.820735985194
21.6027794407061
22.1453120279767
21.6758620992503
24.4076533710959
24.6262986942501
24.1208362101465
23.4044471105082
23.7283096771149
22.0845413361178
21.7381053467638
24.1842813768685
25.2176853106901
24.1196677783002
24.1477617813763
24.5915248852197
25.4925700480796
25.253126142002
25.6397893951496
26.2411919069993
25.1363724687978
25.360486465326
25.6649276407342
25.3192153888276
24.0714607985404
24.4233639851407
23.8069021786969
24.1080490623346
24.2581028277671
24.4382213472843
24.1909362447275
23.6865589608516
22.6196334418449
23.8713385028302
24.5152326342204
24.4920742861544
23.6233671999632
23.3871342716078
20.1032936972782
20.7810108665009
21.4016688882073
21.2522918736758
20.084752526084
20.0919364447273
21.6371769288612
21.032868276385
21.5419932691063
23.6930239328295
23.561800330393
23.6597515499324
24.0972343414692
23.8115366183003
23.9487226545417
20.7328976285024
20.211247430019
20.649599484697
20.154020487871
20.8001194305481
21.2558487854767
20.6603723503848
22.7265512344936
22.985076599248
22.7171836816243
22.9712516105513
22.8964476691729
20.977022739824
20.6427068176204
25.8739521052837
24.9578999281129
24.5503303784507
24.4732776904042
24.0414210376104
25.1750820847249
25.802849089307
24.4608663074698
25.6659522916836
25.4858945967121
25.1750820847249
25.634518432861
25.1750820847249
25.160972384823
26.0931403451268
23.4730416328031
23.8673629135616
25.9404060080011
26.032016178128
25.456362449049
25.1036970628509
22.9587133445738
23.1293761495695
23.9286436162392
24.1103053595051
23.4821925322363
23.2713705458659
19.949292011078
19.5156160056767
20.6121912406793
20.6220961556404
19.6323954997209
19.2870821332874
21.0295714870825
21.2368330435754
20.5568001326993
25.5745637813909
25.6086275754296
25.8653173116941
24.5256702184417
25.8185604123304
26.131944765574
20.8424091603086
20.6471938905437
20.3857273987999
18.7834285930247
20.1978524586027
20.7403850458733
20.7897808766255
23.5610503255128
23.778191752792
23.2691508689082
22.4198342982486
21.9227397241885
21.276388260167
21.2643456713514
25.2086361271585
24.3210461761515
25.2156472890033
24.7809910998426
24.1915312359464
24.9588391387265
25.090425436665
25.3780929273698
25.1378410201729
25.4635332333254
25.2483303367729
24.9725987508434
25.2483303367729
24.9359889928555
25.3957559789992
23.6698711412225
24.2439459219226
25.0355712864822
25.1997918087685
23.7727715024551
25.8487616147896
22.4430171609383
24.278157785121
23.9841463159965
24.1596479089654
24.5413092784144
24.3964932838676
20.1290930040045
20.5426264731995
21.4281184472155
20.9594385537756
20.5909603575543
20.7856022247
20.9089678384961
20.7800275977852
20.7750744921042
25.7255961302177
25.3316160499619
25.6086311302339
24.7437538633191
25.0818797620545
25.6985447454159
20.49676488504
20.2405500357436
20.7817314737281
20.4045573285659
21.1710488045949
21.2166030693651
20.4746430922175
23.1546735888243
23.252050772929
23.34931545597
21.9746446814828
21.8629355788632
20.3938699047056
20.4255047883371
25.1428605841663
24.2304496704734
24.9156397794463
24.4061804248369
24.8032612715874
25.6088803281471
25.214903901528
26.0281341167904
25.9686889935846
25.1134174915704
25.429387523716
25.5843287864844
25.4699187223479
25.2990860748914
25.6017097506253
24.008988496139
24.2717708616686
24.7711418711825
25.5816782719334
24.4137370212401
25.9606451179759
22.3524206552602
24.4599811869419
24.4385536878385
24.5636786157199
24.203315775965
23.930239319322
20.2946661865715
20.9798234438679
21.6432120418781
21.4938350273466
20.0251804027676
20.4383780040738
21.0100331154778
20.2150130363813
20.8701160023958
25.4229057543094
25.4543403526108
25.0877132735284
24.1376009113628
25.4543403526108
25.2423558652231
20.6212433499031
20.1163768666327
20.68633958146
19.9137220069317
20.6998711183243
21.1602747502371
19.8103412191653
22.2804388788714
22.955842554128
22.7645719440634
22.2053771228992
22.3142535835423
20.2696552870186
20.2991138589043
26.0956435732519
25.0292368102903
25.424961417917
24.8187567857584
24.2084105892357
25.1708612395098
25.5611221229496
24.4930472044902
24.7949576695824
25.7218683936612
25.4588848120643
25.5699834416725
25.4603524375562
26.0970348311165
26.6980511135413
23.8500305695588
24.4631624487238
25.7909862860379
26.6308406070081
25.1943944280861
25.3959141254152
22.6871952010053
23.4085965434782
23.8342430107377
24.299235801753
23.6717480367717
23.3986715801286
20.4260215180682
20.3711558810558
21.4245835686174
20.8807950626789
19.8676563869925
20.3517894521846
21.5943482159934
21.4458565989766
21.0143040428286
25.5772649245949
25.2516334459887
25.2716094080575
24.3388137850032
25.2516334459887
26.0286253546258
20.7552191934733
20.5597903863549
20.8384926655437
19.8771448317972
20.5326364572942
20.7055778345203
20.6335383654614
23.2281112562825
23.672378110884
23.6588304116457
22.8406792436235
22.0744612865512
21.0454523899887
21.519978502627
25.991483768555
25.0292368102903
25.3784004534719
25.1082479838048
24.7873929853285
25.6537210371547
25.757580089711
24.9759070021352
25.2778174672273
25.9183263604226
25.6522534116628
26.0528432393174
25.6537210371547
26.37561706546
26.8602729283604
24.0593170182925
24.5513698687274
25.7428934806954
26.7798562351522
25.4729766624296
25.5449297535593
22.6871952010053
23.4085965434782
24.1237342087842
24.299235801753
23.6717480367717
23.3986715801286
20.4260215180682
20.0816646830094
21.1350923705709
21.1539976070245
19.8676563869925
20.3517894521846
21.3367289086928
21.4458565989766
20.7574371548884
25.6235271596708
25.3890831494373
25.2498743975256
24.3850760200791
25.3890831494373
26.0286253546258
20.7552191934733
20.5597903863549
20.8384926655437
19.8771448317972
20.5326364572942
20.7055778345203
20.6335383654614
23.5175151088684
23.9618693089304
23.9482342642316
22.6926303604241
21.8834333861562
21.0454523899887
21.4967511948681
25.770258030514
24.678848994638
25.099575875179
24.3874364731681
24.7845173199186
25.8453499600189
25.448284166237
25.1675359249993
25.3884892214184
25.3498871234422
25.6635202077853
26.1460901723554
25.7032989870568
26.4595176663411
26.7581751522296
24.202345012715
24.4635831621589
25.4700472331536
26.7428622827434
25.5749210320502
25.5079358011505
22.4605689160632
23.5547966403411
24.0482445938411
24.4628607197689
23.2981312293642
23.0250547727212
20.5750214315431
20.6168881462236
21.6703158337852
21.5209388192537
19.6637629178666
20.0769605191728
21.9485289667031
21.2412107104903
21.4531627545251
25.3314806455562
25.363655121724
24.9962881647752
24.0930295059645
25.363655121724
25.743915131554
20.6423812367606
20.1375147534902
20.7074774683176
19.4819065900199
20.1178372731514
20.5927398778076
20.2721679622553
22.5535987210257
23.2290023962824
23.0377317862178
23.0996637894228
22.292292114684
20.7074011052563
21.1819272178946
25.5724059316012
24.5808374861257
25.2870169919064
24.5480095393808
23.9376633428581
24.7410230080395
25.1312838914793
25.1602767966828
25.1817888421501
25.2920301621909
25.029046580594
24.8148534562029
25.0305142060859
24.9467597840094
25.5477760664342
23.7384230183812
24.3530727102894
25.1962407287638
25.480565559901
24.0441193809789
25.8595324059435
22.5790469402023
24.313781090079
23.9319715395258
24.3969643305411
24.5769325833725
24.3038561267294
20.1456662730965
20.7340911787
21.3974797767103
20.8536912707718
20.2305916846367
20.7147247498288
20.6550999454078
20.4196589248676
20.4320097100597
25.6904250438801
25.3647935652739
25.3847695273427
24.4058600787999
25.3647935652739
25.5270660882948
20.7340813066157
20.5386524994973
20.8173547786861
20.3097126680693
21.1001713297237
21.2731127069497
20.1971199828455
22.6654602160818
23.1120237061293
23.096179371445
22.0929491630724
22.2444716386089
20.6420771031203
20.6976791723772
