4.9842359990135
4.34319093774157
4.15317031710276
6.41472390335751
4.7575311013397
5.54968869258172
6.05571093440992
5.45247508529345
6.16495916658066
4.762268837939
4.20750508304846
4.48976474944567
5.57766685855277
4.21833685184124
5.94376274352842
6.33020549370912
6.64952065221976
6.16340891879339
3.76928146499061
4.51169678543616
4.07040776197237
3.77419504258874
4.41389797019047
6.59766491334436
4.23665866497142
4.15313067413895
6.90294919374948
5.03369515033081
4.37406775600842
6.98458533641904
4.91341449693206
5.66522092985362
7.28785660663556
5.15191971612175
6.62434529910933
4.96210006760778
5.93854163259625
4.61141139150457
5.00769522277793
4.13410546368008
3.88152482916297
5.88175059882881
5.65256076893741
5.66046159333271
2.82116033082237
3.97277197063242
5.35019101241888
4.85573046713921
4.79914308093696
5.25652935124251
3.80467431450331
4.63883986055677
5.30692334582426
2.28632131953626
4.80705095347275
4.50249239390556
4.74214635384815
6.00484219073301
5.27728954082063
5.57221854614628
5.09629501786353
5.46855343227202
5.03806000890636
4.98268678151628
5.08666850295275
4.64503751323509
5.2169291334511
5.44202745033829
4.28447124294521
4.30057956511711
4.15266257022846
6.44303391975608
5.43190853876069
5.98294173412835
5.34476470835307
5.1294950931767
4.64719565086519
3.38217288589681
4.96123855731636
3.93506528016621
4.73181886034471
4.2241545673586
4.55466625125839
3.91521201166307
4.05021763348328
4.32412513512787
4.0127691067841
4.96972744448593
5.54205639407439
5.04622682165069
4.04928703917046
5.81199719904893
5.22566244354276
5.38194924253655
3.81079759387801
5.44259593752005
5.32247147869153
4.74009894801804
4.63929452561258
5.48930603448301
4.67050075153522
4.55139420357403
6.93568839131119
5.29644067728589
5.51189393135476
4.27664106593176
4.39101509288418
3.81170926120518
4.82443972198793
4.9372521250457
4.73493342123218
5.03350325577745
5.08551896821251
3.5178631116394
5.7366375228674
4.97604405145428
4.80240024439161
4.51560446703382
4.95701799621869
2.95049277010859
5.11029172854283
5.48959657629981
4.52531872197074
4.23331770619944
4.5474702337805
5.03916939845924
2.81357260574539
6.02903223079767
4.08108686707062
5.80888482794116
5.55710677768924
5.89538206493391
5.47759747828167
4.00839075762325
5.16662111046292
4.82603281026983
5.15387449335869
5.63713208661284
3.8264133349327
4.68373686803766
4.65229105146636
5.0724811509644
1.75318924618714
4.29992158984649
3.12777584569837
4.0521063799987
4.88454329058694
5.6889749885142
5.61656640096123
4.85526116917769
3.75667082253209
4.03485577792623
5.25185517234418
5.69010401063955
4.35743087922157
3.50435340865813
3.99027496539207
3.99045391932535
3.37757178022456
3.92935854222899
6.15483605902089
4.42714516419587
5.44780216556989
6.15986430786565
5.01764481379693
5.48079538407519
3.39727598840063
4.38381110534886
4.89237644749909
3.4670980773406
5.09679981394905
5.24475335654789
5.67127087747129
4.96141013053541
4.06895775096412
5.6918375557446
3.35841456276777
5.13181837714149
4.32879805474546
4.80563543857901
4.60892755464118
4.10496981502702
2.63907476727643
6.41331097355066
4.01538293676144
4.89965806395628
3.77483071126058
3.77925267613201
5.14878593665281
4.70299576224738
5.1207351455662
5.37921690063254
4.66810318634631
4.69819293125597
5.02397432553811
5.70447010231682
4.47713544137994
5.24647432541911
5.65332488935647
3.74075204412742
4.39789732409938
5.36308548498799
5.32234452505437
4.16305816661172
3.90436031538472
4.54640619890523
3.46947961691688
4.23303839932746
5.07066230416974
4.46215322126545
5.29983084563387
3.55063768292281
3.00679939270238
4.88028262670648
5.01501737715436
4.92910651790238
3.6681911188339
4.31009494265493
3.36983142656941
3.39540257078162
4.62193932212499
6.36739179338292
4.33932767333985
6.56728000737536
6.77859624655031
4.76233533500277
4.94222000601599
4.90852304761339
4.98943615818846
3.96060149446902
3.07929121011773
5.39164442176831
4.87782080989457
5.99953935835812
4.8320509913122
4.41683277694396
5.97069796237033
4.70038564688422
4.34825953897611
4.37814904720494
4.50390659789332
4.9790260009411
6.24552888746936
4.91806480925015
5.89552469335504
4.40094260444689
3.89739683198806
5.13548268045004
3.57550437372878
5.1509834817205
5.03608578767668
5.29010035613256
5.90912134133306
3.45148641222833
6.21250501945972
5.92213354028571
5.71121454296013
4.74030803323642
3.55311653566618
4.88053496345687
2.660021429458
5.27988951195476
3.7855576040846
3.84390549601061
3.70212201044561
4.30252094119002
4.40066582826221
4.19888005685944
5.34485755399773
4.94289122568214
5.66917044458699
4.80650257841132
3.96882291612674
4.35604687654267
4.97574047344566
4.75090050786822
4.58853334289284
2.47769251944796
5.15282770320339
3.35778549186269
3.30083052366739
5.56276544456443
6.12847827442165
4.47218892961587
5.19061617896264
7.2807121887332
4.48830559097917
5.00836436866591
4.00094282061431
4.29789566891954
3.74431334179296
4.2469433148057
3.95782154395234
3.41457977885022
5.74019609843079
5.15211434514671
2.40822473267136
4.81136566445367
4.95110627279877
5.11119439537476
2.87169901947133
4.86170164363381
3.77154540062755
4.91424213185674
5.13762011212867
5.49948048812094
3.89042024463161
2.77634688012387
4.986343565041
1.36359843223315
4.73649956655029
4.14731239296555
6.13076800310745
4.29004533752491
5.88433505008725
4.40402694260298
4.23762226163625
7.06395021151651
4.04760278926311
6.80606155451392
7.19688046612477
4.56655528195309
5.52436941246442
6.11389461226298
4.60337084138023
4.44994288390099
5.52864101631202
4.29770178176719
3.87208202101234
3.83732925349016
6.24733383528113
6.16596030191982
4.93326297658246
3.80267503698989
4.22950212813217
5.63975124341613
5.34714530806684
5.66313401459233
4.76574200321875
4.31600041370404
4.33719351367353
4.72325051902754
4.24541702185658
7.54673673079483
6.09813013836413
6.34446663021335
7.40104883295671
5.95706914240291
6.35026740140995
5.24606283902425
4.91029607039854
4.92338958482705
3.86196950285291
4.71187542821067
5.60919299998289
7.28587843414498
5.54831653567866
5.33532356861281
5.49746708095825
3.15945731279522
6.21869224854705
5.64746444359147
5.66028445898306
6.1549279602736
5.34170831638121
5.35018666378848
7.31445510957701
3.92241428670061
4.73343768236165
5.26201215827683
4.68357991666887
5.4482430752843
5.66952059210287
4.09749132763486
6.81753546611515
6.53893223642366
5.35507327565337
4.96522775740401
7.21514934368292
3.35933792202341
6.75810301356248
6.17260663128773
4.06308509806862
5.64057386781843
5.86953811666784
4.04773041103065
3.2705052521805
5.36740624825844
4.66225140782194
4.63999756453068
4.8112603651857
5.91402311091576
6.74983373861273
5.53870085003535
4.02333959336392
4.83258412344453
4.77960735827304
5.78795076324648
5.4837375753423
4.56297076146789
4.42460676282053
4.07556149848592
3.78768157136906
5.56083291689515
7.94046152003212
6.20961422050949
6.0825123793273
6.89052894451858
6.26764252992473
6.07191452783846
4.68118393186098
4.02527725091904
5.44504017967699
3.50297431876327
4.68445075885069
5.05107185551767
7.40153850019235
5.3728246083337
5.31072969393956
5.2640634291722
4.30104586784319
6.19620384686829
4.65118668597526
5.44528920560877
5.48822766644417
5.91343781298466
4.22085683040221
7.82978891226319
4.45239387196279
5.33475966467191
5.50095896109485
3.89456890647985
5.29228263930462
6.15537747562924
4.39153215037906
6.71884438260915
4.37150820803575
5.42872221149716
4.92320098277495
5.78147854672572
3.78936154381994
5.34663842863934
5.97132188524473
3.87554745477472
4.21086329924559
5.19780943593322
5.36075123567036
4.45454823289834
4.80234383067214
4.69656908462089
2.0862110683501
3.98331269860456
5.64057306690528
4.95028278700904
5.5060849682116
3.70114045649311
3.43280693623227
5.56029556867539
5.22487539910681
3.96935283496041
3.02173574800651
5.27595929082227
2.41007774362743
3.31953222095027
4.27681698355427
6.18649204512948
4.97195131990858
7.02808220413107
6.61939216360576
4.61975438642322
5.40244293722686
4.85607078753421
4.23309765365563
4.42931718441635
3.01442323949799
5.21910905655468
4.77461075078139
6.71949755120881
4.36113175391669
4.36030278446165
6.17861242490729
4.62125872956418
4.98684610056756
4.70390804105274
5.05350309164388
5.28628289099235
6.39619375368792
5.12517581554246
6.07956969076224
4.13538185173917
3.45414972827486
4.64589423184844
2.54320832706418
3.53972236204876
5.2509172609227
5.87139322216196
5.39365020548207
5.79090287247288
6.12763906678605
4.96111914880773
6.00806496366116
5.93471582048867
5.16496344571181
6.17038174748858
4.72614217891559
5.86679391725989
4.98086038187058
3.43074731374411
1.77232230117835
3.64271968213716
1.67073449775973
4.19760472296887
5.17577751454392
5.59967215138963
6.36756326473716
4.57132427980728
4.39998857481284
4.78392966400433
5.87666133883766
5.72246821981837
5.27056536417022
2.66520817136355
4.2699593511737
5.03676772339656
4.16864638620278
4.54308306950566
5.32775046462083
5.0914231431087
5.37912321464468
7.3003124564265
5.70279791250218
5.78577509977028
3.20610914847808
5.26521747572886
4.46811054168549
4.22367974747441
4.44699155231203
4.65972046301331
5.10343581054962
5.44483785049139
4.04695662028067
5.06286169757769
3.64768262822603
5.01165242072079
3.82488525424951
5.05825472577052
4.77285365217796
3.26634706318733
3.43348185463572
6.57723707108745
3.07859072537001
4.68124514379349
4.44276158671189
3.37986865054344
6.01083188065127
4.53530632161156
4.17807427595852
5.42054828460929
4.99048328807095
4.34349541272712
4.333874141538
6.3305754890483
4.50417658299018
5.45456102893252
5.74659220548195
4.3504886055125
5.07354528394726
5.44352369086204
3.44760723604853
4.03149753344471
4.91577498104991
3.59787340521481
4.42024942561336
4.38066945268363
5.64185162634854
5.43720572300997
4.09463319498862
2.71419930326372
4.9520746371218
5.66104795277943
3.9742089579306
4.97773306677367
3.97462622974026
3.78037854800311
3.83785838218221
4.20129802122117
3.30078704725292
7.09962453616594
4.96025794379693
5.49133324765519
7.36853954576901
4.95511359799029
5.79417796718771
3.16504008814929
4.85881089483693
5.05461525106109
4.62554813878774
4.27735729334152
4.98250836735014
6.21325265402906
5.57120299337549
4.48876659839931
5.16422882978674
3.60100389121193
5.63426640944125
4.26694349239336
4.13271453619747
5.90910045555426
5.48090761147777
4.36735327166542
6.87728315629927
3.19152215452422
3.79291912403728
4.0288093175077
3.46913854086353
5.22754170119084
4.49925288127282
4.48840501060584
5.50145004560323
