13.5865641618268
10.3960186767889
6.13082121883413
8.79363475315912
6.32175812842953
8.16545613448396
6.36707862656191
10.5652533528181
10.9366782281318
11.6790238853209
6.39779438693218
7.09212485699914
9.28901708429297
5.80388696763946
8.07488356473258
11.7503592908767
6.34761021207542
11.6569114934988
5.19526143575645
9.26763587336615
5.05705128297495
6.79432146635388
8.46224213928227
6.39523796057648
10.0496989522647
11.9242629748548
8.27705707643155
7.82376704547737
8.21447511553958
6.15833050752365
5.16204466244793
7.85750486102093
9.65677544771811
5.85835823167197
8.31462084580961
8.17489486782581
5.54673655562664
6.25214981760118
6.51574899423096
10.5641761352975
7.27968891617065
7.24251005500674
7.29773974309196
7.03686592949176
6.63222148781318
13.1810596992477
12.1216277683073
7.35433709046323
6.00916556078973
11.1777118293536
6.09660500850622
8.94863863464582
4.25404093111283
10.9567740191875
7.82655311811398
12.0734656226934
5.68415434996555
6.8047088319424
8.7315325033246
9.48475426942055
8.32978599877245
6.1897787138174
8.27268873909177
12.328746005948
4.85024495642113
6.61813330037054
7.4181375824847
4.09583159340725
13.3631983775749
12.7920009557742
10.3046808519579
9.58865956515625
6.55890854952438
11.6619542390011
9.01968862470357
4.83917336208072
8.85346914418702
9.08249355895942
8.70080623403386
7.11884276062387
9.3119882534975
8.91897141262149
13.9640367377437
10.2050139331973
12.0581738447935
4.90097023621825
7.00822747900497
5.93597775811619
12.6160058230291
11.1490387717685
9.22970318627192
3.86422578251299
4.47455118292812
6.93469108537568
12.9784848902235
12.594000281043
14.7696670834506
13.7292155147011
12.9485651414895
12.6176243312034
13.7910253022419
13.1285237358935
12.090099252171
13.390670580874
13.0001869875865
12.500484317167
13.6698190735579
13.1425454602704
13.1425454602704
14.0876171945091
12.5034078853768
13.7292155147011
12.2503264564507
13.7162084344292
13.3641945889763
13.4452582739073
12.6176243312034
12.2646078137306
12.9737911110617
13.6518868935417
13.9322341247197
14.0340143209912
13.3388814865589
13.6786653457378
14.569468634911
12.7491501960382
13.5975777090582
7.66826476925519
15.0686261432933
12.741429209506
9.75454656562388
11.8737685076469
15.8848086631507
14.0603389771122
14.5632004001342
14.5538606442656
13.9964959374429
13.8798316131028
13.898138810202
9.4815961837237
13.5995823878996
14.3621501166727
11.3896933421255
11.7796318001929
16.0252785712306
10.8172406219927
8.50106786701087
14.0662952909105
13.3253556704744
12.6403684413619
13.3939711861882
11.5445928706567
12.8537345415364
10.2408757114254
10.7396285853498
13.000687932875
13.6007834935957
13.7190705495314
13.4558692186467
12.7948370625395
13.8431028377002
10.2461865066018
13.7588389240484
13.2655263626187
13.6354614034803
13.8901274617578
10.9187081147555
13.5192595031879
14.4800707345561
14.238355085799
14.796656506947
14.9521854647559
5.98307585265947
12.696820912257
13.7539427313161
14.5785668012848
11.2386585605129
11.2368760875822
12.5483212338018
13.7922380555702
8.30119580608556
13.5182731440896
5.88118394884087
14.4977795418416
10.8588829050741
11.5742216761226
7.72168021799444
12.3142061040503
13.9190038824516
11.6829496214442
5.56650593075452
14.1216380101419
14.0438788438417
14.277210318539
14.3089749908549
11.39615676013
3.38075526928171
10.8522825519155
13.5753693764669
14.4656430886801
10.9248123038074
8.81427659827737
14.4314328998488
10.0475563649976
9.70450602201742
9.72515388735875
13.0958984790149
11.0903031376931
9.82258272777408
3.34213700648959
6.01738915529765
12.5558711575205
14.3651142883633
12.7193413559389
14.5203412064788
11.9862916657275
6.42390851320536
9.05566460662821
12.3180613546392
13.235013789953
13.9111169463538
3.64595932859364
6.97395179661992
15.3353094297672
13.9015285445617
12.6457930261151
13.6227353263167
17.2682622869461
15.0361436659552
15.0750912270862
15.112816821743
14.3933765479937
14.7447588819263
15.5073457135831
9.53553531396319
15.769108234155
15.8353772296314
10.5153227775449
14.2227592286996
16.5728303797933
13.8755790887262
10.1554961779064
16.1635482481731
15.0098791213722
14.0171938297853
15.5541105096422
11.2905486887137
12.7565828471599
12.4798765612671
13.5468204034739
14.0565956758923
15.1650458512418
15.1872792056157
14.2584192248858
15.2443587382681
15.2835850832382
10.187289870379
14.4539691922628
14.7156505764818
15.080335694463
14.8724475031471
10.9523353900183
15.0430202885473
15.8723656926817
15.4439836896615
15.9598044127219
15.8481224647042
4.27361211241204
11.6235333727962
14.7820683362055
15.8884670977887
11.2816351097747
12.7091027510053
13.7133977646325
13.9489544747922
9.12789894301985
14.6772977975428
4.9683571351531
15.8884670977887
11.4456185516665
13.4869245238348
10.7411569441441
13.7039747287204
15.2305507627558
11.6560657642818
8.01145299517912
15.466652888015
15.3122667809685
15.8507870690767
16.0190063597753
10.4246758581533
4.52803270210142
11.3610124292715
14.1061461118875
15.5870486807262
10.9437917683746
11.2997855557484
16.5371784909962
13.318684949402
9.9393541385751
13.1493207140342
14.7282926642931
12.0900166164816
12.5721672455211
2.32703904316888
8.17644238170685
12.3669875914085
16.4283234238747
14.1371510842778
15.9327473788137
9.69053980264409
7.43761099786479
9.01283020869537
14.2525245617689
15.427946126755
15.3781255076893
6.55825923699212
7.79859604560279
15.0983873159759
13.8279850300976
11.1952852946602
13.6861438272909
17.1496266229061
15.0873338865314
14.4095881035844
14.5585539698148
13.9028784570818
14.683563290908
15.2427520439803
9.45512686634757
14.9448438762271
15.749950804697
11.3038627124672
13.8188627837843
16.0696347988161
12.8867037486538
10.4721656437468
15.9892095305799
14.6003025227018
14.2588995072496
14.927672799579
10.3966494822434
12.0297276701222
12.2769303251968
13.0962014385602
14.0147058188703
14.8649061433081
15.0584815945931
14.4184207364046
14.8004426612824
15.3458623603595
8.80958702567826
14.8773248275182
14.4845594038282
15.0040842199365
14.7065615991506
10.407910665628
14.868956390595
15.8903107646336
15.5403886066256
16.0722337690747
15.8553420739467
6.10352956706757
11.424871124946
14.7591288330649
15.8649198934286
11.4323441745069
12.6864175274054
13.6712588685686
14.5501783204227
9.21523509732615
14.8236565661793
6.79850009753919
15.7841326339853
12.052884413853
13.6523715795008
8.84463160935898
13.6815497904872
15.3774013456598
11.4830329048703
6.107168843969
15.1091740892445
14.9852092173847
15.7087404268422
15.3909545636745
10.4964409104041
3.10446420247747
11.5170554540143
14.112619338226
15.4932558744064
10.1935993011163
9.89124936955951
15.859079179805
11.44151725479
9.57760419591519
11.4533670652182
14.7041063198148
11.3508871678604
11.0001192884764
2.08546215958237
6.31382206622419
11.7318642861063
15.826144522665
14.1134449472287
15.6178159649864
10.8809069494026
5.26346882076536
8.56576933997907
13.257100047803
14.7246948508354
15.4767837608601
4.65397508578201
5.94212681638727
13.904417324739
12.6851014036733
11.6449748518883
12.4874441990717
15.9704672269273
14.3039468914981
13.5589908891411
13.6986793699652
13.0661984991487
13.7038333620921
13.6607058865559
7.41915240432642
14.5110916317698
14.465336731928
11.1936108755423
12.4813411322072
15.1821814457362
12.2330258055418
8.68364474711954
14.8924144406919
13.5614781565556
12.8188285612368
14.540519766432
10.1989398444064
12.0178527870809
10.354761904439
12.0551812529432
13.5616288480267
13.7972386483831
13.7718037104459
13.6161428843915
13.5692336474427
13.8646429474111
9.64019093788268
12.4803060359764
13.2392021341292
13.4253809322893
13.9756461974954
9.98014987627236
13.2029060953767
14.7590834549805
14.3656784733241
14.8821038962986
15.0935486601636
5.23533240076301
10.3991857938565
13.4166143675846
14.7216102250602
9.59842932462458
11.7611446838644
12.5003354558115
12.9898624065594
7.01139735757126
13.5888830583857
3.93342136786027
14.7216102250602
10.1300262202336
11.7979068837466
9.85682197818661
12.7038669381393
14.0660966805609
11.7706312675724
6.36762284342967
14.0825318932907
13.7875802575346
14.5184855078842
14.8866337234856
9.56704068849217
4.6236802787163
11.3680139890519
12.4757088565655
14.6823965935175
10.8380511366842
10.5818741351146
15.2534893094507
11.5831870223345
8.47931109740137
11.3964829666989
14.0033376615628
10.4449637853392
11.5002423415186
5.55254073480394
7.67839336582612
11.5265656025916
15.2710529457325
13.0214888831689
14.5825094972271
11.8514122247155
8.48851176603502
10.0418963324077
13.0606833528275
14.2342121679795
14.2624524356635
4.61947005385711
8.39845660407594
15.2126210718199
12.7335587182726
10.2759198318099
12.5798677050376
16.0104304805859
14.1965389851016
14.5934294586687
14.6915250383878
14.020394461573
13.8472578072263
14.1092941757432
9.47586870926826
13.7424649796191
14.5233640701345
11.4386795736411
12.7037127372527
16.1629429653529
11.7413215590526
8.37952764142107
14.7385581513385
13.6839516574695
12.9550849264462
13.8810131300548
11.417224218463
12.9913989356586
10.5735015839131
11.5000177233855
13.4623294479791
13.6478608331887
13.7366605312525
13.5329602928567
13.7035453744553
14.0498860359144
10.1925129596957
13.768994367784
13.2996712620642
13.8464185137449
13.9854753867744
10.9882470194336
13.7112906844034
14.5504792250361
14.6812456615869
15.0496290078905
15.0841378165955
6.60317777825612
12.4945203602148
13.8778484230874
14.8881160596709
11.3938991797585
11.9530056286009
12.6267925177132
13.7142117753198
8.59089166690848
13.7292302543542
5.44930943828503
14.8073288002276
11.1684321634602
11.7533484099417
8.18976813383797
12.5671786049938
14.0904863575702
11.8995614327223
6.44670643062583
13.9128271851267
13.8275435111931
14.5301828194825
14.5266943466479
11.8519025689012
2.89831773780725
10.8185514214478
14.2905937193496
14.6504901001794
11.5765252351338
8.84788053915315
14.5770607360427
10.4194154266331
9.78497578238992
10.2465271535447
13.8053454363036
11.1707728980656
9.85618666864986
3.32457453796404
6.46111347628179
12.6935355516427
14.5413298635292
12.9625960305802
14.6515709260416
12.0399319096037
6.8676328341895
8.98897794158772
12.3700835576348
13.3660465712441
14.1640894472973
4.2154982332717
8.23482204125074
15.2884615789559
13.1345921931695
11.964957731599
13.4133470573384
16.8498780875296
14.3163282233324
15.0750912270862
15.0739898909776
14.4137399301849
13.7402442058267
15.1309615705011
9.17811682725588
15.0948049438657
15.3516190855044
10.9745858950966
13.9419974168118
16.6007126982665
13.6166845117463
9.17167830352249
15.6820399527429
14.286187210422
13.6144667800876
15.0835851828992
10.9331302020064
12.8034306979712
11.9198229627678
13.2077101763247
13.6424792274112
14.1650841253033
14.2385386225458
13.5508122077128
14.786267534158
14.671615891351
9.69015638460062
13.6335382057971
13.7916770193632
14.5166763505322
13.8624435741925
10.9523353900183
14.6666361454653
15.1647586755087
14.8187990989074
15.3766307132782
15.4507018801373
4.72910833993471
11.5962933236113
14.3013217583548
15.3824785921413
11.2795666039325
12.4997144820269
13.1262379641913
12.9089142812793
8.74415674138703
14.2984854651113
4.77008454001112
15.3824785921413
11.0802414151799
12.9302599193476
11.0584328846734
13.2395159747588
14.58065835799
11.2021984391549
9.13111041498604
14.739085434544
14.4913257943799
15.32026560914
15.5086140471235
10.8924613485289
3.74151152723061
11.8729130056513
14.2288567706695
14.9495652743855
10.9999539843599
10.7111919281434
15.9159551964949
12.6794424488719
10.1029168803298
12.6026221257212
14.1892611078809
12.2426347459441
11.775722765757
4.07361543536015
8.51670840629799
12.4138354422198
15.9142313019993
13.7369476501829
15.1512556724579
10.5300607875442
7.65458946423634
7.70028386953857
13.2839131241883
14.7248436114903
14.788868030118
7.548574385186
6.25834529972833
14.8134640664637
12.6281828354657
11.888597565598
12.2808438909314
15.8615028978735
14.2456597154015
14.5235241147858
14.5745086929808
13.9060648533884
13.7321519580277
14.089593074513
8.66279433593446
14.3695359399175
14.3834871751718
10.4337344442526
12.3480972515174
16.0051446463688
12.1402498746458
8.77014602242696
14.5971193182646
13.8019750618995
12.961388151823
14.3019077389917
10.5059890795979
12.1825873221136
11.3885101918601
12.497476286894
12.8804423701738
13.5089223149093
13.6512729557635
13.4762418049211
13.6446853199547
13.8623454458375
9.98893886370108
12.9745556503433
13.2114874712017
13.6502250278668
13.8931126221019
10.1517151168621
13.6252676494772
14.4271583197807
14.2816496417777
14.9617455942644
15.0592303771562
4.22747877887092
11.0521164121054
13.8447152555285
14.8830850460937
10.4143358324139
11.3214971754778
12.5320037897658
12.9403873406427
8.49674524950228
13.533036768476
4.67784990180714
14.8830850460937
10.4445429506543
12.4070677749185
8.61805325811758
12.5752282010683
13.9043232153201
11.2827328567844
7.5457721545154
13.9959074871382
13.7642790016912
14.4922016669869
15.2247033083714
10.4664801563675
3.95277309443042
11.5009758174419
13.3275747211382
14.6426673466542
10.7568247724879
10.4974761877476
15.0494411244533
12.0340591325402
9.21260424783544
11.7982635676048
13.7202255118438
11.3732111195351
11.493932506816
4.44182060668628
6.48041266234875
11.7929920663622
15.1404902431362
13.0453699161689
14.7529238930908
11.3150233398019
6.78588207352595
9.04004590848467
13.1830267215637
13.9931175315426
14.0197931621356
6.30009714596782
7.42650230976268
14.3948025997953
12.5318872988243
10.1790629070871
12.6736073413218
16.1566303691774
14.409322774305
13.7636370589365
13.8560179323267
13.3152689332457
13.6356685452485
13.7356240472734
8.02916274050823
13.9272149617764
14.6514998741781
11.4426813096394
12.519706896761
15.4051534059226
11.5573157185609
8.8812463463473
14.8561077358004
13.5494675571521
12.9275737550335
14.0718836128627
10.1129518829183
12.1751913494425
10.3684059155104
11.6249677315619
13.6070851568073
13.6548602278437
13.6349504836294
13.7077307428688
13.3228293140082
13.9431697547361
8.81279238384567
12.9654251447383
13.1032631759768
13.5800467890847
13.833267776956
10.2292203103694
13.3617215774642
14.8428686778281
14.4702794499359
15.0782973821768
15.2797118024137
6.7197078941384
10.8129029202607
13.6027775098347
14.8393564649351
10.5032355696939
11.8858080974486
12.6864985980616
13.5904465188225
7.77266127904228
13.7850765442639
5.13294428638095
14.7585692054919
10.9380201541534
11.9375068892126
8.39091003338542
12.5306580034023
14.252259822811
11.8554790770141
4.88324735005427
13.7654523639744
13.719415440691
14.5132149575164
14.3379716373004
10.2965286797041
2.48356897436869
10.8322516557991
13.3360908373331
14.7187134024893
10.8433740850069
8.94929552364673
14.7048272232656
10.1172750775333
8.93946422938805
9.9305710218977
14.0305286116298
10.5036067606146
9.84283766071619
4.06816524142854
6.21248142102492
11.7756360366887
14.7223908595473
13.0351328942403
14.6835414805164
12.1004826588126
7.02259982123383
9.20355316607846
12.038120272856
13.6355425428797
14.4276406219933
3.13509456048171
7.45147220892388
15.1867004233527
12.975148052614
11.7210866255203
13.0847975900038
16.6090605665432
14.2901589182706
14.9911069551876
14.9576821814718
14.3360861926907
13.5732811289892
14.3342033241983
8.6842475020978
15.0096749246799
15.0666173048419
10.6824530438631
13.2298769988411
16.3883181348598
12.9646551411095
8.92914882888516
15.378787540622
14.1443069832617
13.5395501170862
14.8564396031875
10.7210097840356
12.5645516659445
11.7645839478081
12.9634759436334
13.4596573681193
14.1655230442467
14.0097877161546
13.5976793742507
14.3105509428086
14.2712611699831
9.44412405897102
13.0417513960971
13.5685364184041
14.0953284172777
13.872924696152
10.8083404614917
13.8864936069042
15.2052953076423
14.6133612646667
15.153490112319
15.1771385564524
5.00616599425219
10.6123334489203
13.5211792197937
15.1248857407682
11.0060032802477
12.1332716683178
12.9846587176293
12.777476721855
9.02121439570451
14.1056494933828
4.69865687037838
15.1248857407682
10.8825568499558
12.7374239476191
10.6043942372607
12.9777589746594
14.4543848429005
11.0045138739309
7.77991218765919
14.4534795341722
14.2340736512617
15.0660417224092
15.0383491092186
9.48789860083944
2.25617659370068
11.8175264176165
13.9153033325496
14.6970654614354
10.8064300569649
11.1145403972278
15.7231192247664
12.2629024138813
9.8588843782026
12.2549916448228
13.9615545726423
12.0095468561091
12.1818533385441
3.87135323971294
7.94936895962245
12.1749564101931
15.6654312982728
13.6363057674205
15.2395658352487
10.2032422622318
7.16001553173128
7.3717291181335
13.200879873063
14.6801815420983
14.5447342172722
6.60287161688022
8.10944979124008
14.9607229218537
13.3111979735309
10.7415359319323
13.4371596534194
17.0240048054709
14.897038696875
14.3522977482813
14.4166275471304
13.8856625166818
14.1638713759472
14.5743755519089
8.75819350403749
14.7390539926608
15.5255568942017
11.0587247618891
13.42636665069
15.9386529884239
12.4639754724899
10.0428937293614
15.709014594064
14.2263339105626
14.0108297530642
14.7222349653383
9.94989680704348
11.8987458597301
11.8914402726168
12.8918303879565
13.8555733253327
14.5410722278243
14.5341756017444
14.2635211839841
14.2680020281127
14.8371554623175
8.08164836381981
14.0113888315686
13.9630496263531
14.4953773218946
14.3890582180712
10.2944096160504
14.2005798985236
15.7290806778087
15.1452266301134
15.7991149511796
15.7364028402416
6.3357513463881
10.5226987281973
14.0907523409935
15.5601740339379
11.2322663332231
12.4148768159183
13.4155293615909
14.1330320374766
9.05918837056261
14.5434616296633
6.02824222251429
15.4793867744947
11.7481385543623
13.2759673917843
9.4175892739735
13.2596887669315
15.0972064091439
11.1042458202329
5.61227811358353
14.6883094803667
14.6119420245859
15.4219444098099
14.9004446621457
9.58768360571008
1.72918082177664
11.4035544044367
13.9281070932925
15.2130609378905
10.0921408282257
9.81092689356468
15.5788842432891
10.9319937990323
9.49713443554269
10.9929351187603
14.5182445341999
11.2704174074879
10.9197968124816
2.84402536526927
6.5958345802925
11.6008824757142
15.5964478795709
13.9231497575723
15.3830238088756
10.767405899825
5.49956546412741
7.82342310540599
12.7589378418588
14.534399661179
15.1965888243441
4.43523754280457
8.20985214208954
14.4577368246331
12.6988503756618
10.4162514294358
12.9891436905219
16.3658396284949
14.4236971946806
13.8412907964307
13.9218091625553
13.3625482606474
13.828504516977
14.5433269058684
8.43130019393083
13.9570840760619
14.9489858300122
11.6987852186542
13.1199028651046
15.582814311058
12.1963386176699
9.16685224671913
15.1816847099389
13.7011103790829
12.9740629254074
14.37396002044
10.3755705943109
12.4379582358556
10.541326376074
11.9419454887471
13.9152018256329
13.5792269086548
13.8019135604669
13.6541809926008
13.7988469837843
14.3763674984189
9.02543287830233
13.5518344179798
13.2674300374409
14.0013947223392
13.7576344577671
10.4657220168266
14.1418641160253
14.78931892756
14.6791045760744
15.2711333539053
15.5347399878794
6.44265023982092
11.7072195799156
14.3829200483958
14.9644817459213
10.8708028368427
12.1987698432295
12.8917298116174
13.6680188771395
7.79455464792229
13.9779125159924
5.2043719560137
14.8937248301061
11.0731757787676
12.1523557759408
8.76969711802283
12.7142367879814
14.3785333379005
11.977257755691
6.23444557738112
14.0371067957367
13.9582944727178
14.6801780343539
14.7649116200207
11.5839310687284
3.94565977533243
10.7736478545824
13.6074105025295
14.8856764793268
11.0675432166794
8.53293393642794
14.8717903001031
10.5418360325698
9.18349673151526
10.2983478197478
14.2163903972448
10.7476392627418
9.45130214283196
4.27042743707576
6.70104161700601
12.0411527003053
14.8407645348856
13.0964336218042
14.6286231488986
12.3659993224291
7.51116001721492
9.41619366053511
12.1190468685602
13.6499169632553
14.6112194065725
4.08079732878749
4.81038046112496
14.1035246245753
13.1750703466325
12.1774154850579
12.7363876833546
16.1275863298172
14.5712296354889
13.7176302391837
13.8694329125478
13.2110791468403
14.2276066294498
14.2201547173489
8.14457867036758
14.7482259952129
14.9184085181282
10.8303106341955
12.8963313107856
15.3449140682729
12.5491511708122
9.85092093928376
15.0945835610182
13.9929301775375
13.1791483997015
14.5234668597267
9.89642197787602
11.431255827154
11.5109796927467
12.6134078304752
13.1008211407699
14.1190883322846
14.2736224638333
13.8331342429262
14.0453729856107
14.3134341029655
9.84199629819824
13.3597534952926
13.7373194740071
13.8717397264811
14.3667337076482
9.52883255476753
13.8195955335786
14.9068369872639
14.5830555693236
15.2244605404451
15.3123006909654
4.52624318818791
10.4561549198757
14.0672409089422
14.8116047882316
9.98876514126357
11.6068873029037
12.9507124967729
13.5548068340383
7.96127741538653
13.8501520658525
5.73607439417379
14.8116047882316
10.152396879947
12.9233206825811
9.18527216545062
12.851630751733
14.3032310440041
11.8174368772566
6.44809260380218
14.5408757988639
14.2605192180106
14.726242266665
15.4659238117524
9.47886533487638
5.30954833687298
11.6391217136631
12.62431786298
15.0385119400148
10.4478438843959
10.6436690901544
15.5899599249826
12.1903847577794
8.42859451956337
11.9396164726297
14.1812238527941
10.7426225437084
11.5858723424046
4.89140636953238
6.38419762180492
11.05671909043
15.5512478822485
13.5046121707745
14.8835963349111
11.6362077754454
7.47540295023651
10.2437016927233
13.5363583193105
14.4529086928346
14.5162025068484
5.61683856526757
6.04720390877681
14.0420817188612
12.7095025679069
12.1275213113454
12.7415955996414
16.0894064606325
14.4942420811545
13.5828894132713
13.8225850617365
13.0763383209279
13.7683693851286
14.3549552735183
7.61822582059703
14.7600758056413
14.7901703479247
10.694524107903
12.8400389800893
15.3060871375075
12.5491511708122
9.20523550107911
15.0945835610182
13.9254164250668
13.167277944319
14.7896893799031
9.32519256351991
11.4566843140836
11.4614885561763
13.1054458032369
13.4340722218668
13.7466827529505
13.8143852195121
13.6891662473904
13.9378470589175
14.3442849213609
9.29404887870636
12.8516699058852
13.2780822296859
13.9025905448766
13.9741818113625
9.50373562583204
13.8712825874481
14.7628689917281
14.4909022677746
15.2363103508734
15.2321326248343
4.78051194098501
10.0242804093198
14.1125974284074
15.1175433039463
9.95422922028276
11.618737113332
12.7560649627892
13.0299182193788
8.00246044329012
13.8620018762808
4.62091645509225
15.1175433039463
10.4879417879154
12.7568213449266
9.80015589345008
12.7916801004203
14.3150808544324
11.6824940635355
7.24782334330099
13.9455612311338
13.6588741158761
14.7445671839967
15.4777736221807
9.89328630488935
4.51452234959724
11.4815150386295
12.62431786298
14.9776904536874
10.4119406458769
10.3795735830724
15.5336842459667
12.0298031862452
8.18345656898533
11.8318468087789
14.1812238527941
10.5254335457117
11.2814122266651
4.55308169337365
7.06412751413379
10.9271506952717
15.5007495888266
13.5567268568883
14.691487069644
11.5349931375409
8.15724173448797
9.68480966093915
13.1509729791285
14.4245073576359
14.5280523172767
5.6285794477132
5.81762995026319
14.1035246245753
12.7095025679069
12.2157421468422
12.6168851173571
16.1275863298172
14.5615710154833
13.7176302391837
13.8694329125478
13.2110791468403
13.7683693851286
14.3549552735183
7.61822582059703
14.7600758056413
14.7118090517564
10.6197939386185
12.4925730663283
15.3449140682729
12.2442577396629
9.32385928394512
14.9698730787338
13.9708749686633
13.2077458941128
14.7896893799031
9.39331805296407
11.4869164571532
11.4770746734442
13.1123483734973
13.4340722218668
13.7466827529505
13.8143852195121
13.7880038347838
13.7801190440258
14.3442849213609
9.29404887870636
12.8516699058852
13.2780822296859
13.9025905448766
13.9943281283141
9.56185008737482
13.8712825874481
14.8617065791214
14.4909022677746
15.2363103508734
15.3123006909654
4.90522242326936
10.0242804093198
14.1125974284074
15.1647259213234
9.88549961112926
11.4940266310476
12.9084377770163
13.0488888190677
8.11791373842513
13.8620018762808
4.62091645509225
15.1647259213234
10.5155483566669
12.7664675553757
9.25159821723404
12.7916801004203
14.3150808544324
11.736349240577
7.24782334330099
13.9964307385862
13.7252834796563
14.7445671839967
15.4777736221807
9.89328630488935
4.51452234959724
11.6281771013709
12.4786324247753
14.8957376604634
10.2662552076722
10.6261645787125
15.4601987635656
12.1156276555041
8.41826248169394
11.9129915256548
14.0565133705098
10.7426225437084
11.5256068560674
5.14018306657726
6.47702614093018
11.0457744781377
15.5512478822485
13.6021854004848
14.7317226233509
11.6252631631532
7.57014036128437
9.68480966093915
13.1658883425788
14.4529086928346
14.5280523172767
5.78923237785589
6.40427856596526
14.4721030581636
13.672186424565
11.8231486415582
12.9606374816107
16.8378416632208
14.645186309766
13.8830484044746
14.2592889847688
13.3385970774004
14.454053544553
14.5380587429371
8.3485293460943
15.2103488963441
15.3393937519516
10.8731657393483
12.9564041557199
15.7340068186286
12.6911822979883
10.2151315986907
15.4844657993936
13.9864177094026
13.8731539025761
15.2608667078954
10.288416665335
11.7919055907904
11.6107696642688
13.1536963330729
13.7647874300778
14.8081019243515
14.8997287640533
13.8771728066424
14.1918949559257
14.6335911497619
9.20194464249423
13.6278882301059
14.3068806442393
14.2873340255881
14.6560879145984
10.099221034741
14.0903490256429
15.3505349360968
15.0399636423548
15.6029214653014
15.6116826037056
4.33330443616269
10.2486304585341
13.9790873924298
15.3832092311106
10.3044728991746
12.0316680975404
13.3656555546241
13.8304429303978
7.9203442568316
14.3472681437851
5.54163526089112
15.3832092311106
10.8943897907117
13.0353782823525
10.7134157921716
13.398115405692
14.9010129232657
10.8251568592265
6.36566623321141
15.3078881763012
15.0275315954479
15.370348527298
15.4372569379026
8.39221782936318
4.4155414163551
12.0028281492459
12.7921773262213
15.2448696183627
9.89413606079369
11.5051460502086
16.1275463294743
12.2110927602152
8.55965304169608
12.1501514404872
14.2436134023982
10.7940967317097
12.6073333853955
4.05890200497091
7.94118248009485
11.3947212893613
16.145109965756
13.8505354200747
15.2497629435494
10.54219612756
6.84997715166327
8.8234688571011
14.0472551855896
15.0158903787235
15.0314006380143
5.2009699333608
7.53157940215222
14.5324669939176
12.8120822353403
10.6616093665442
12.9277587418915
16.2755696028826
14.5996179639614
13.7875355830666
13.9799236240981
13.325408755025
13.9545325273787
14.4206162470864
8.43130019393083
14.1330048453428
14.9489858300122
10.955637118687
12.8943510550102
15.5290590976939
11.9518595615214
9.70766335282241
15.1086961035649
13.9412881441365
13.3971070963562
14.3749208307456
9.54403085454735
11.6669278174153
11.4930687898135
12.6658060579368
13.523810081229
13.8108641689547
13.9269952305736
13.8753293896405
13.7322948084556
14.4637264632063
8.7673134825759
13.5990997315391
13.3834581124928
14.0887536871267
14.0585095443183
9.75280605992911
14.0300980695356
14.9490321339782
14.7504743864518
15.4325038367516
15.4182957670844
6.26488743436041
10.7537684005317
14.2714129104949
15.2251899611054
10.8093599311286
11.7341433397669
12.9422281050393
13.8718171726011
8.77527309676272
14.058195362159
6.10529194846766
15.1444027016622
11.2490965480485
12.9429844871767
8.33424394864888
12.8175355236483
14.5012439966825
11.7264132840305
5.76344784992558
13.9092545262423
13.8450372581262
14.7934098940323
14.9032386411045
10.6159306713958
3.03014685622185
10.9457527053767
13.4846998437475
15.0083361672098
10.5149124211452
8.91366163827117
14.9850221597815
10.563891241444
8.64360970097201
10.3659348639777
14.2163903972448
10.5840765209871
9.81550028186394
3.06870619999826
5.59821556933259
11.1762211293688
14.9520875026414
13.6152548888839
14.8554263447803
11.7840635716379
6.69132978968678
9.17546780003628
12.3760552745207
13.8258377325361
14.6932405036065
4.14420395433779
8.28766518990833
15.0983873159759
13.8279850300976
11.1952852946602
13.6861438272909
17.1496266229061
15.0873338865314
14.4095881035844
14.5585539698148
13.9028784570818
14.683563290908
15.2427520439803
9.45512686634757
14.9448438762271
15.749950804697
11.3038627124672
13.8613784434443
16.0696347988161
12.8989872652442
10.4721656437468
15.9892095305799
14.6003025227018
14.2797914084177
15.0386788362464
10.3966494822434
12.0297276701222
12.2769303251968
13.2722943291456
14.1481349663993
14.9396632455834
15.0584815945931
14.445643171977
14.8004426612824
15.3458623603595
8.80958702567826
14.8773248275182
14.4845594038282
15.0040842199365
14.7876492358302
10.407910665628
14.868956390595
15.9112026658017
15.5739078884634
16.0722337690747
15.8553420739467
6.52969141952616
11.424871124946
14.7591288330649
15.8649198934286
11.5264787828504
12.6864175274054
13.6712588685686
14.5501783204227
9.34888423138552
14.8236565661793
6.79850009753919
15.7841326339853
12.052884413853
13.5256250157018
9.39660804551148
13.7080223735111
15.3774013456598
11.4019452681907
6.49247861345484
15.1091740892445
14.9852092173847
15.7087404268422
15.3909545636745
10.5324985587869
3.10446420247747
11.5170554540143
14.112619338226
15.4932558744064
10.3712105800752
9.95415666140647
15.859079179805
11.378609962943
9.57760419591519
11.4533670652182
14.7041063198148
11.3508871678604
11.0630265803234
2.27448646059122
6.67124055293149
11.7318642861063
15.826144522665
14.1134449472287
15.5549086731395
10.8809069494026
5.59821556933259
8.56576933997907
13.257100047803
14.7246948508354
15.4767837608601
4.8323826348943
7.35336400348397
14.3948025997953
12.779532674188
10.2262455244642
12.67877456802
16.1566303691774
14.409322774305
13.7636370589365
13.8560179323267
13.3152689332457
13.9238008287408
13.7356240472734
8.32395864939571
13.9272149617764
14.6514998741781
10.767405899825
12.5889447230123
15.4051534059226
11.6265535448122
9.89898855576036
14.828501167049
13.5494675571521
13.3540513155759
14.0718836128627
9.70486217853629
11.462275392545
11.0813218724079
12.3576893891112
13.2156934124034
13.9077817578882
13.8881151350169
13.9214237782296
13.3228293140082
13.986516850619
8.64380488602741
13.2130705201019
13.3445780169361
13.6115440745394
14.1490965988475
9.51630435347192
13.3617215774642
14.9936544213418
14.7549148088603
15.1593850188565
15.2863434152448
6.12518535443777
10.4157578281709
13.6030364184235
14.9274905131477
10.5032355696939
11.4944163530448
12.6864985980616
13.9128489964614
8.48557723593979
13.7850765442639
5.9841353882218
14.8467032537044
10.9513971000907
12.7054532937171
8.3552251771109
12.6940932682841
14.252259822811
11.4287138360727
4.88324735005427
14.0249475497664
13.9737433997847
14.5934036686017
14.4127287395757
9.67111571831897
2.70938464858867
10.8322516557991
13.3360908373331
14.7253450153204
10.4134539482546
9.12781200074168
14.7048272232656
10.1172750775333
8.56313994059951
9.9305710218977
14.0305286116298
10.5036067606146
10.0410129804475
3.63824510467631
5.4995654641274
11.0627200797912
14.7223908595473
13.3991129121005
14.7464487723634
11.6705625220603
6.5958345802925
9.04551028055244
12.3605227504949
13.6355425428797
14.4105598735587
3.74705886224805
7.87723965331568
15.8271546560557
13.793344170765
10.7266739941607
13.5080950956971
16.9159847860641
14.6380222691212
15.3502228050989
15.3135775589056
14.7696688717213
14.4907280551576
14.8997009235974
10.464062982432
14.6855047476655
15.397421090158
11.3124479548307
13.6150073650456
16.7774765495887
12.6828483299151
10.0959315160588
15.5796151991738
14.5259946754279
13.9357448573633
14.419266333521
11.6099628180019
12.9139214095215
12.1510365753557
12.3428847235471
13.624981092762
14.6895088827198
14.8429333152994
14.0634525512057
14.5218301402684
14.9433185315884
9.80265849176049
14.7670416145804
14.4184439499079
14.7378806973477
14.5196825279498
11.2695313135595
14.5062265616806
15.554627025677
15.2429731022157
15.616966342188
15.5754221166733
6.50607401165337
12.3530213640081
14.3239896304078
15.2382220343051
12.186441354844
12.5237056045705
13.4894724153018
14.3865626975148
10.0322187735342
14.5701881053487
7.70419943793589
15.1574347748618
11.7778712944397
13.2010215450636
8.5778688987733
13.1530267823577
14.8877126922218
11.5048086972826
6.37600645465628
15.1778342178614
15.0925505439279
15.3438705024406
14.905439822287
10.7869254967294
2.5433251062064
11.5444782600651
14.9260321501101
15.0786628378365
10.9324990089555
9.87825338183913
15.4494848483989
11.398563650717
10.6087635576558
11.257350825893
14.2192604256334
12.3740686881315
10.9427842194528
2.16322537390384
5.90819096422155
12.6160580255056
15.3939242900727
13.8956789296308
15.6081116416108
10.8021242903908
5.13368848070278
7.86284618862625
13.0494046461304
14.318820298956
14.9454621745773
5.50390033314893
5.76896999404686
13.9304055428153
12.8953187569418
11.6921704219717
12.5554736810573
15.9844128683166
14.02914333502
13.0861865774808
13.7246675880414
12.5716145650915
13.9478550397591
14.2645567361052
7.91111866478222
14.2829090300782
14.8067323420822
10.7123039237451
12.4924583111253
15.2081696638125
12.2200083404363
9.65074020218507
14.9230973869254
13.4447778226043
13.0283793327006
14.5816455495192
9.69624124077732
11.2731952644213
10.9722551660181
12.7285617833018
13.112409216262
13.8543751369723
13.9938708741427
13.2284970482826
13.595221865519
14.177840788253
9.53035807709263
13.0510791581507
13.4494194873977
13.7489999159835
14.0818741953843
9.30416674974334
13.806756944926
14.3021997926203
14.4650488588733
15.0435465381478
15.1141259143839
3.92610750874591
10.3381482094253
14.0480717858853
14.9247794912207
9.70004972211475
11.4259733006064
12.7855552527987
13.2811673965075
7.35923841537334
13.6692380635552
5.08416266442095
14.9247794912207
10.3227845439413
12.6898451829041
9.50374163388745
12.7338997910044
14.1223170417068
11.2711934142461
6.57182646017417
14.2927492465591
13.997797610803
14.5833006567258
15.2850098094551
9.48582669829423
5.12262059805171
11.4379643520277
12.512641686934
14.8575979377175
10.3574453469828
10.1986595807751
15.4090459226853
11.6394615423859
7.65085049467577
11.3981467014267
14.090825315381
9.99282747140214
11.1004982243678
3.53802433099185
6.74351917321451
10.8836000086699
15.307985776101
13.0274453952114
14.3302767532797
11.491442450939
7.83978828937961
9.93206347161766
13.3684363629351
13.9352739674778
14.3352885045511
4.77417501547409
5.67725766304869
14.8134640664637
12.8461052388277
11.7528991435947
12.3818547523592
15.8615028978735
14.1681506566291
14.5235241147858
14.5745086929808
13.9060648533884
13.8689867247101
13.974139779378
8.89435127681754
14.3576861294892
14.4618484713401
11.3755425410121
12.7518554959747
16.0051446463688
12.4046753560012
8.21386011602634
14.7716098334974
13.7901252514712
12.6201213407505
14.1127092206144
11.4806941204481
12.8955032790111
10.6637444245343
11.605748295675
13.1703503106633
13.7146612275767
13.7999575328741
13.3951541682415
13.8585346039985
13.7881475315591
10.942668948631
13.1393572705003
13.3601720483123
13.5878769240166
14.0274817243919
10.8817580986292
13.5264300620838
14.4271583197807
14.3141796022413
14.8125834390396
14.9781427404765
4.94039473576844
11.8811360147509
13.746468868696
14.4697681774903
10.5526043462455
11.8257495917377
12.5742785095224
13.1049769489253
7.78382929260476
13.5211869580478
4.71268824825593
14.4697681774903
10.1385723510863
11.6889845913227
9.0407963506397
12.4624987064349
13.8924734048918
12.0074986241102
7.13135118450243
14.2697391477779
14.0518693646818
14.3794721723535
15.0688585694165
10.7471385292906
4.77893385636294
11.5119204297342
13.4586651044401
14.6369008903674
11.6513294061091
10.4040881255525
15.1922154040047
12.0459089429685
9.5517802561486
11.7235064653296
13.7701788918529
11.3732111195351
11.4057116713192
5.1547365635838
7.18418823690717
12.5059080232597
15.1195983419681
12.8722644029298
14.7580911197891
11.9363285314667
7.59070759481488
9.74581651425306
13.2763869154902
13.9931175315426
13.9450360598603
5.68813284420148
7.90938745977039
15.2126210718199
12.7335587182726
10.2759198318099
12.5798677050376
16.0104304805859
14.1965389851016
14.5934294586687
14.6915250383878
14.020394461573
13.8472578072263
14.1092941757432
9.47586870926826
13.7424649796191
14.5233640701345
11.5273577362477
12.6611970775927
16.1629429653529
11.7290380424622
8.37952764142107
14.7385581513385
13.6839516574695
12.9211799071437
13.7700070933874
11.417224218463
12.9913989356586
10.5735015839131
11.3239248328001
13.3289003004501
13.5731037309134
13.7366605312525
13.4990552735542
13.7155168532754
14.0498860359144
10.1925129596957
13.768994367784
13.2996712620642
13.8464185137449
13.9174008682292
10.9882470194336
13.7112906844034
14.5232567894636
14.6603537604189
15.0496290078905
15.0841378165955
6.17701592579753
12.4945203602148
13.8778484230874
14.8881160596709
11.3872675669274
11.9530056286009
12.6267925177132
13.7142117753198
8.4572425328491
13.7292302543542
5.44930943828503
14.8073288002276
11.1684321634602
11.8800949737407
7.63779169768546
12.5671786049938
14.0904863575702
11.980649069402
6.06139666114
13.9128271851267
13.8275435111931
14.5301828194825
14.5266943466479
11.8519025689012
2.89831773780725
10.8185514214478
14.2905937193496
14.6504901001794
11.5765252351338
8.78497324730619
14.5770607360427
10.4823227184801
9.78497578238992
10.2465271535447
13.8053454363036
11.1707728980656
9.7932793768029
3.15218072537571
6.06978997027198
12.6935355516427
14.5413298635292
12.8622239476583
14.7144782178885
12.0558305704056
6.4763093281797
8.98897794158772
12.3700835576348
13.3660465712441
14.1640894472973
4.03709068415941
9.02372799278549
14.9247878910814
12.3437729326772
10.3995702962767
12.6388399393447
16.3547693509364
14.5172790627075
14.403708541283
14.4338267688799
13.8370040785917
13.7794343695441
14.3891931297199
8.25546895926474
14.0304195002157
14.8066341438841
9.63612479640462
13.1537343321337
15.9690302528372
12.2215752970032
9.39608611256503
14.9858136818211
13.8214776347405
13.0187537955221
14.0102434260293
10.2575856910488
12.0955148785376
11.2844109216254
12.2778953821695
13.1602386751321
13.6057390382226
13.7006041573525
13.7236954186946
13.6542734417107
14.0548426403018
8.67640901457911
13.2307359869161
13.2454444695688
13.8032863795639
13.9809586810762
9.43453425251708
14.0703547897836
14.6668092979244
14.3966445516413
15.3580406018139
15.4273271358377
4.73444841009167
11.2594758601616
14.2574178809297
15.1169189387042
11.1679723411411
11.6391136394592
12.7356633985621
13.7750570398632
8.85461990413187
13.6157589543869
4.37704511250534
15.0461620228891
11.2100302317418
12.588670268229
8.97557870237885
12.6854607601952
14.3557827071721
11.0527854387532
6.27672822186991
13.7480915404099
13.9472241951593
14.6967658705573
14.5893188323486
11.1547576877643
2.64140284702177
9.72017142555141
14.2172987667926
14.9019351080933
10.7903143256792
8.53596953734272
14.7035258407366
10.6443439795709
9.37438620024673
10.3197110498729
14.2504774608195
11.1627950672673
9.80443000430545
2.98721101131582
6.3475711106298
11.7303711978983
14.7465883305883
12.9885755893217
14.8222154002908
10.5732805575288
6.54658357828615
8.38817188458806
12.3411244983744
13.6406001079953
14.4406314876181
5.0393753358315
7.53935249941009
14.4834409582146
12.2493416621625
11.8116170399707
12.4408269866662
16.1686062086863
14.3926156491232
14.1731894765967
14.2764882065183
13.5879336444946
13.5121835906144
14.3640569288972
7.35066271419545
14.6482332733648
14.620471001634
10.0999703192051
13.2074593769974
15.7643840830418
12.8482821422179
8.18758805687592
15.0652957398208
13.8564754231231
12.6408285641273
14.4787671885509
10.7516633569189
12.6510922730736
10.5808381426357
12.0382156273917
13.4998762701457
13.5099852578458
13.5961425432098
13.4921294960394
13.9006777751453
13.8868910001853
9.97649986681551
12.5305714748215
13.1510131990542
13.6171232373138
13.7874794155796
9.89837977531753
13.8841916475335
14.4884487913041
14.2067324179367
15.1030963176223
15.2158531817761
3.96298887361379
11.2429038258472
14.0574319699476
14.8496681597745
10.2631660960719
11.9150991574281
12.549500256312
12.8520704499612
7.35283741185498
13.4195654685087
2.17975366223243
14.8496681597745
10.3681312785195
11.6895911690814
10.44149064718
12.7573407293322
14.169619564922
11.6410379820664
7.76110371524532
13.8222915916758
13.7610610529092
14.6908805518743
15.1876043242694
11.1511718385935
4.83869429729469
10.3699241480557
13.3657819509453
14.9497884489224
11.5082393721235
9.99003167171561
15.2780608218128
12.1102559243721
9.29866447477224
11.7856229946741
14.1611273693398
11.1272399758751
11.2703419491066
4.90150664144345
8.39645207083765
12.1942167206988
15.3452579556881
12.9825835365484
14.6360522580407
10.754130260184
8.72541147998486
9.53319095304846
13.0466807036793
14.2392697330951
14.2847004884377
6.00846978363943
8.34949248604597
15.0081172903636
13.7119569550457
11.295889773669
13.8087167278896
17.2398966485184
15.0564393737448
14.4299514857756
14.4992788646121
13.9512089499923
14.7304938379014
15.3654627027623
9.45512686634757
14.7689231069463
15.749950804697
11.3653056181813
14.1133356222497
16.1233900121802
13.1811765871192
10.644270494541
16.0345915682025
14.3601247576482
14.0791879971653
14.927672799579
10.4510162693367
12.1199976957346
12.0367525601432
13.085256826268
14.0147058188703
14.6451186934365
14.9424535195412
14.3749985616036
14.8807141663782
15.258503395572
7.82023789184588
14.7990192945413
14.3685313287763
14.9167252551491
14.6451186934365
10.407910665628
14.9807224370847
15.6885440456751
15.3495141020045
15.8297989740442
16.1199560794369
5.63253183961203
11.6654063474323
14.9807224370847
15.5269547707665
11.493787080221
12.7950286780842
13.6207605751467
14.5972940164107
8.94743260538324
14.7362976013918
6.43441664071427
15.4561978549514
11.8769636445722
13.5652326012437
9.24439992245841
13.5782510548204
15.2565305113514
10.5353110352642
6.52040089028998
15.2014715193469
15.113061486879
15.5955085671637
15.4657283176302
10.0672272460264
3.12118112310928
11.3449506032201
14.235329997008
15.5250502712222
9.544508859573
9.45946418629762
15.7458473201266
11.4194620459158
9.7411669376699
11.431311856344
14.8561203295679
11.5144499096151
10.5683341052145
3.0574947559392
6.58931189544408
11.8221343117186
15.7199887816074
13.9375241779478
15.3910127691048
11.5677175562555
6.26484387960426
8.94922261549715
12.9291652687691
14.5487740815545
15.3801676089233
5.20253276199806
9.70543883227525
15.7298085118226
13.7781204664666
11.4835686798461
13.9003135724582
17.5446954548085
15.1157922626738
15.2513852177056
15.2313284533392
14.662810364282
14.8678867636785
15.6497574735953
10.2325060415489
14.9779663150039
15.9858285826161
10.7346173359218
14.3492134001688
16.8053588680618
13.4170543650383
10.5949302377993
16.1691960199067
14.7023444117719
14.1594327872623
15.1070459476465
11.4025405211424
12.9607692603328
12.2726303380623
13.218349216066
14.1840486233097
14.914232643452
15.0942918125388
14.466725162313
15.0893695087249
15.3931078472763
8.64531650725755
15.0900023182841
14.646107699494
15.2010200259821
14.8870102078796
11.2014058241153
15.2855212433747
15.7880732820143
15.5010909201955
15.9442571087968
16.3272533696982
5.70253497889394
12.4774529407464
15.1153268887889
15.6552286880664
12.1843728490018
12.9159240813316
13.7696401315461
14.7337152886828
9.64896298645632
14.7979821290619
5.80272396347794
15.5844717722512
12.1817624508622
13.6009262716238
10.101175164901
13.696682057933
15.3158834002803
10.8027735871126
7.3833849987451
15.349834673402
15.4178602931691
15.8169098027475
15.6003327693345
10.7457704381202
2.72622253619455
10.6321702893041
15.048742808892
15.6395084059749
10.2230520516668
9.65697592984882
15.8804517718308
11.7559606934514
10.5608057590251
11.7361106626341
14.9247273211111
12.2801799451918
10.9360402033515
2.55865956303236
7.37580767232097
12.6629058763169
15.8545932333116
13.9511898597254
15.7304057995767
10.6925007426928
7.05133965648115
8.57518949385307
13.0574391860689
14.6280144766747
15.4631829400175
5.80084896894505
8.44456858764442
15.8271546560557
13.8941485415185
11.6504214816597
13.6960377967108
17.4859227146508
15.3272473087259
15.3502228050989
15.3135775589056
14.7696688717213
14.9729702264381
15.5270468148133
10.2325060415489
15.2196535041257
15.9453606328223
10.5415375292072
13.8116352173526
16.7774765495887
12.8492440391524
10.5544622880055
16.0277726102642
15.0307430123223
14.3572990261935
15.0689598350133
11.4025405211424
12.9139214095215
12.5676371074398
13.1149322250763
14.1559928543046
15.0659455747784
15.2442249068932
14.7723104623879
14.8249572037625
15.4804668120637
8.86286454076464
15.1821236338083
14.7893582101183
15.2883789907695
15.0659455747784
11.2695313135595
15.173755196885
16.0936585820891
15.3271619997611
16.0484936766214
16.2658104639841
5.95982603842748
12.2369177182601
15.0035608422992
15.8929688789762
12.0548044538436
12.694935378226
13.9044367206498
14.8497433637347
10.0322187735342
14.8853410938493
6.16680742030286
15.8121816195329
12.4094722981439
13.6882852364112
8.66378003127994
13.7979046704935
15.4385940590623
11.1633293560184
6.52707750180372
15.2763491910009
15.3634935060758
15.9601603133719
15.670585271873
10.4031830021727
2.17766485997851
11.031593030567
14.7803467119054
15.6994011002038
9.95465595468024
10.2672775902057
15.9201981491082
11.9291440296694
10.6087635576558
11.8407621531971
14.7899864951987
12.3740686881315
11.5396592799783
2.13264499495145
6.1476231450587
12.6160580255056
16.0112472677911
14.1626449057775
16.1010069857133
10.7838614003978
5.82315512921888
8.79273752736017
13.3077650082994
14.8697016657964
15.6064334506419
5.24055041028338
7.51921554435915
14.6664090584381
12.5522105732332
12.132762748654
12.7555457081652
16.585895381313
14.4904300866527
14.4166656073465
14.4594563067418
13.8250792408401
13.8961401383647
14.7253382954023
8.36799842704698
14.7581143254894
14.9613202096078
9.74865426418687
13.5221780984963
16.0120520089216
13.1630008637169
9.32888581429665
15.2986272264627
14.1075420797999
12.9891953913781
14.868995064409
10.3261171443527
12.1893489518272
11.54482075621
13.1480420438774
13.4697658922468
13.6724443670754
13.8237598915051
13.7312446054374
14.2714739203835
14.3461993415541
9.54439761211446
13.1187445920226
13.3786305473495
14.0732525471351
14.0227296549655
10.026260628439
14.2610128703664
14.6821611202969
14.7405958282409
15.3894644642311
15.6785424029696
3.13250712124999
11.1409800086685
14.4955128584303
15.2703126417712
10.5505358404033
11.8265763240949
12.8544462257667
13.1220759810437
8.1311988867938
13.716103845175
3.17348332132641
15.2703126417712
10.7122945844603
12.7053760370496
10.5978785811193
12.9849580776276
14.3206441129503
11.263690543414
8.13872972859124
14.1991606797346
14.1846807599402
14.9184979001697
15.7364545699558
10.8870830293659
4.56631164559005
10.5528922482792
13.581375763222
15.1774057972178
10.994575665197
10.0533905789703
15.5745991984791
12.4057023519408
9.14210366818692
12.1420678221672
14.3902670608518
11.3086402510009
11.3151684622029
4.36750307224757
8.04110040372636
11.8364142411632
15.5728753039835
13.092464588673
14.8061595217472
10.682580520736
8.24011287138271
9.11108944493845
13.2798510161377
14.3278269834752
14.512317836733
6.59704578176395
7.23465109522482
14.5547328823921
12.8046354676246
11.6761342206475
12.559137011958
16.5213697387909
14.1196056436926
13.9345578264588
14.3615388330467
13.3025035101586
14.0812360984273
14.6136621193563
8.66089127123218
14.3220910458301
14.8875373799364
10.5069526508349
13.1630879068701
15.9003758328757
12.7828902342893
8.94077134048966
15.241493434102
13.6424433336654
12.7073248607463
14.7229325849535
11.3626874099978
12.7905887326788
10.35126619685
12.1410264859442
13.6484315138742
13.8116199514203
13.9600811401485
13.16804918787
13.9820260402178
14.243193944389
10.6337591962829
13.2483832569359
13.5019386778585
13.9615763710892
14.0879508014479
10.6956258987347
14.1493366943205
14.1929772207884
14.7072234830577
15.0643151737086
15.5911457663371
3.04759540335098
11.977204096075
14.3840199224486
15.0010676529897
10.4454467837786
12.0334091827198
12.8229381158519
13.2056430183458
6.80920859867926
13.604427669129
3.25839503922542
15.0010676529897
10.5195307717347
11.8497411184706
10.2891200506283
12.7445508751639
14.1278803002247
11.6271762435499
7.32746481758011
14.582251933679
14.528424305443
14.6568130590732
15.4880284194736
11.0909609139609
5.92704661223353
10.5093415616774
13.4633690527717
14.9838464455654
11.6529963232004
9.86062676624467
15.5310485118773
12.0330535785989
8.949448783444
11.7759547590448
14.1440237844838
10.7760341766914
11.1342544599056
3.7792109508071
8.27891982073471
12.4441404465321
15.3404890215657
12.6582739224703
14.4629095636852
11.0721794754615
8.6142097642863
10.2013948948081
13.4364679943565
13.8918037038159
14.2506329956365
5.22102976955298
7.93649888976551
15.1767854029099
13.6784383713517
12.4233834785884
13.5295915444291
17.2468561365124
14.6094723565235
14.5929834461985
14.9623137149316
13.9245560306764
14.6835489154489
15.5011050496225
9.41752860351285
15.1810806102382
15.7237010535854
10.4275482101642
14.0924082473209
16.4890365222205
13.7452281073475
10.2257113612967
16.0944002923655
14.3697479751824
13.797263442507
15.4895848671201
11.1725419782634
12.6917545219253
11.7975316391112
13.5073502663208
13.9989453833589
14.816519445575
14.9008783094669
13.8116656125863
15.005473879021
15.0833866346986
9.30411077735183
14.2599653348207
14.4236393749009
14.8868198296535
14.7963731286234
10.8343286795679
15.0367796245867
15.2216824510332
15.0184145166375
15.5001945643693
16.0230835169977
3.43094856261856
11.7196014541202
14.8870893054579
15.4407544483569
11.1920537724312
12.6159589691176
13.5519688793812
13.8735694029763
8.26873154422938
14.4837819327334
4.78142939633184
15.4407544483569
11.2858977897056
13.2867260752953
11.2583285792112
13.4735816386932
14.9269261016766
10.5390512999934
8.05649558110937
15.4297478280866
15.3138478195141
15.5672431783186
15.9309870189334
9.64224134723235
4.41991091592898
11.2383723252066
14.1108500602191
15.3719382461954
10.1768124809515
10.8310812987158
16.3369800424567
12.8606623218883
9.62080909944211
12.7451632876277
14.6967969639348
11.7379109901077
12.1034629884885
3.02797769402596
8.49304233080472
12.3021592661739
16.1852474829105
13.5600680726533
15.2789523731241
10.45592972199
8.16857431496491
9.30739434466035
13.7935900700738
14.8590626508876
15.0908256859461
6.42448949567697
6.942683892229
14.5293842571095
13.0708376641361
10.3274924308018
12.3138643600986
16.226236640566
14.5301586484168
13.810600232933
13.9622458323872
13.3622321072423
14.2151058186889
14.290783471192
8.72419303811603
14.0870950891377
14.8334465514844
10.8373562628008
12.077600926452
15.48747730833
11.1152097482519
10.1531680539284
14.5222155087698
13.6415051415662
13.4213361224146
13.9393104826146
9.91507953180476
11.5051954647494
11.1800420405521
12.2473537193303
13.0627166011278
14.0245672035487
14.179420124965
13.943739120073
13.0314349967661
14.3912234709929
9.08118128268141
13.8377088433833
13.6358830068842
14.0162506949132
14.265882044508
9.67869167226351
13.9865473829338
15.0159697631852
14.5752743892931
15.3144971263012
15.4549131466137
5.90446178154126
11.0676362006373
14.2278622238931
15.158972328656
10.5171812110831
11.1172947329668
13.1504366027079
14.1439582508979
8.40038371973088
13.9465191861131
6.71854682284691
15.0781850692127
11.182878915599
12.8251977632567
7.42636472102326
12.8278297327775
14.3895678206365
11.5714617257831
5.08745096679877
14.2351649030348
14.1839607530531
14.7548463104508
14.7915624650585
10.2476159864149
3.63824510467631
11.2405259459109
12.8423115697524
14.8203782933893
9.82567629633877
9.39095188193847
14.7998605013345
10.2723871849781
8.600072770968
10.0310723440188
13.5924656718238
10.5405395909831
10.2927905255312
3.45713895193498
4.6517926447194
11.312624728077
14.9380601535412
13.4065800057999
14.8183103327379
11.8921134130924
5.74490686507358
9.53070247552992
12.6965546874573
13.7751599564145
14.5790786340287
3.71596137455728
7.23465109522482
14.5547328823921
12.8046354676246
11.7445944766575
12.5709868223862
16.5213697387909
14.1196056436926
13.9345578264588
14.3477801306958
13.3025035101586
14.1493106169725
14.6136621193563
8.66089127123218
14.3220910458301
14.8875373799364
9.79403669393739
13.1630879068701
15.9003758328757
12.7828902342893
9.65368729738718
15.1706064035759
13.6424433336654
12.8775192153321
14.7229325849535
10.6497714531003
12.0776727757813
11.0641821537475
12.8539424428417
13.2536410386734
13.7986068332858
13.947068022014
13.2491368245497
13.9820260402178
14.243193944389
9.92084323938539
13.2483832569359
13.5019386778585
13.9615763710892
14.1690384381276
9.98270994183718
14.1493366943205
14.1929772207884
14.7072234830577
15.1454028103882
15.6163125173873
2.33467944645347
11.2642881391774
14.3906515352797
15.0775488290456
10.4454467837786
11.6420174383159
12.8229381158519
13.2867306550254
7.52212455557678
13.604427669129
3.97131099612294
15.0775488290456
10.5195307717347
12.5626570753682
10.2891200506283
12.7445508751639
14.1278803002247
10.9142602866524
7.32746481758011
14.582251933679
14.528424305443
14.6568130590732
15.4880284194736
10.3958815710248
5.21413065533602
10.5093415616774
13.4633690527717
14.9838464455654
10.9400803663029
9.87247657667296
15.5310485118773
12.0330535785989
8.64264684548146
11.7759547590448
14.1975032481262
10.7760341766914
11.1342544599056
3.35244570986578
7.69242311740891
11.7312244896346
15.3404890215657
12.6860110526298
14.4629095636852
10.6390298341342
7.90129380738878
9.49847968450162
13.482399036494
13.8918037038159
14.2506329956365
5.73631081512045
