12.3353561440096
7.45092401714784
8.4472812814057
8.64723531867712
7.04059606081918
8.96738009317816
11.0652960495802
8.27832234245787
9.20350195968889
11.8043599143006
11.2767729878154
11.7506432467945
9.21051290257648
12.5725813544286
12.7322408116115
7.10982282468668
11.8926862632334
12.6090929141905
12.2909527066123
7.21269981205909
12.2422800378521
10.304302119931
8.26302652098846
6.85322035283615
9.977175505836
8.02767126349941
9.1228693696738
9.72057303398547
7.70752648899837
7.79631003335858
13.1656169608724
12.1978766004548
7.85985233600911
7.1293796051794
12.7322408116115
7.51875114354796
13.1656169608724
7.40872038482628
10.9416543497608
10.8067303571583
10.2858883169689
7.26214867169743
12.9580859842871
12.6169847918259
7.29719853266971
12.4842157253079
6.89255503755804
7.1293796051794
8.48029430811713
6.95609734020856
7.77106879164889
12.6549035893788
13.0572370304433
12.6878373742142
12.7986177729698
12.3405230546311
12.7648229655915
12.4398122879106
12.4683164563933
13.1367039855115
11.821167389039
11.4457319267632
12.5833812303133
13.5383211012532
13.2100203982697
12.6522234776907
12.5752378863134
11.3546232913694
9.31722691725078
9.79109717622994
11.9450007943715
11.6007547896183
11.2596535971572
7.9641289608489
7.29719853266971
6.97705375816867
12.5389777929159
11.5626016966172
12.8349380868661
11.6038996019104
7.04488088456878
13.2100203982697
12.5316878328383
12.1492887350839
11.7167163813979
11.4188160042542
12.696626915088
7.88259064380544
7.45092401714784
8.48029430811713
11.7599171967153
12.1431145328468
12.1454611067618
12.0987110954494
10.5661562884171
9.92068826932733
7.10801213767564
13.0662518289295
11.5683518131674
11.7835741832583
12.6600446267172
12.1000817857845
14.9173245313521
11.401080423433
13.4141609279207
8.66236207729353
14.604259150797
15.4005184066262
13.7480833886641
7.5219215186078
7.53094808963554
12.5677847551463
8.69763353004612
6.615201906121
7.15755692132275
12.6690699875815
7.22558438573265
14.1101882242437
11.7586818824915
12.6413292062371
14.0129867326763
13.3092149803649
13.6621509460808
13.7592405153526
12.9927073778387
13.0863784359135
7.23824017011773
7.27512916937976
13.4764304895304
12.753715684792
7.53094808963554
12.9707671852618
6.69507970128103
11.4073037108899
13.4317217781256
14.334034689825
13.9282605515788
13.0443116363526
7.64466172517414
7.47237673496069
12.913790844041
7.19394458025895
12.3525623850553
12.753715684792
12.301194920997
12.7426144386723
13.3827594314557
15.7066222573748
7.04311476543506
7.58049287328266
6.7282158546024
15.3365317388219
7.60662309638709
7.24348936390606
6.48821373543707
7.06170721578667
15.2434312958637
14.7991917305329
7.44501564705223
7.13866183516197
7.18869538647062
6.68333914011973
6.66474668976811
14.9779644369786
13.4610178705961
13.9299864580108
15.1993853311414
14.8868254762299
14.7161914558673
13.2464535951624
12.5865001756264
12.2699925731003
7.49456043069936
14.6601414543366
6.17656633021924
14.7009182573582
12.5017985978471
6.64553491763393
9.16333295576011
8.95137974736982
8.57588724970416
8.28136422935885
6.63379435647261
11.8762722983046
12.738961160515
11.9739042525825
8.42380503562513
7.05150377399267
8.80480288355981
7.10104855763979
12.962753190711
