1.72192809488736
3.88965969522398
3.88965969522398
4.35936280434333
5.64902249956731
4.44063719565667
2.02068060955205
3.11034030477603
2.61675409990392
5.34384850458387
3.11034030477603
4.11034030477603
4.28129089923069
5.64902249956731
2.41675409990392
1.84902249956731
2.70195500086539
3.35097750043269
4.81675409990392
2.57931939044795
3.05740780347794
4.62513940381456
5.11870910076931
3.91872560868666
2.64902249956731
4.17611690424725
3.44063719565667
3.37611690424725
5.14384850458386
6.44902249956731
2.75936280434333
5.89804499913461
5.89804499913461
5.5064137951279
6.8857496934932
6.22834189001526
2.38770469435859
0
4.48645720902327
4.47807190511264
3.6
3.66970310911936
5.14705099078457
3.66970310911936
5.11870910076931
6.05418880935989
3.91034030477602
3.37611690424725
3.37611690424725
3.39608999826923
5.06577659947123
2.53940621823871
4.56773160033661
5.66899559358928
5.4490224995673
3.68645720902327
2.71870910076931
5.51409158350846
0
4.49482600501656
5.4490224995673
6.8857496934932
