2.65704160039321
8.54091020226258
5.53313573340457
6.07723084108522
6.49305247981818
7.58837321483254
8.45160805927638
7.11203423261696
6.93596104632751
6.62088044522253
6.34552866430001
7.20794529467772
5.25846764899469
7.51654163054013
9.03738201542201
3.77300498979634
8.58465976163022
5.7460828093556
9.123980670268
5.41652603713207
8.49639459652755
6.71645254776144
10.3020882870926
7.99953910278129
6.49458586277298
9.3870220007348
6.51754267449085
9.53943940670971
6.74745123570665
