10.9340399670258
10.8547095151724
9.85116074707162
10.8164435633438
9.96479680998498
9.30061033436436
11.2730918382879
10.5106665058345
9.37155404491641
10.5004384632937
11.7528562275717
11.2208571519189
10.8581040492873
11.8527951502739
10.002120141144
11.3877590924789
10.5946120753685
12.0824699244513
11.1030906921381
11.2268134988646
10.4269319191247
11.1254082432437
10.1964063227292
10.7801175341639
8.79611861788302
9.50594910033094
10.9664732018966
10.6963637392535
10.4757427117709
9.97291327696409
11.6073926980666
10.4861918970626
10.4496137090282
11.1656428322773
8.76090525933805
10.9466372070543
9.92258443628423
10.7896804127824
12.1726581901155
11.8722847854989
11.2069155544091
9.47688799743502
9.97291327696409
10.304352518782
9.36214339791477
9.56651579823163
10.3639091472413
9.82179917946364
10.7119246543805
10.9621026040373
10.5122570559249
10.7834003552378
10.9207246398154
9.50608742390961
11.3918648504209
10.7638725064014
11.4317940861865
9.83814399910745
9.51817136949296
12.1893039627521
11.2211217764405
9.68731813395864
10.9369345119966
11.425103849791
11.6932000308446
11.7175338694328
11.4679400179618
11.2252277497781
9.76135044002933
9.9363785321173
10.8617916591694
10.9562795980009
10.4764281677615
10.6825119059671
10.1180805427207
10.0861642234001
10.3622489464782
10.9191084154261
11.0058654305835
11.5421717642091
11.1388247048201
11.0461324449457
10.6494327802182
10.5457049312577
10.88578138265
11.3870806964926
11.9921743498492
9.732030435314
10.350511259531
11.1296054285495
11.9220225646343
10.4674481919259
9.84925067557621
10.6407505148304
10.8506734467358
9.50005140664269
10.0060219987772
4.2931257422533
3.22265135850902
4.32903725011387
2.80566838560961
3.54797417979254
4.73989134898817
4.57263135092598
5.38573989355081
1.68377887713473
2.98166808339037
3.62904883724148
6.79617648236325
6.64345541304658
5.72751753029591
5.04051452007887
3.98047651708867
4.41386975432447
6.51004793804517
5.81307569239494
6.09773620324722
4.84002068375145
4.2967891357442
3.86531646974144
4.98518526763052
2.22970529853488
3.01285415097831
3.67264651254551
4.0852935412502
3.58146420055991
4.63652083199827
4.2506274145281
5.28422030127161
6.35539220843211
3.98786167929236
4.4662560950045
5.85673972772066
3.24891182783835
4.93817510013647
6.45447856807886
6.57169926518363
5.60686947592406
5.86604436513667
4.02231273268531
3.58365486207128
3.29850079900047
3.49262513869434
3.17818802425621
1.90991663617518
3.38532764286587
3.9886012031283
3.00949535195746
4.03775342486362
4.11328546175789
2.38389662262836
3.44214246949299
4.27101859038788
5.87518206742666
2.79577894009758
3.25007869913509
6.37943064824011
3.64477828976833
3.6162673585631
4.14726956394456
4.55837353660018
4.73001938823563
4.56813919189092
3.50840574598736
5.57244506505414
4.92888020828671
3.9003503082446
5.30617220215168
5.17568821008518
5.32288918477507
6.24167540508989
3.99418210596147
4.38134369549811
3.51436556856224
5.5458970555748
5.8899354402427
5.87518206742666
3.93628356091642
4.3039789916716
3.21217212644288
3.23189872562481
4.27799130266251
4.08926327944332
5.12446644013485
3.4469104549267
3.42614761531741
3.94388430556434
4.93344749135595
4.43813154016972
1.59869030605733
2.01518731843193
5.82151175264285
5.84011163606091
5.02044435821366
3.80471642263348
5.11799421229975
4.90528903202214
3.41169138061682
3.11564122636891
3.97532902236252
3.70839784763598
5.11066034062105
5.04724457486335
5.24919058855565
4.89875843230063
3.53812008856703
3.23468147501389
5.30109425138531
3.01399821667953
4.76254679386919
3.35037738758679
4.35303922250126
3.64839573799942
5.48841408149622
4.66970585576604
3.28706754025335
4.04607384855444
4.23374054937753
5.15197831448641
5.20688209694327
5.57696828720289
6.18350672580588
6.37961967175878
3.06993028919235
4.74727025030546
5.82255442928884
6.221488580705
4.02204697772417
3.992018580755
3.85024290411881
4.66712442690272
5.22242445831438
3.64338656974184
4.52730889181077
5.98579563886754
4.87983364998185
5.05373711328977
5.45610804487655
4.80789230431514
4.60183972494807
4.73460244973512
6.39678457029343
3.71590498694113
5.16824230629661
5.23619210911617
4.45107227854493
5.69333223186408
5.59163632468452
6.89879087207881
4.1530937923272
4.44170364488713
3.977868407751
4.96539602406497
4.32267699354678
5.27017621130285
3.2621947486896
6.47471636898158
5.70353186820353
5.306198745692
4.16203419386584
2.90426123778546
2.74074654295335
2.89417110313407
3.12948691765164
2.84975202143843
4.91347543671855
5.08211430197913
5.92832958930572
5.28013738780611
3.93777509744815
3.57760961355255
6.89879087207881
5.25558320354784
5.43937166798423
5.06066233193806
5.0377317706898
5.62726610953177
6.05274618562554
3.3371122989587
5.66120046700596
5.19191943456128
5.51245252130423
6.06393637278894
5.78740634703898
3.60472989765487
3.81298031813657
4.08957556615914
