6.74160299161493
5.25343874836435
5.78484496546712
7.39096138332434
5.31401297108763
5.22252162146963
5.37658616694893
6.69665665193338
5.72194005358237
7.31868704731298
6.56003142060283
7.96197508558021
7.37321117890772
5.28843691128645
8.85550569256037
6.14433017553789
5.63794880724524
5.79351079537522
6.63552387915331
6.43464837717031
4.66998546071673
6.23510943190733
7.65124554445068
6.69159988945076
8.14939643226275
7.08203814085766
7.015449623955
7.41569483829732
7.73839562150997
6.4630230808161
5.87191897168798
8.21996843994354
5.39043492120731
4.26171234229889
6.7107846335929
7.89655345880481
7.91473634043761
6.67272171943744
6.12867643696462
8.3459095708933
5.92661475083642
7.55174020589132
7.4899299900884
7.09630531480088
6.54048106731959
6.87032724753817
6.45932253380144
5.93822184175016
6.01594567529684
7.10070933382472
5.79488223941787
7.66579396617025
8.15615152310974
5.78134050187093
7.63098482326022
3.8299581963543
5.34838131643574
6.70713397493281
6.6024889097028
9.52899431660036
5.67002697765049
5.40708294557516
6.55427079299115
5.62111334555442
7.52215717180392
4.35542960698284
6.85951684189422
5.56641366424361
7.0375456558516
5.56320917996135
7.76856932547188
4.72172618313393
4.94560510979861
6.27133651561777
5.32239960358971
5.14798636355378
4.91488465093789
6.55906505680133
4.58643642464805
6.08222434652681
6.96076546850943
5.78102311278099
4.70297625480421
4.74701155924951
7.07001406949232
6.84089830783057
5.8104840969995
5.68813789705616
5.77456895888459
7.36846242944978
4.2182150351771
6.87483192028685
4.51762634077407
8.1415372798586
7.95160083315558
9.44047107269257
8.20533633076376
8.87484595505915
6.503186044008
6.2375312136968
5.60338323463017
5.82050620882457
7.16161307209332
4.92222923842705
8.35214312040788
5.66907363251463
6.26880192489534
6.80179234973755
6.60674560369906
6.11115927757614
7.2866304543868
8.81372397207525
8.91519121627513
5.21846194607178
9.31566831203824
6.00366829273258
8.32520789135411
8.23227420950006
7.5709157671791
7.34818025407906
9.17912257238599
7.87227431908409
7.67965874021329
6.57585034762674
7.71347515311606
5.66111822810056
7.02608319822388
7.67359445454263
6.01502706782806
5.9439682291299
9.29934766450235
7.02776899373604
7.30927014527688
6.8577078556186
6.12264560389216
5.02432776506422
9.5259271950083
7.06823518134719
6.59262204457205
5.54319984075907
7.1022831241861
6.56462694176119
6.29846568618168
4.47068047792151
6.01947138032836
7.27637564541614
6.22047498832477
9.5875227405454
8.0157588104529
8.6262360707764
10.0497035450838
6.03775111783722
5.3094465438643
9.5581045978099
7.44255220077321
7.36486978973488
5.76724581397588
9.84169491140602
9.42670716597313
5.33804586593397
6.29840664415678
6.76519261981073
6.41305389501976
7.85027726645337
6.95065935709219
5.46395916802845
5.03648500828515
7.87761664230278
8.43815035663435
7.29085116563916
5.25235654169354
8.31533795689663
9.11832836216494
6.39149039489441
8.59878642612279
9.40503622100042
6.83458504539284
5.75614172438119
7.00627047575001
6.6629305940268
7.22196353873057
7.50198475534217
7.64256311133024
6.50314881353561
8.34913045872574
7.36921381589037
6.29276119753276
7.17622073114924
7.56224337808042
9.88809259706722
9.05748161609958
6.82939646716135
7.69805517669569
7.29973821702162
7.069793044612
8.79010119169657
6.53682822674515
10.3563945193204
5.80433754872852
6.64449498076407
7.71480616653221
7.81150783349752
6.98095970813229
7.70219662513196
9.59718664060984
9.49415317273035
6.42159268469581
9.99217532491647
6.16178384092579
9.23117510790008
8.33199148120428
9.45748746060671
8.44789351118531
11.1261600473235
8.10414983384038
8.86858119623156
6.60596401515048
7.94535066787235
6.9922416705506
7.95753959422314
9.44980646647232
6.56997633311256
6.30549513825189
9.47727837967636
8.02376648920587
7.2388515280493
7.88274882488491
7.3411472634352
6.40628417623827
9.04211788963343
7.63898837438747
7.9484999506798
7.04613918298648
8.95816389944257
7.52913904755289
6.89115013298526
5.8106384118265
6.91169682175077
8.32291727185971
7.75153270857028
10.5859196240715
9.01223423574103
8.61759309724148
10.9919195174556
7.47804991516573
5.28352496619511
8.76605893969589
8.33755529185908
9.10715918068422
5.82137076547901
10.4429205512104
10.3593715289596
4.59694537944851
7.94077123535342
6.06361278897348
6.87854181235317
8.60096205520477
7.76613879029486
7.11190544809237
5.59235767007468
9.39248563402447
9.06627638742411
6.57702170937418
6.38635768438476
7.26573114696216
8.63371869864154
6.67937586340051
6.72518323759036
8.54985831088402
7.17183947287074
6.22928788119739
7.59934293601952
7.40436907627179
6.5682888217285
7.07253579356414
8.80903929247793
6.62154722863926
8.83457639698569
6.14923282790656
5.14048507767727
6.26519693882875
8.18387238318939
9.05152080201977
9.73176987126219
6.35223844105231
7.5552120502898
5.86887976983451
7.13981050389269
6.69677989747569
5.92217128934637
8.16596490533544
5.24482476643382
6.38979203990259
5.46515704228362
8.15424380975022
6.34776593642783
6.59712481572274
9.34770788632129
8.74228876715802
4.88441811059482
10.1943023169798
6.16661572115687
9.24910796206194
8.63899325564751
7.05454231228762
7.10796217207801
8.18088302858492
7.70808426333299
8.23589646618692
6.25533267963574
7.5476636523288
6.14760840333579
7.73010201654716
7.19753415454022
8.07194909113619
7.94724125736466
10.5041157440912
7.51425916897126
6.25112157093921
6.70796287982218
6.46126120529952
6.70109937009869
9.7195688185171
6.25534966207353
7.25631803819867
5.22811922939199
6.07675472180718
7.25578769553376
8.54389665420553
4.8981542119674
5.92167483081263
7.65120535349277
6.85868602616842
9.12955575188957
5.73858310647589
9.38028813343517
9.69748927711744
8.06307117250907
6.70621887322354
9.55751662428844
7.98015303221422
6.10953733940302
5.70333124922293
11.6186118438248
10.6055675110061
5.90057123413424
6.74637229062709
7.46304277262906
6.46655125038201
8.14386686585984
7.0886375444529
6.52196529084414
4.73236593793496
10.5042986469335
9.34521235873848
8.85799659602471
7.01051694702597
8.84294469140778
9.91598289796471
8.20972506034275
9.70228577961286
10.9050492201889
6.919339160827
4.92773916188288
8.64875537190381
6.38869459902877
8.00184547409928
7.3291524449714
8.37000081136381
6.040768595031
10.579298817658
6.94687182708982
7.30501462870575
7.44481529363452
8.22733539336279
