28.2187255203051
28.3518960775639
28.1680027079774
26.1563245447466
27.1406961728634
26.8779614460483
27.7688641092692
26.9026767110814
26.9318303252824
27.3507837269694
26.6477092874909
27.6125878753419
26.0237274760383
26.9325774006779
27.1180303809768
25.7222952411053
26.0894803353897
28.2590088215164
27.4163515785269
27.8875333763584
26.7632480921624
26.8234047491786
27.0313182560523
27.2750326297897
28.4555567120545
28.1607943084888
26.9194548065824
27.3327709005428
27.0159630921614
28.0891613507487
26.4482733614023
25.5522081982226
27.4373248464247
26.6626326451824
27.4605769574322
25.7362730385546
26.7107060670186
26.7363446952527
26.5258199448526
28.2140725017978
27.0454058146616
27.449222450855
26.9944129963605
26.9339215755633
25.9858263971555
25.9858263971555
26.2302223480972
26.6272476432504
26.1902269070435
27.0064752040285
27.3288177847372
26.1930677371979
25.9843001016646
25.7544496926508
25.9192683664305
26.4477981723697
26.214961392269
26.8047583560968
26.8047583560968
26.9438834633756
27.5174119247195
27.6347238478522
26.6386227150651
27.0641933064882
27.5913097280701
27.3486158602389
26.2509450785958
25.8688712814328
26.0257657195536
26.278775339709
25.7506149586656
26.1212618332685
26.2578021246849
26.4701748753507
26.304739374992
26.4412796664085
25.967891528761
26.2381384702194
18.5132315486682
20.1345559562588
17.9183124318913
16.9330075879371
18.8044195719995
18.3087886509945
18.4432664514051
17.1341039281946
17.6786857980084
17.650309119656
16.1595751176394
17.9650065053947
15.0693382609858
16.5755560039444
17.3969767167748
15.1014659757582
16.8930660176762
18.2958930459466
18.9086354180365
18.1066463982661
17.3480641425459
18.1057019788763
17.6627615282845
18.6683304642592
18.5609571360892
18.2051298314573
17.0198992211713
18.5833357329942
17.5816224681391
19.9225401232731
16.688874313132
14.2103734323716
18.7843987778623
16.1077736910473
18.1739739483723
13.9774370570014
16.268351934809
18.2116462887129
18.036732796512
18.3526533049065
18.4804273722702
18.5512080182218
18.5738527411371
17.4339114973918
16.5395925640747
16.6754422071956
17.2286319275866
17.2108852996657
17.3619826062491
16.8631183746902
17.8710279317806
14.76824584619
15.6668808824364
15.0078035675992
15.6668808824364
17.1894939045589
16.7638515706545
17.3611837969401
17.515302938917
16.3850193691434
18.1702767425379
18.5299911424366
17.1145166470364
18.2712360936522
18.4849741282766
18.6067278296148
17.291488113549
17.4256804179629
19.3324366731614
17.1326012415787
16.2759666733168
18.0541895778387
17.2775333785624
17.4990512170799
16.8516535526146
18.0971378833273
16.9185192439947
16.5014700842258
17.0425541119647
14.0403799743458
15.5373399653477
16.2381876779903
13.669363635817
16.2321466370711
17.0394554249496
17.8495311945553
16.8045463148273
16.8444590869511
17.4105351171762
17.0050373307129
17.8126320714001
17.5847412461304
17.2710231008356
15.7526525753075
17.4087262144175
16.6849590315864
18.8368057521564
15.9655825298334
15.2886783989586
17.9069810642006
16.5744317246117
17.2062914343909
15.4966698378795
16.6917046441325
17.1944209927592
17.1944209927592
17.2651021742012
17.7814470847424
17.6737903045602
17.8236227469763
17.1514611218118
15.8994675336935
16.0353171768144
16.5723945601995
16.7991566243664
16.6948710741855
15.6132814199738
16.7322131940466
14.3593203145832
14.5971868019999
14.1686116640851
14.5971868019999
16.7395454791393
16.0328778669636
18.032612953694
18.032612953694
16.3814697528182
17.4063683391322
17.3381379601307
16.6722501420091
17.5829661901503
17.5669465828939
17.743544433912
16.443891251038
16.95405160139
18.5557804738851
17.3870936014057
16.2613439873884
17.2775333785624
17.9382145080696
17.6210426442844
16.8404105490007
18.2803888883456
17.0405106711992
16.7471935327359
16.6074686711836
13.6925649523726
15.4825278531897
16.951578709933
14.1913287839383
16.2175239511426
17.6993330072236
18.5034870428155
17.1734656665423
16.9664505141556
17.4634160097519
16.53340851414
17.5715700856896
17.3444828076531
17.2613845405478
16.0169532993974
17.530717641622
16.5344867025369
18.9587971793609
16.6262636593406
15.1435895837353
17.7565087351512
16.2892636267838
17.0558191053415
15.4390377687566
16.362385124445
16.9533590070487
17.3164124199637
17.0248437357238
17.9034385119469
17.4327283188497
17.5825607612659
16.6798323052389
15.884844847765
15.7942551911039
16.1007657436267
16.9211480515709
16.5443987451361
15.235511426043
16.8907479970428
14.245205034033
14.2493717800267
14.6905768122064
14.4830715214497
16.2679166625665
16.6935589964708
17.8574125759834
17.747444855866
16.3053421814097
17.3942225161845
17.4601293873352
16.2006213254362
17.7049576173548
17.095317766321
17.2719156173392
16.8235471022739
17.901133236895
19.3621902356945
18.3341752369107
16.6934736256979
18.0125234659609
18.684107592987
18.5805884893987
17.4483471644386
17.5026252907009
17.9336550963116
15.9558305586309
17.5006130962959
14.6419870468592
16.546615649355
17.7838679754848
15.0093452537243
16.6882958651177
18.6182734404992
19.2609524444504
18.1175286186677
17.6314101192014
18.2110880088503
17.1983681191857
18.4229315693053
18.3156794306892
18.1960748065169
16.8674969492101
18.4037984460403
17.4383855465637
19.7557760059817
17.2027496988262
13.7195640139766
18.6295895395695
15.6036665737723
17.9481456326508
14.3372842896189
15.57102215034
17.8104604737561
18.098474596635
17.9719253712288
18.6979560923961
18.3058091232679
18.3284538461832
17.2877689206769
16.3348224115161
16.2442327548551
16.5328953819362
17.5994072190181
17.0469470792994
16.2601514119634
17.7030629615441
15.0453735783774
15.2172738659236
15.5178676751569
15.3103623844002
16.9093311999243
17.267191364946
17.2132595227684
17.0485399853104
16.5354521566525
18.2673096613754
18.3654180391415
16.7771073649218
18.4887648137781
18.0205807191778
18.1307621037985
17.3971794707491
17.2588032064331
19.2329833339261
17.3558893867028
16.2737363532793
18.2697846310226
18.0318181340489
17.6340255112217
17.2234570338244
18.6362187873621
17.2131294857518
17.0405509882606
17.0794999296904
13.9912151323764
15.6055958574893
16.7749392186976
13.8151474600763
16.4309563463198
17.4283492054332
18.4251667145836
16.986297050833
17.278846246014
18.0871478160165
17.1452166899527
17.9581989082825
17.5592760454237
17.546831163739
15.8758233564126
17.4223111779032
17.1582185088016
18.7335219441555
16.5342764790812
15.0481647348581
18.2015913059576
16.5191290188164
17.4721452161189
15.3941975599357
16.6759293192209
17.300460448758
17.4363100918789
17.2217521365506
18.0752394286965
17.8350960664616
18.0917500883854
17.0990330760089
16.1811010010737
16.0086722631366
16.1766501730096
17.1312496667069
16.3679962801921
15.5975060950622
16.6745811249237
14.6018644764343
14.0753633417778
14.3779564134347
14.2703120080064
16.7646432535377
16.5966653436646
17.9773102478986
17.9773102478986
16.5561510590152
17.5676741010335
17.3517229236164
16.7022543889542
17.8654007243268
17.6038924006196
17.7683145440571
16.763010497967
17.6444848056979
19.3139417788619
17.3522235271166
16.6324414912251
17.9651668344636
17.1885106351872
17.7286388504117
16.8516535526146
18.4987422648864
16.988396323726
16.9030744657849
17.112431191696
14.3249690894169
15.9382892841754
16.2126569981072
13.9539527508881
16.4422367717575
17.1685308570081
17.8717797423527
16.7721247195264
16.6561266529125
17.321512373801
16.7918659809438
17.8521594522838
17.7121660100894
17.350050914509
15.6636298319324
17.4777997469156
16.5959362882112
18.8175073106238
16.0516386052934
15.4966698378795
17.9760545966987
16.9760361061709
17.3932686155729
15.2886783989586
17.0933090256917
17.5960253743183
17.5960253743183
17.4839065619361
17.8497027194375
17.7428638370583
17.7346000036012
17.1514611218118
16.1591820140098
16.3199062918856
16.9289050971321
16.3997733028134
17.0522267125928
16.0148858015329
16.7066825141635
14.3593203145832
14.9545424404072
14.1686116640851
14.9545424404072
16.5285745239538
15.8219069117781
18.4342173352531
18.4342173352531
16.2264286172534
17.4754418716303
17.4072114926288
16.7744727441128
17.6520397226484
17.636020115392
17.8126179664101
16.1234981295674
17.172855989125
18.8423129622891
17.3729616137704
16.5032627632277
17.4935380178907
17.6557827702079
17.617693902246
16.7258187879074
18.4875646554179
16.8774513755603
16.8918968563164
16.6773457509148
13.6567609459731
15.6272311767702
16.7326390355634
14.3249690894169
16.313903145235
17.6333487766961
18.3390518773734
16.9583715762757
16.5451817047467
17.2598015052835
16.3450760801013
17.3060700838698
17.1685308570081
17.2166698591858
15.722100649738
17.3668547987499
16.2943288222768
18.706562362458
16.5599161826882
15.1538699357179
17.710990506556
16.3704748868722
17.1282045254303
15.1256573409521
16.7639895060042
17.0499360059043
17.4850804261526
16.9402714088549
17.7387577712718
17.1975780158774
17.1885106351872
16.6798323052389
16.0300032860125
15.7328114810974
16.4821151962896
16.2888283546476
16.7871626224502
15.6364607448707
16.6322809417895
13.9883039760544
14.2863342969633
14.5396280026139
14.5835261018784
16.0569457073809
16.2891790467988
18.0260805821723
17.8286561159545
15.8933999878663
17.231995990842
17.296266544463
16.3276828432704
17.5410947744827
17.1643912988191
17.3409891498373
16.3097449863167
16.8098000182888
19.0650054240531
17.5238672965758
16.1692505068983
18.1018067211496
18.37864323456
17.8020034210947
17.0916334098977
18.4884276167402
17.344564019833
16.8927598176387
16.6143302149023
13.9114702742931
15.7735737673623
17.1583076950004
14.2407897939806
16.3264704999389
17.7751743059443
18.7719918150947
17.3331221513441
17.4102807800953
17.9826619696356
16.6800469751646
17.8989730483614
17.4983377925338
17.4102911188123
16.3409930712007
17.8713143660476
17.0171892866289
19.1629947468254
16.917644955384
15.1286858986306
18.0971054595767
16.5996501825889
17.3311159939463
15.5621754698087
16.2107596044328
17.2412345888369
17.6042880017519
17.1608138836607
18.2432173385695
17.7733250432752
18.1018067211496
16.6338633612209
16.040071778901
15.9743210379703
15.7115161772459
17.2743886608495
16.2635104338111
15.1323363802741
17.1397508397118
14.3914263816672
13.9956184836945
14.8035987473391
14.0598739132394
16.2994735387496
16.9708282217216
18.1452881577716
18.0578314116712
16.7241289688882
17.7356520109066
17.8007261117607
16.2370846741662
18.0333786341998
17.1548892124752
17.3193113559128
17.110972239927
16.9402714088548
18.8882994449575
17.6518844718091
16.6638410069894
17.5395245005592
17.8163610139696
17.8966167602847
16.8863970316691
18.6481428991796
17.1198308578072
17.0524751000781
16.3895970528765
14.050275565105
15.9332890498017
16.8932172793251
14.3795950847925
16.4744813889967
17.7939270204578
18.4996301211351
17.1189498200374
16.7992656470551
17.4203797490452
16.0690318421243
17.6570839492417
17.5178940542806
17.3772481029475
15.8316077418054
17.6457776567886
16.4549070660386
18.9854852204967
16.7204944264499
15.279999196737
17.8715687503177
16.7593654650283
17.288782769192
15.1594645039166
16.3704748868722
17.4009498712763
17.7640032841913
17.2896346061273
18.0176806293105
17.5485918812494
17.5395245005592
16.4447935096361
16.1905815297742
16.1248307888435
16.2060709583127
16.5312078368946
16.9477408662119
15.2920516627135
16.8746604240365
14.1488822198161
14.6798489160953
14.5942539979895
14.7441043456401
15.8219069117781
16.4497572905605
18.305003440211
18.2175466941106
16.1945125487714
17.5109188488808
17.5751894025018
16.0516386052934
17.8200176325214
16.9301560504494
17.1067539014676
16.4703232300784
18.152547680261
19.7622997711341
18.3526533049065
16.9139345418479
18.4321633868749
18.6059804559095
18.597385593382
17.1192141116532
17.7246794456695
17.804428261633
16.1413413378078
17.6043226369876
14.6584903465839
16.5666904878075
17.6941685216899
15.1014659757582
16.8747965188202
18.5930848508617
19.2058272229516
18.1066463982661
17.5021832845228
18.1909837549423
17.3020776598774
18.2107107297746
18.1266162630741
18.1851925861153
16.7227074162562
18.2861439280792
17.4275033261621
19.6381214880206
16.9860661180471
13.6802452520863
18.6094852856614
15.6199193683636
18.0198548063953
14.015424766143
15.9076680664019
17.7540265542282
18.2116462887129
17.9183124318913
18.6553408644711
18.0935882837372
18.1162330066525
17.0732276289847
16.5213230652187
16.2402977869473
16.8679480591794
17.3650044416427
17.2078634642722
16.5179972045584
17.5738361268655
14.6412617192059
15.281811056804
15.0078035675992
15.5398967554522
16.8288100361518
17.0610433755696
17.31696906346
17.0801585186687
16.4230070782851
18.1380828266968
18.2361912044629
16.7538327786293
18.446149585853
18.1242902598695
18.2344716444901
17.291488113549
16.95405160139
18.8608078565886
17.1541572260355
16.1467522262952
17.5825607612659
17.744805513583
17.3881062689142
16.7258187879074
18.0859602738588
16.807574295829
16.4902924747573
16.6074686711836
13.3721718309019
15.2256267952111
16.7581697154465
14.0403799743458
16.1029321900494
17.5059240127371
18.316803329576
16.9907931715766
16.7335141387854
17.3488242486587
16.53340851414
17.2665427029861
17.0394554249496
17.1418443728382
15.8111233931131
17.2977812662518
16.383351565652
18.7258608039907
16.4328546648541
14.945878496797
17.6419169740579
15.9688705053131
16.9046839684565
15.333648779873
16.362385124445
16.6483316243452
17.0834760445935
16.7198163530203
17.6705021365767
17.1277009361462
17.2775333785624
16.6798323052389
15.7702530866718
15.4892278084004
16.1007657436267
16.6882116762007
16.4298069840429
15.235511426043
16.6578116216726
13.9883039760544
13.928978658556
14.5396280026139
14.2261704634711
16.2679166625665
16.5001500019843
17.6244762006132
17.4270517343953
16.0484411234311
17.1612861408143
17.227193011965
16.2006213254362
17.4720212419846
17.095317766321
17.2719156173392
16.6301381077874
