11.979793769959
12.0370442822257
12.6919084076052
9.74560784948017
11.9396863764053
10.9105220954206
10.5454991974237
11.2839896422783
12.3546462350535
11.2807082802507
11.7663882653479
12.7892663134256
10.0308219961349
11.6024242038537
12.2637908789116
10.4646252492993
10.4905429213023
10.7830440273347
11.4067290139963
10.1276436958499
12.3743064547774
11.2427649525022
12.0444302621626
12.2971511616701
12.5405011161652
9.53938572614426
13.4092296879327
10.8018874218509
13.4092296879327
12.1437578314532
11.8722476119839
12.2095097845356
12.0362116734781
11.9467412355731
11.1749818569055
10.2944865034797
13.0796906575601
10.0857782722563
12.3339636881003
11.1709809339805
13.0796906575601
11.9700087997999
11.0842596209944
12.6751951116512
9.402158294458
10.5924964283544
12.7952281591096
11.5542861195456
9.47981887983885
11.6288931243524
10.7408702939108
12.0446621792365
12.5405011161652
11.5514241922104
9.92370438074843
10.1543803256579
12.0290773089302
9.54101267427381
10.2320409110387
10.7446099643
10.2395302273583
9.37704861277962
10.3148191050875
11.7227023389517
9.77312056434857
11.0670411362873
11.2145555730758
12.9532303749198
11.5514241922104
10.7446099643
10.1947860576291
11.8711321511051
12.4204680687068
11.5300164756576
10.2916077573441
11.527292671632
12.1930413704244
10.4646252492993
11.3660524141634
10.7745400302549
9.69555128560386
9.19844554016056
10.4034942888525
13.4092296879327
13.0796906575601
11.1958391176357
11.4798362265882
12.0730882185056
12.3130744178828
13.2030075645968
11.3598031791298
4.03035306719425
3.94008415639415
1.96344379591579
4.00784890968089
4.06166415494567
4.11700200063873
5.56317041199177
4.83379645234393
4.18639123602198
2.53925590115476
4.85085683124819
4.13083411673753
6.6574056825784
5.53179218809572
4.09886347523352
6.02941364556436
5.08797355169619
5.30331736589097
3.41745004705026
5.97032019513804
2.01788349982207
4.70776363735469
3.44126782329956
3.55606653575143
3.19312272405104
5.71731207300173
1.71801044468838
4.31114051316578
1.46986534543985
4.59544983914694
5.12639952164638
3.2041988650743
5.06620064544296
2.97296779142651
5.51473180919145
4.72185735997859
3.29854574653618
5.44318052054196
5.78580350680451
3.73298437999599
2.56740199719433
4.40972526179553
4.14589217004598
3.55295098895849
5.75031733339321
3.96202543645481
3.460943481432
3.4795914390936
6.05401653770642
5.74463820590626
4.85757077710687
2.70957012914995
3.44126782329957
5.23995422762496
5.33319973607792
5.24551940011529
2.74431984143892
4.94471697219084
5.55872580878512
4.68218749728911
4.97032649287267
5.6958627240942
5.28638556417728
4.03884709573984
5.29130240304469
4.89805327663221
4.30416492475872
2.8291622792459
6.11316921710983
3.71643146814674
4.94050390153267
3.60972401895799
3.80702268746149
5.65838697559452
5.21917444323467
3.79024217523354
3.26440607762505
6.14706070438789
5.53179218809572
5.2105763214087
5.56504065002365
6.34500145992899
3.79794061799378
4.98441608426729
3.45455999852301
4.45180145908834
5.71774091203945
4.31558901304079
3.89339828206972
4.94502474484317
4.46132396334627
3.74684307048275
4.44005429931902
3.21244652098419
1.96122389216471
6.4338019640094
3.36218196352289
4.25545605295024
4.50246175718514
4.72495965747081
4.97610212499485
4.53071475998069
5.88632634443594
3.94008415639415
4.21322920070442
3.69519268139468
1.63386587917935
4.75461606853892
6.33528770487293
1.9719353027835
6.56960489837877
4.0638707174589
3.3213997784372
4.64087536377525
4.83289644245683
3.42779033517896
4.4930994156769
3.59253115261937
2.97134027041318
1.81446925062691
4.49451858972076
4.79065234244744
3.509380661427
0.645201340622258
4.6953743738558
5.09614572472218
3.64903416494575
6.70967318941123
4.94317105165744
4.12574655271591
4.75290657337926
6.53238230171071
5.49069638800258
6.36985097301852
4.32702180834113
2.78897061936841
4.73562447511101
6.29255559209594
6.21153555964418
2.52071612286991
5.42308273619513
6.03709157278941
5.16055326129339
4.60731259864727
5.4722590055252
6.1289688134516
2.99774484175125
4.51824711924534
5.63083118368456
5.2080277300331
2.45668979024825
6.01461099865158
4.19479723215102
5.36331140044764
3.65539977539568
3.90310586344874
5.20184145411177
5.83715007510587
3.92166577825841
3.90291368391844
5.67427267161843
5.05900415532625
5.92033810199753
4.77206463488818
5.55202544479352
4.9112053309242
4.4183930732107
3.98974649489416
5.8828982639029
5.69094242241888
6.36705522260151
2.78744662562373
4.85378474831814
6.8119249639294
4.30515216441894
4.22234941389276
6.20824886218956
3.93849798010449
5.03592444722096
5.33945605146266
6.36721958066143
5.45833950342027
3.7584181766812
3.798402040897
4.26424008861458
3.94454566497613
5.3889231558477
3.138578422464
5.7466588909554
4.80545215466148
4.93423316377633
5.20167076324808
4.02340151234423
6.86075676454535
4.01948159681941
5.82034298995352
5.03907846576267
6.5427218823359
6.39610429470537
3.97528126804966
6.76411742810152
5.00619405841728
3.84419486135056
5.13154381399258
4.62365642774403
2.28851396429629
3.8167876161044
6.16213636649753
2.5559080187005
4.07872903471178
4.56054219179851
2.60187691835848
4.68016146527334
4.32821324670242
3.75138629873791
6.76856712708157
5.61037781826062
3.55819193675878
4.9412969247396
4.93854279135648
4.26695901558921
4.17220990425344
1.41476446642392
3.09479946216065
3.3213997784372
4.68064482456191
3.64077111785767
2.22600665143377
6.23272636551953
2.8927386840613
2.74178563187679
5.84439407797446
4.84622611641431
4.80729079083137
5.48770821513435
3.89189961507728
5.11597204846321
5.17332647559355
4.33280073321477
6.16713469652001
4.81333847570302
3.23893121989992
2.36039559552215
5.97397976688224
5.35871125059005
5.96940352394715
3.36218196352288
3.96585806526272
4.52680294413255
6.01279985836926
5.32531454538235
5.03974500447304
4.98177207779042
5.69531088600572
4.15158028773106
4.99290423967025
6.68089771437139
5.86433846945754
3.52203946567782
6.07722161263155
5.35416738153929
6.57307962568699
6.75512545289747
4.95155017922664
6.79390755390846
5.12255183878853
5.33789565298331
4.30191905297178
5.55775804477751
4.5758786903467
4.6977647275026
5.03912650492076
5.14211462438017
3.46400792248789
5.2393497276053
3.35165717574844
6.05121139171082
3.20993622398488
5.68628422381391
6.45496293384502
5.69956862290604
6.23286693345516
2.37469912087102
7.10077989782021
5.34285652813596
4.290352343774
5.40482698235402
6.10867529023354
3.76756266708833
4.15345008582308
4.85369908864454
0.942695638899131
3.99922610842581
2.94732981199714
0.988664538557103
3.2099362239849
3.65646891010663
3.78906526309513
5.29834188579312
4.76722455883076
2.886447600163
3.56994082481257
6.31367682378822
2.67255223043065
2.55899752445208
2.77889812853125
3.13247842651786
3.30070716620803
4.67110335203514
5.004904779965
3.83921903123514
4.86137026559248
3.3095025047266
2.8809051232289
4.37184263310255
3.25181933125575
4.67626354127336
6.95793345642281
3.82425166687651
5.04832410026246
4.99798592452779
4.25329780692881
6.08763177023404
4.85101744006024
3.06359066883416
2.39807455987938
7.28015415561228
6.6648856393201
4.43224834548112
3.50130145487499
4.10497755661483
4.56448190848976
4.53715943182235
3.43455892561207
4.45929450446062
4.17055213431583
4.99287760494114
2.39121041246543
3.50978129281084
5.55421779625334
4.14187401441692
2.70195912578971
4.9505416945135
3.46341176176901
5.29617146220652
4.86436983312718
5.03748077934885
4.90315193413818
3.36218196352288
3.57752577771766
3.63591471616851
4.63397281868146
3.86853286774465
2.98197204918137
4.35508753647898
2.72675971208641
3.75072227726381
5.02118209413425
2.64922389468386
5.77496212840482
2.93368696067889
4.74862584545804
4.62087429086431
5.0548482329969
5.16588550870828
3.35927308718031
4.68542498552645
2.86866498762738
1.83059228429417
2.94732981199714
4.68082239084163
2.00719279182269
1.73809517352933
4.71149740752305
3.42366409522395
3.20779564487
5.00679849600187
3.21850659906347
3.49665057876081
3.68170490365285
4.92963525889778
5.55296785685388
5.05968424166612
2.91168359370922
3.46516428382712
4.64219395674476
4.58968089868659
4.50200056272394
1.01852825326561
3.8203356933822
4.43434452997648
3.92236358628189
3.24453490469936
3.94800072013426
4.95182924177346
1.58240662711933
2.79545169449987
4.56349695422839
3.61025471232799
3.54958362315532
5.53008055703089
2.59205018933809
3.81612262272403
3.89460338061599
3.461867343373
5.26411292296306
4.5230444643672
2.70527113634922
2.32305121250047
5.54740856677276
4.93214005048058
4.8316148518188
3.06918994147883
3.84915075138417
4.01640528711202
5.13184355835813
4.02924305214785
3.86461037792483
3.57586800778004
4.39819347840535
2.98589453900121
4.66742903742854
5.38179470455529
4.73655814095271
2.10727499925392
4.77811860281545
4.0580958883048
5.89085558874232
5.45905395966298
3.87983303473115
5.49783606067396
3.95686609005867
4.17220990425344
3.67359368052572
5.22865694521725
3.27384874120887
3.57665617571716
3.76040340994319
3.88440745670411
2.59307453264611
5.05886105849147
2.05453976814806
5.18027800186904
2.33900283414311
4.78630480981526
5.21555841740009
4.46016410646111
4.99346241701022
2.24001483372351
5.84307273014415
4.02631273224508
2.98824002891186
4.10497755661484
5.27550651737742
2.60187691835848
2.89574291814703
3.55384966290536
2.26601635060625
3.24547460922722
3.84915075138417
2.06085885444578
2.33900283414312
3.08702077711707
4.96731422325499
4.39532011223617
4.46500011513034
2.31699946717343
2.30751653920942
5.23687808328055
3.43203315406889
3.34435281810626
1.6132123798014
3.85801465773941
4.47202349433369
3.9600425506391
3.83921903123514
4.54268484667004
3.79418149715576
2.74005437173704
3.95309943911757
3.4058492096107
2.4526069677103
3.37716053145726
6.12476468356669
2.6297291536953
3.85380158708124
3.69888291471169
3.49954630773021
5.19721139068539
4.56072342872442
2.74295010070643
2.34506842765335
6.14209269330854
5.52682417701637
3.6739671072011
4.22683768609654
5.00679849600187
4.05408425146924
4.38749800311349
2.88413330612033
3.59372225302221
5.21506429303016
4.23360364389549
3.97957014345604
5.81381755557007
2.94732981199714
3.99131730322535
3.79082359257541
2.98885505087954
2.45668979024826
6.36798073853206
3.85764786160643
3.29050982157575
4.77341756451042
4.60043847615722
4.8651737706806
3.79727007997018
5.97249820582226
3.87988528019072
4.10230084639017
3.61320731224939
1.857457349284
3.86603090246707
5.60184302486242
1.88994993363821
5.69687907332402
2.86104290472741
3.09780830833254
4.07044867137257
4.71199776436949
3.2041988650743
4.03182139008804
3.81612262272402
3.84013308114008
2.52120985534418
5.36331140044765
4.89501661219862
3.59555252281331
0.868792810726902
4.28214619831259
4.67626354127336
3.52838075514305
6.28361564394233
4.49532374700392
4.13385165984803
4.25022995436997
5.72676657534232
5.47481453611604
5.86717435400924
3.80661915462304
2.95848589969881
4.18400337735115
5.86649804662704
5.77881771066441
2.60688798425623
4.65441757606466
5.22862894557527
4.42710858128287
4.48279141733369
5.52321038679155
5.81968387472639
3.86653765247814
5.38703992997224
5.36665337379626
4.8315047794045
0.942695638899117
5.64838703310865
3.46135255214052
4.49451858972076
2.36591571480481
3.59696832392121
4.56834276103194
5.10370539509536
3.05287296753151
3.17598434370043
5.36248502307011
4.74721650677794
5.66916213246394
5.64085744561508
6.42081825552042
4.1777606509137
5.28718588393759
4.71562992074629
5.13175251199954
5.07343403428396
5.75608131951317
3.55670151433288
4.70404930577944
5.94313215320251
5.17394497514583
3.60484102575784
5.33945605146266
4.71030698567343
5.90471725794784
6.11126505703161
5.77105152881096
6.1842229292724
4.52767306539033
4.66719485162389
3.39544727788768
4.81333847570302
4.66788619787319
4.00737123319089
5.13113401244726
4.75627588533141
4.323259260688
4.33287795252119
3.41242760925589
6.14321889923732
3.30194373151139
4.95155017922662
5.84527830920896
5.79157613043254
5.52731148397847
3.28117089595511
6.71494115877145
4.95701778908721
3.81296811220613
5.11597204846321
5.49244923847093
3.15730677502318
3.76761134677433
5.55824270597018
1.84916741398322
3.20993622398489
3.85380158708124
1.89513631364121
4.06918756218501
3.71723934361408
2.88259348801102
6.15759322399323
4.85923206635726
2.94721803367045
4.33032302165128
5.70399219915217
3.57902400551474
3.46546929953617
2.18401935513306
2.22600665143376
2.4526069677103
3.81185201383501
4.41002600656681
3.09479946216064
5.6217524624312
2.87773818596103
2.59205018933809
5.23342017488613
4.15829110633986
3.93849798010448
6.34824883178675
3.02310680435038
4.24717923773633
4.30453366486666
3.46400792248789
5.29834188579311
3.94454566497613
2.37013840917303
1.49160278479527
6.65424327993205
6.03897476363988
5.33872012056522
3.21244652098418
3.81612262272402
3.65801013340565
