22.4304008300791
22.8285683104148
22.3696217998211
23.703723297614
22.1456376660401
23.0571950052569
22.2654289582744
22.8841468901047
21.8125213976184
22.7025344845812
22.3573165682563
22.733580801909
23.867632114741
23.6600785523463
21.2372945814449
22.3748433825728
20.4649108617646
20.4687961579442
22.2654751087576
20.5852487258553
17.8268717271481
20.8834265913588
20.5006688520879
17.9973644468505
21.8091579682737
19.0291151275905
21.732514472151
18.8969741218901
22.8809119212997
19.1017878071506
19.8773291857808
19.8274590398412
19.4828067011935
21.007734672299
19.1199087805423
19.5380721004476
20.3789095615666
19.0335306407719
22.2228079902482
18.1847270383657
21.2979656357149
22.888199161766
18.2004172085294
18.0471117373041
19.6761035615587
20.1964276096311
17.8940677321829
17.9591408246017
17.9900583346447
18.4959757619833
20.1175221615198
18.3904535985744
18.0897197720082
18.7101847967095
17.6894726984592
18.3133935815844
17.1808202572876
16.903417410112
19.421841130757
19.5980140290472
19.4225539127474
19.1304596628452
19.1808829447151
17.258978290989
18.7685506166707
17.0917515477207
16.7177333738495
17.343390150358
17.239344046297
17.8970169582308
18.5879883852609
18.443405402156
19.7632576256132
19.7872422564041
18.3109606465137
18.7780420935488
18.2741334197633
18.9059008988596
20.1026300391071
18.9280978122909
18.4728974239763
19.1635843868415
17.7811224715229
18.2133500061004
17.8948986783348
17.6178873811731
20.38142360696
20.5575965052502
18.412632965116
18.0322340164665
18.1056507579839
18.2226574966123
20.2594925728264
18.1655118381141
17.7199685073266
18.2721561903546
17.9641967650767
18.5439771697835
17.8168826834384
17.5914003371821
19.2123476540824
19.261903755624
19.330050787038
19.950527614484
19.2084144884046
18.0060590756345
18.9713319306688
17.8388323323661
17.2280405006275
18.0578051983914
17.3236016787136
17.8527531406995
16.8296449978444
16.6745348697636
17.1767204489894
17.2008041733365
18.114838833577
17.8284266769158
17.6246106406194
15.9457047103608
17.7552253852613
15.8072431475403
15.328180101065
16.0364377164061
16.7402299123353
17.4508411698076
18.5197324808167
18.277986950907
18.0492780380982
18.5083326758577
17.2872339842689
17.4243344540737
17.3174146154772
18.1745800734537
17.6196850149513
18.0816131611519
17.5753747148468
18.4456353052295
19.2286951347537
19.5306931956257
15.1956422019049
14.6395597589681
16.966781178065
17.3363401978468
18.3319735442231
18.0708329366887
17.8151859982378
14.7329656335453
15.2852367933316
14.9244541842242
14.826875825871
15.1279562926192
17.0343906832896
17.3349822343945
17.1780777969959
16.6169551367067
17.273101991004
17.4205266355722
18.2814732704906
18.1581067043227
17.8230185632861
15.9853606870706
17.9032722573313
15.8593156046999
15.6897049084815
16.0963472994573
16.875551184059
17.3867545264923
18.5199944430417
18.3648843149608
18.1112568234561
18.1226365226166
17.3545243576383
17.1074660863494
16.8397395338688
17.5656680477924
18.0564683316972
17.4022670442709
16.894141734901
17.6564010538377
19.3992019484063
19.8328282004357
16.1192314152072
15.827209332043
17.1643923833136
16.5789012721046
18.1602621891024
17.7436182968696
17.7627244846809
15.8287992457346
16.5578977150833
15.8499935464545
15.5870577919391
15.9398633394158
18.5137350379045
18.8117737834265
16.1649497301817
15.7974470120243
16.9842161946808
17.6164804501692
17.3088105571011
16.9428953822598
17.0597570156048
15.856911308168
16.5653892777416
15.8650361294069
15.3036986886281
16.1857963333701
17.7395891809773
17.690141903737
17.8790751887108
18.0018611083836
18.514545058357
18.1828545983259
19.1151402401391
19.2843728395035
18.9500685129391
17.1481766715102
18.416807481274
17.23623896158
16.9662260460581
17.241141633665
17.0789584430806
17.8443908746655
18.1671480750588
17.8312401246497
18.024719554072
18.5559688287005
16.0163557926714
15.5450129577293
15.4083665911309
16.7059569963189
18.3758548647645
17.0136548258226
16.5625316393125
17.0347649458916
19.1745551841937
18.9345805380083
17.7747041222037
17.9448719997144
19.1820148584771
18.8411924524102
19.1589417318786
19.3871763062812
19.0113875902038
17.4441212978032
19.8059209766175
17.4740982205595
17.1452534143202
17.3714301756233
17.7751495308043
18.4487847515734
16.6738305835358
16.3063278653783
17.2728116210229
17.9054653545802
17.5531597226491
17.1890143288598
17.3062691963702
15.9748777818504
17.0647942591637
16.104714863346
15.5509322117275
16.3037628070525
17.8019132419346
17.6944230607055
16.5191174289647
16.3471187290437
17.8375588267008
18.3984065856263
17.9622243117671
17.5773445385796
17.7593572374758
16.3088359846131
17.7306878414318
16.3745498623964
15.8263111190143
16.2624217095558
18.3829901017296
18.580726109712
16.2824386508205
15.9149359326631
17.126615550333
17.8542768523741
17.6037686191571
17.255670619632
17.6704161005286
16.2044887215179
17.5489486345658
16.3343258030134
15.6886109947814
16.2653593262469
17.9509275838821
17.9076189614819
16.3513698755805
16.4293030467532
17.660221351354
17.2672665333227
17.647710763177
17.8174802804216
17.1282988034283
16.4297863960447
16.7079328757595
16.459763318801
16.1186051136065
16.6708071649444
17.7906264737848
18.4951446426576
16.8483913569858
16.5297921611718
19.1721633356657
19.158543498452
19.5967285545552
19.624104401749
19.4366824730773
16.5211955838166
18.4978873187724
16.551172506573
15.8726882923344
16.7294067392555
17.2687002297367
17.904582764486
16.298749287539
16.0007367559889
17.7470274918694
18.0844200711926
16.8202306939233
16.2936104563832
15.9204772977436
15.6495627012907
15.8197216803526
15.8151367378132
15.1102553006256
16.0446304359941
19.1784395015968
19.2832054254386
16.3927828685452
16.0947703369951
18.0175991917055
18.3549917710287
17.0041486483276
16.5362058890124
16.1545802555597
15.693333387633
16.0721468378614
16.0010312171367
15.3464126746129
16.0885564948829
19.380756329884
19.5357072571376
16.7728701064363
16.7694885583487
18.5007665325132
18.5843001895227
19.6744896869749
19.2214291707486
18.7698990223883
15.6582314651926
17.452642310118
15.8238055017151
15.4671425831224
16.0000043475403
17.1382705670027
17.302342428918
16.7487887295257
16.4507761979756
17.8373101820229
18.1747027613461
17.1981475824667
16.6715273449266
16.2983941862871
15.9989453522045
16.2035233190765
16.1645193887269
15.4595596459681
16.3941684594543
19.5451370391877
19.6499029630295
17.6467521791268
17.7701880030522
18.9053085731608
19.2245420908655
19.1591639206178
19.2895174184591
19.1922058992022
17.4375234702203
18.405703359303
17.5141891811513
17.1648179984347
17.6136117301834
16.6377036097131
16.5470608383883
17.3761658690253
17.2988744965362
19.0572667802998
19.2230752819033
16.9189747334266
16.3993721153776
16.3665694600268
15.9983203657817
18.0819978654723
16.0282972885381
16.0831254687501
16.2443087992864
18.2665914937999
18.7920953518717
17.3749430800023
17.2746477921936
17.2720037194884
17.4234721932865
16.7026360745693
16.4256276281681
15.9834981510345
16.8082688628382
17.9666944837633
16.9738428993607
16.8598798757486
17.2635493168348
19.4519268491215
19.681304593803
17.6710276454334
17.4557622108458
19.5875950844694
19.5819828378982
19.5591649450986
19.3122350778406
19.2934141428566
17.0905679451139
19.0420531847627
17.0987698419823
17.2659703712916
17.1515935167245
16.7082668112088
17.1525010587732
