22.2738033449633
16.4247109053446
21.9361684456992
22.2274711543531
18.2053043011124
22.0827937673249
19.653506495467
17.8572254918823
16.8241765194711
19.5595056087375
19.7522639557992
17.7004125573441
19.2749275757015
17.5375166792743
19.1285415128319
18.8302860273669
19.5853338149009
18.6591631050844
17.635970811293
19.8923716488498
20.2606197299248
19.7476942618215
16.3570246329343
17.4952524018807
17.2468613676703
18.4884707902117
17.2025359092788
16.940197327387
17.7936374932995
18.8664714316203
18.774480517547
19.8711552277742
16.7310092289512
17.902317033168
22.6726102364005
17.4504777354103
19.2452653084911
17.3442333047895
18.4554687301397
19.2455047026943
17.8210225434819
20.7216635331327
20.2755460442473
21.5829437893302
18.7151387382615
20.0747101501288
18.7669500995499
18.9594615853756
18.7748020025876
17.6067325518663
17.1913733401264
18.6745685465028
17.1285123756062
19.2592709577523
18.9308613738715
16.9704474692953
18.0484467056587
17.1379156197179
18.8974988842365
16.3935052181724
21.8242823319775
25.0104024947083
22.9995322782178
24.6444644588841
24.8977139376235
24.2889404112809
24.4718993882093
22.4985853504214
22.2359219624021
22.1990280392856
22.1337924353808
22.4918157697509
22.3648859682525
21.7211155962645
23.3416282571101
22.7455813014748
22.2854336859891
22.4777577482229
22.1225455903361
22.4910773545389
22.1834563804781
22.9632768785094
22.1834563804781
23.3282937939056
22.418476313114
21.8067581101715
23.9108927216447
22.3726503392319
23.2585897869346
22.7692497475131
23.2825056269345
23.2720581830952
23.5933080433003
22.7175426384329
23.9769273208664
23.81331490724
22.8846829569765
23.6855269004584
23.9084958663161
23.712011691824
23.4678975121512
22.3961253305562
23.4602767425125
23.2572857558849
24.3746281039192
22.8478670018911
23.0151638399265
23.6993464551474
22.9136341627162
22.6707695524462
23.1051372904127
22.4445707023167
21.3312392782183
21.3666826286083
22.6353635154876
22.0530072907844
23.8009375474846
24.319367246719
22.2421127504844
23.6901008504539
24.1656747918028
