18.1423900186203
20.0659985436602
20.1673923269165
18.6348594277223
18.4104277047877
20.5132591791349
21.0247619241367
20.2579095616642
20.0552647361642
18.1535778994089
19.0448518575119
17.9676216953107
19.4163010962346
17.8049040665015
20.5511617981978
17.6232978580893
17.2865660893087
18.3738326032479
19.1382218570378
18.349514413435
19.8882621311101
17.2927807269526
19.5009923585495
17.8474259099353
18.6082117101909
17.7460631864001
19.7938998761855
19.1314665111929
17.1434838118468
18.0127265322137
20.4909568319211
20.7559289950394
18.9857699188836
18.2502652126914
19.101459054748
18.6346101582609
18.3837143389839
18.316410778307
19.1205062422096
18.8646530718123
19.0993249748202
19.9639739003413
18.021078524718
19.4929046524029
18.1351455459559
17.4826847630184
17.6871526641271
18.7983726834783
18.7183609798402
17.5573867794759
19.2268667187188
19.5198044637452
19.676667068498
16.8429111384362
19.7886871185263
17.9695765919734
15.7146654403023
16.8136555334523
17.6628864942352
18.7521388034197
18.0726748757441
17.4074468194055
17.5483520239323
16.1356425152318
18.2561715303025
17.7760654919219
17.450615081952
18.8744820940212
20.3872025332429
18.9775784087048
19.2449132600438
18.2616523399556
19.9453005934101
18.1391641908001
20.0807298948482
18.7891926491574
18.3992902214658
18.6653222008131
20.2620288298541
17.8152837304285
17.4782092248128
16.7183102405703
17.87411756691
17.4485870008116
19.3399780890994
18.554974452446
16.4326713336266
18.2546700870541
16.2745257412582
19.7795351999784
18.4495641964508
18.042584378816
18.1108859278401
16.6294118896523
18.8252318279773
20.1601583525796
21.6957647735999
25.5852508392187
13.7390277625555
13.5486380792163
14.9703801916708
14.7518164640249
15.5394020614722
15.123277773723
13.7115569058995
13.52762706307
14.3727341324485
13.6478609590465
13.0304438464768
15.4894743558762
14.4609539828128
14.8342563132529
15.1722474789736
14.9509632901802
13.8934313898225
13.4401656308201
13.5226466585499
13.9130699026902
13.6591917112824
13.3389086785413
13.229343949768
14.4686623763282
13.2668599488124
14.1483474368952
14.3166457109407
13.0727031942717
13.2443327757499
12.8342408873766
14.3183890144302
13.9659322333321
15.7545168272386
14.9122204392532
13.1991485725509
14.0739712590485
13.6782483239116
14.7542881081598
13.98613291728
14.9731076979848
16.2364733691356
15.1728486777673
15.2142434820265
12.8049120271694
14.1516329734006
14.4929889499914
13.459479944396
13.4061597177477
12.9474121289566
14.2804789809907
14.8495048209111
13.4247314790569
12.9042451664338
13.3720636196127
14.8955990276123
14.6740480174197
13.4274615058673
12.9627509133716
12.6380116878972
15.1846107776255
14.6565086214924
13.949061933429
12.6666150767062
13.3211327564693
13.6193709880082
13.6053630684873
12.6320987707129
14.312942523653
12.7113623919546
12.8510836272753
12.9142996446942
13.5152263327551
13.3337709797996
13.0393495180893
13.5795946156717
13.3394686013419
13.8634492504168
14.0117192622368
14.103437414147
14.5540252351234
12.3958164620746
12.8801210197408
13.2100430572946
13.1513915718154
13.9661140470344
13.8885346481185
14.1359406686132
14.9063358292897
14.3250359433999
14.1805266839596
13.0594741157128
14.0885288921479
14.7140527101258
13.4261384323119
13.66139444736
14.2929798655249
13.6780418964551
