2.11458299202211
4.00291640743496
2.11840721180901
2.45912947176538
4.58595200228666
3.38382130465972
2.30575733504595
2.62205982558196
2.77454642459826
1.88754417388252
2.48951841186643
2.11421346638562
3.13922545008725
4.66287984001112
4.01061609261757
1.05778934942164
2.01049325952889
2.81188888839882
3.84253174606
1.72794875403788
2.42445858199486
4.43678075719923
4.86256579792003
3.89129813821957
3.12953665914181
2.33791735055325
3.55875879666778
3.72551337027127
2.65437696523878
3.15488240926527
2.79124604562891
0.507476833559849
2.84499799722221
3.36097263620121
3.68015087665669
2.57688200700799
3.40921087973527
3.89085853421017
4.08247248124341
3.24245630613177
4.17318738327411
4.51152462125653
3.15488240926527
2.51053649531529
3.49465033234478
5.27244718254002
2.12032783360105
4.17318738327411
4.44980117890747
2.92401937133877
3.05690506181057
3.86106632226802
2.33791735055325
4.27774650792509
3.40615045477518
3.16185379879863
3.64586024351954
2.11840721180901
5.05907605896892
3.02873249324533
3.51369334285573
4.95237047718756
3.05128196310793
4.76497034898017
4.17318738327411
2.12427178296755
4.48119739958795
3.73771481326064
1.56526618298149
0.59597671112946
2.62205982558196
4.00291640743496
2.11840721180901
1.95165263820553
4.07847516872681
3.89129813821956
2.8132341686058
3.12953665914181
3.28202325815811
1.38006734032267
2.99699524542628
2.11421346638562
3.13922545008725
4.66287984001112
4.51809292617742
1.56526618298149
2.51797009308873
2.81188888839882
3.84253174606
1.22047192047804
2.9319354155547
4.43678075719923
4.35508896436018
3.38382130465971
3.12953665914181
1.83044051699341
3.05128196310793
3.21803653671142
2.65437696523878
2.64740557570542
3.70854623201619
4.51152462125653
3.01801332887513
2.81436845462442
2.65345604626244
5.44242569591171
3.05690506181057
4.09481094436392
3.81819714873055
2.92401937133877
3.31904257754123
3.36924644788618
1.10345354468932
4.2777465079251
2.89867362121533
3.02761783531922
3.13838340995969
1.44417580464567
4.01267024999778
2.51877609345987
2.84486670949798
4.4404290789815
3.21803653671142
4.93494886235186
4.09481094436392
3.13922545008725
4.41215452573949
4.48119739958795
2.07274301654135
1.83044051699341
4.45128187375642
3.73589619307903
2.22189177246444
3.23684543958414
3.84846245591763
4.44980117890747
3.3675778689535
4.32715467713936
4.68214491168291
2.57688200700799
3.49170506557057
2.243527206126
1.50301642596904
4.0125099887124
2.99433265254379
3.23684543958414
1.91752781449631
1.50301642596904
3.43484751178777
3.06785984126227
2.90441846279426
3.49657095413683
3.95218266277436
4.44980117890747
3.81967784357951
3.36097263620121
4.83463151069921
4.83463151069921
2.01049325952889
2.51797009308874
4.56845599218369
3.50180948610364
3.04158633226907
3.04158633226907
4.31780886055082
4.35700702896772
2.3450765043121
4.39556240340706
4.79931903011018
2.38858341390362
2.51797009308873
2.9657207676221
3.11586742601023
3.61759941799114
3.92798898648651
3.54906316582892
1.79828050148609
3.11586742601023
3.84953019540787
2.58237113067932
1.79904429631292
2.89867362121532
4.39688171532148
3.84953019540787
4.39556240340706
3.17267404309684
4.39556240340706
4.39556240340706
3.62334425957009
3.11586742601023
3.66719124456321
4.51998682227224
2.06940517344814
3.63467135642963
3.23133470564341
4.86442529365443
3.2150912699372
4.17466807812306
4.2749854297757
3.3609726362012
3.89704297979851
2.65437696523876
1.22047192047805
4.1649965877287
3.61759941799114
3.63467135642963
2.56038300770241
0.879749660521689
3.20106939845633
2.84499799722219
2.67064034946283
2.7124803249436
4.01542533483663
4.86442529365443
3.66719124456321
3.51345923521751
5.23245742754469
4.68214491168291
2.11421346638563
2.24135629745538
4.67636994446381
3.49465033234478
2.30575733504595
2.73485772969562
4.43341166266616
5.17965303260027
1.61093037824917
4.67636994446381
4.95298374009717
3.08984796423917
2.33791735055325
3.52622925552399
2.54942822825072
3.05128196310793
4.88753545112312
3.62872101847951
3.80877376101498
2.12032783360105
4.45880507546932
3.69912284430062
2.40831917637438
3.34098562235778
4.19963354933472
5.17965303260027
4.16889311090397
2.34859301734788
4.50949362798403
3.57291639977451
2.54954997112701
1.6128510000412
5.15801759893872
3.49465033234478
2.85606985090774
2.30575733504595
4.20704328591034
4.45266606029618
1.95165263820552
5.01709220442017
4.61926628757468
3.08984796423917
1.61093037824917
3.19164601074077
2.81156574398138
3.21803653671142
4.88753545112312
3.40921087973527
3.80877376101498
2.81156574398138
4.84215471241211
4.08247248124341
2.79166881331716
3.89129813821956
4.0784214281226
4.45266606029618
4.50961537086032
2.30575733504595
4.08039323333436
4.12322891563629
2.63050267087707
2.54942822825072
5.34963154597196
4.12507625155099
3.94688908267441
2.38858341390362
4.20815794383645
3.5729163997745
2.23542558759775
5.30086515381239
4.6896681133958
3.17267404309683
1.89470332764139
3.24233456325546
3.89704297979851
3.84846245591763
5.10189948974403
3.40353708102332
3.08984796423916
3.89704297979851
4.77163114371468
2.99699524542627
2.21366841105988
3.82077456952213
4.166018677395
3.06543956621465
5.30086515381239
2.38858341390362
4.29184219655032
4.2859114866927
3.34673046393672
2.71211079930713
4.00213853730047
3.49465033234478
2.22738089613577
3.24233456325548
3.69956645235049
5.34963154597196
2.33791735055325
4.3884032496482
4.11178945401483
3.08984796423917
2.60005486628392
3.02468313182177
1.10537416648135
3.05128196310793
4.38005861756327
3.62872101847951
3.30129692745513
1.65568668234313
3.43771239317648
3.18550699556763
1.89470332764139
2.8275780789403
4.15679786703279
5.34963154597196
3.88092641608836
3.36354668446759
4.50949362798403
4.50949362798403
3.05702680468687
3.05690506181057
