4.63268827764564
11.0127537942067
6.79176741627494
8.62002434041167
5.69135683675268
2.84209522282197
8.93622205319318
6.74638971242209
5.41821414779968
10.6167755655194
10.32100672153
11.825921977369
8.81435703352011
12.2503589957712
11.9740338801121
12.0280047632935
5.56739017779783
10.9102221081032
10.3652764447364
9.67826079950947
9.8202188107225
6.57707702678586
9.040275287925
8.59410727312731
9.51555324700036
11.5612555481909
9.10357940249218
8.24089522038012
11.0990818320874
4.95120867045149
11.6035311440383
10.8548565505023
10.8496278994457
9.16588618686063
8.37409379524075
4.7520658082067
10.3952482958042
6.4393419731841
9.54381581116601
8.98691861884971
10.6796338807714
7.82961186931396
9.29092827449606
8.00918283757578
9.09417056548152
7.83255279665334
9.67321338682562
10.1739835617794
10.078729135293
9.01799680514294
11.8207283302008
9.72522268995824
9.30592707806027
12.2056629371793
10.3820394212106
11.271111575793
7.89558370659384
8.95061658226324
5.73673454060553
10.9448463990299
9.16842816951161
8.78081744063763
12.075337519609
9.49521043246109
12.5865663404863
8.90446101396264
12.9789517507581
9.97948418381495
12.908391699189
9.1887446306244
10.3709670634076
12.3696474442594
10.9753134110619
11.1588260591137
6.42786931961624
9.56770836152995
8.14934122253204
3.93974076383331
12.5981924010562
12.7417262910263
10.1436620741839
10.295564006353
9.81971820048376
10.4870349672203
12.9517165298615
10.8939229787904
9.90486991609783
9.82952313154314
11.7673639232807
10.0349961841095
8.94372660614113
8.23565818383263
10.136902751373
9.75244606803369
8.84539830030071
12.0679488666653
7.29076669200601
7.01984471099757
7.91591272926954
9.08786568690756
8.30398170689811
11.5027541112612
6.02559101477426
6.13046667876944
11.3273904572524
7.02054540371777
7.590759236493
8.83110341910876
11.435417760076
11.6588858748248
4.40646485636807
13.0570496868147
11.4177141801417
12.8006445579841
7.46540256685736
8.78467979822092
11.0346214755955
3.27807859817409
10.5585340458828
5.94632398404434
4.01207115364178
3.09064177512178
8.14371492375511
13.0871118647862
10.7564803976586
7.54962538911484
11.5856566776699
7.59739233646367
11.6588858748248
11.9106650559313
12.1734158933548
11.0429005426476
7.29795402467652
5.52673983480383
10.5244441942625
5.69802005726744
12.1638692589859
10.6984748273409
11.8696372393283
5.01790200627198
4.54384839361032
3.12736021141657
3.72181577510286
9.22844226698677
12.2216711879396
11.3471211452344
10.9703425982721
11.2366150868893
12.4479506112617
10.4091084919422
10.3516324441658
12.2272431151163
11.6660561522052
11.4873499507454
2.38955885963208
3.44459173530149
7.24056850691647
12.6754191415927
10.6142470768098
10.5093039235141
12.4479506112617
10.8705664532331
13.1654286086375
4.53316990594325
12.6993136098399
10.7645060239495
12.5987648600594
11.4829077298443
10.9143679360063
12.6018545378239
12.0820972028505
12.5270505884116
7.33906579652361
11.3613267888424
4.80822399507487
6.63167610991705
13.1589406231819
12.6759904045601
11.2047986457513
11.1526171087907
11.3147876040842
12.1161139140312
12.7444838788886
11.557604831978
10.782964722287
10.0912397701437
12.8340666876778
10.1461597631235
10.4743975240919
9.90534028782715
10.2989909218893
9.51109541839829
9.74669412056829
12.4525522466411
6.95574507144167
8.66281193272559
7.93360408816901
10.419197886468
4.37586486844793
6.11524376555859
10.7482964119607
5.42797044682693
7.19709160530545
9.10933965204893
11.5162882825094
12.0514951817675
3.97945716350136
12.926367909958
12.2084537334421
12.674024979269
7.44418966809769
8.46255403925292
10.7877433705103
3.82171711587493
10.6155085307652
6.20603972235722
3.40413739354477
4.17880170557374
8.02598550420247
13.0102810907002
11.1460498535431
7.33468731475766
11.1943039246642
6.63722467863582
11.8262584529649
11.5193123029256
12.4315203046098
10.7487534415922
6.73366280476783
4.64850390556058
11.4284046475557
5.64862674854513
11.215934720652
10.8087436714346
11.85674164613
2.59892731575147
4.68695329945963
3.39765209622423
4.4198299200177
8.82383706612542
11.5001485142801
11.3923297931337
11.1713204087009
10.7796999675748
12.8471407830695
10.6155085307652
10.3999272802801
12.5344903531539
11.6837191528129
11.6453893863397
3.65154572108257
4.70657859675197
6.86990423548236
12.0155666295923
11.0185991476614
10.7831108357323
12.8530107459597
10.9275409381155
13.4702205454846
3.86132808099674
12.8009722861428
10.9153185411292
12.7004235363624
10.5214234323811
11.211093248862
13.0858450237335
12.3654667112885
12.6178958757856
5.74649083963278
10.5793869559369
3.02021102823246
5.74047396933059
13.4668429419899
12.8297492508478
11.071921889993
11.2125774755959
11.3737724553383
11.7817353514113
12.9173926491077
11.6145793168604
10.8929533681447
10.3534274762981
12.7852974855362
10.4083474692778
10.5724142429685
9.49561433863322
11.2565118768073
8.04092037706742
10.4626817154784
12.3549219909797
