12.6132745040267
10.4216525257909
13.3640397966132
12.3107367461879
12.9737754642574
12.3191669653107
9.33176537894335
11.6350897080721
10.7167641239941
11.2271329852114
11.4852218070854
12.7153537658931
11.8444279058596
11.6858995040621
11.4857072993465
12.9678529960309
12.1873733300319
13.2937762490526
13.3297590716052
12.8726547054834
13.1423048122546
11.8905720146119
13.897379088652
13.3712893764672
12.3078259393462
13.9379355584867
13.0223829819194
14.0612860060452
13.9638477596038
8.71535212430622
13.2777780685009
12.5349951849891
13.6382790287316
13.2303223058709
13.2331556657141
12.5478742902626
12.6712377064186
12.6231519955411
13.5536668405267
9.10868753633599
12.7157826622069
13.1931658802961
14.2578800488826
14.0487206319317
11.9473249791156
15.006921748196
14.6464207879653
11.0772650842247
12.8954961452198
8.92512030996038
12.1740309028911
11.4055732197998
11.7660741800304
11.1247208468548
12.8835953299756
13.38288394215
12.0938562269228
12.3552817019763
13.6965309027125
11.4839269456289
16.347509365118
16.7426275643104
16.6228264390821
16.5118051098071
16.4976893909949
16.7426275643104
15.6578875942747
16.09893192816
16.428148291338
16.2978956757403
16.1832101180226
16.5428338490557
15.9028257675901
16.8391368076869
15.9376424363166
16.4513008851936
16.2668669364917
16.8750614112871
17.7701092772619
16.3838731789756
17.7701092772619
16.4996369333332
17.078987318742
18.1110417805887
17.2055250986855
16.2067245181571
17.363453146137
17.7582672708805
17.6083913194524
18.0150474505773
15.8539937548446
17.4948138985239
17.1199995846025
17.4948138985239
17.2498757252085
17.7701092772619
16.8750614112871
16.4976893909949
17.5133290975651
16.821851439906
16.09893192816
16.4516626914725
16.821851439906
18.1110417805887
18.4830316220573
16.2067245181571
18.8239641253841
18.8239641253841
16.2978956757403
17.1199995846025
15.8539937548446
16.680072802397
16.4351346290816
16.4351346290816
16.5428338490557
16.5769132665906
17.7582672708805
16.182580609632
16.4516626914725
17.363453146137
16.8391368076869
