46.7968168926615
46.5934410475275
46.516423856724
44.8276859581243
44.0482523286854
44.2322465013515
43.9212155514699
48.0103760721288
44.2889619767403
44.4787151538291
44.5585567347075
48.4273285452437
48.2917305487958
48.254282203063
48.4513998293869
48.7329361442765
46.2266046142436
48.3702691802317
47.9092307859979
47.773028863799
48.1173990471167
47.5410198539524
48.5856628838428
46.4469809201784
48.1142445200187
48.0292610256751
47.8989974262799
47.3776395829275
47.8547444475789
47.9104070490238
48.2430823569757
47.5722086342536
47.5651358363139
47.703166728872
47.276961095715
58.2662796596866
58.2029418077235
57.8770750767368
59.35878640317
59.4102730080422
58.2601054526099
57.8199625466886
56.8182683947718
58.5586363316341
58.0901546517654
58.1315334613148
58.5526484989767
58.4965402757258
58.154049051544
59.7499547926934
59.6236188412428
58.5914859490251
58.029342572202
56.8373988726738
58.7375782765012
58.3001251676843
58.3851712743375
58.6112315336582
58.5453345559079
58.2886771124848
59.7336554551853
59.6036732259186
58.3721175565561
57.886775743437
56.8244563984345
58.7415325907731
58.2810989273958
58.2683736314963
58.4092425821836
58.4683666296042
58.1238234663102
59.7626583208657
59.821916947136
58.6412908193075
57.7190288905022
57.064846791849
58.7784781869929
58.3808424094378
58.3896434513115
63.8573319942337
61.8569171902684
61.6872333839039
63.0507675860169
63.2321031976337
63.1395007866013
63.0323964948835
62.132196971843
63.1670508726027
63.5641197097216
63.6745140670724
59.8996506848513
59.4567872032741
59.0862497672471
60.0470978788899
60.3279730568693
58.2913609826659
57.6992739148608
58.3269998281673
58.4514092837027
58.8580754402067
58.6773764359842
63.5115966810928
61.5616809197633
61.3535471438402
63.0098294212665
62.8513063337497
63.1365820421078
62.6925752585106
61.5216322649255
63.2672751529827
63.4467020575834
63.2877203816553
62.7632361207251
60.6006777156487
60.3500025990113
62.174165967558
62.050860663569
62.4271838960396
62.1105474486978
60.9294025419243
62.5276540828857
62.9226768808865
62.6190238755498
62.8808486980646
61.0129286985085
60.8434524697734
61.9443432754148
62.0922489431607
62.5849540371789
61.9522641153711
60.9633422321983
62.5857209628339
62.3276320665946
62.7041163763452
58.6196425986867
58.1337940178223
57.9165691544329
58.7471097284415
58.7690935419785
58.5104879442275
58.2663039445161
56.3414571191131
58.5728879920728
58.6100162137656
58.6824166206167
58.3801970149362
57.7407970385099
57.5235351202177
58.2497535105709
58.4042693947333
57.940836030722
57.2541104980235
55.9119122751908
58.1930981153327
58.3036017585207
57.4954149531895
59.0874830732875
58.8064817584346
58.5032113352887
59.5593213136832
59.6282271149321
58.9277859537128
58.2578800083146
56.9293977883525
58.98078359858
59.0483375505039
58.9007279221276
59.2558794467304
58.8772956065511
58.5202351251209
60.0158582387841
60.0122839916127
58.0090617478464
57.4677400625281
57.9026606913158
57.9717151849396
58.0584096571586
58.1760137407836
60.2173358383922
58.2542929610623
58.1313668937435
61.14005613042
61.0405038383894
58.6762416654986
57.83097696271
57.8550882790105
58.6010915754304
58.6399194048647
58.8461932393225
60.7626140912706
58.6832174837565
58.4252143854667
61.652037742127
61.4158983419022
58.9221503413163
58.3834562955815
58.4093044802718
58.9428816273596
59.1736928870146
59.2299785185548
60.8094216161436
59.0981143460759
58.749907506573
61.4892271396065
61.1579585622609
58.9575733948939
58.3116174142724
58.4420961982643
58.9578589801405
59.0879606850242
59.1644742844888
58.9577659881432
58.8685096832063
58.7002608265005
60.7216488809222
60.4222927529027
59.8062838427329
59.3387076949161
57.1221675671647
59.8737014971122
59.8931453407181
59.784874658982
59.3312592703526
59.1473219843904
59.0645793301045
60.9520783528899
60.877228094838
60.5103859648621
59.9476422992392
57.4214551269446
60.6045678384587
60.5797783561861
60.5368180740177
59.6600303959774
59.2639699298344
59.0962162144407
61.1013781328707
60.9475178727238
60.5283649760851
59.9021125111317
57.5715524417118
60.6549771727291
60.6717420430484
60.5518675312519
59.3271720799176
58.9924407796609
58.8367432535009
61.1448317171863
60.8035171495835
60.4840974190098
59.8111084766153
57.2229337021197
60.3424388753615
60.5623926743603
60.4291122763171
59.0797850728983
59.0692015702645
58.9055336724587
60.7994427478319
60.5000866198124
59.9179795460126
59.4502993662969
57.1968815164869
59.985397200392
60.0048410439978
59.9044171390836
59.2799257376433
59.0342751597044
58.8672358940904
60.6989602524274
60.4567604334546
60.0206132394906
59.4782594078033
56.9815997247931
60.0830418896306
60.2974584044147
59.8193978357475
59.2545913764739
59.3073518091163
59.140209672661
60.8312278980339
60.669485581051
60.1075226207357
59.644457173369
57.5485115120499
60.2341348173797
60.3722820970892
60.1791293449022
58.9425489203519
58.976296379423
58.7863950475249
60.5462245176861
60.3792336534346
59.9392806679058
59.4818764711193
57.1168090517905
60.0738531150952
60.166776688993
60.0188476426177
