5.07859606035227
6.23104381976346
5.52431068440414
4.93484602024983
4.28585341118333
6.37321189073538
4.54203489229715
5.57530408173464
5.03716827481239
5.39730608374667
4.66164949180517
3.91192904464165
2.38188898193301
3.89103681457492
5.11425158657095
3.55632358341546
2.26817297297542
5.8762274997607
1.52929039482258
5.2695592514093
5.78109841186195
3.51524073395308
6.13448722293048
7.12926979848765
4.94470398898089
6.53715631961422
3.81589556974485
6.18243073970493
4.16090904566215
3.26482345022274
6.67675844381534
3.98477765251801
6.8487676327802
5.70996270024742
3.67298529214641
5.0507846194747
3.80872224694362
5.4360885428132
3.54865038126005
5.5148522983995
4.45394723228505
5.67551658437602
4.65884027916233
2.40049501667405
6.05691063983183
5.49226164806947
2.96259005136263
4.58007652357603
4.14638136651478
5.3598470311619
4.82397439662922
5.91708283269313
2.53755745941167
1.29894629134548
5.91307683655357
4.54502795482819
3.85929405567785
2.53290963358162
1.65251623663625
6.02019779252886
4.07860230962694
4.68148775706904
4.85513569302298
2.99449866396689
4.60191822159194
