17.8241742542578
18.0526346011078
19.4046759121964
22.808778878328
22.7648691226083
23.1046905239256
22.7657585353596
18.8810954867121
19.1103552047548
20.2631840017408
18.7018664422503
19.5047423435049
19.6693849689489
19.7662066595391
19.2237807991243
19.3466089343419
20.9734734790333
20.5881780577819
18.063334035744
24.5961559256485
24.418260504691
23.8996857100613
24.1037053416786
23.6626826461626
23.2678675981788
24.1411521038254
24.1024841388741
24.0689368200378
23.4468887733786
23.227573676908
23.3173099736446
18.3231944340769
18.9264145389367
18.6444601926833
19.395581619658
19.2057305395375
19.5634718742829
18.9713572721167
19.8107382097284
20.3652241852516
23.4589919655215
19.6017127881392
18.6872313828055
20.1282198967843
18.4925464187082
17.7247229056991
23.6246344013444
23.0764283175442
18.0339854423396
17.8563412063002
17.9802779057084
17.9372597425095
17.7546626112854
17.4960022562126
18.1781619471149
18.2196891322355
17.7913552340574
18.1976082477027
18.3362049531208
17.9890104280339
17.052561592245
17.6952167878994
17.7529301023046
17.8655661854784
17.7304638161132
18.3173905134056
17.8731147062107
17.7910636952292
17.5803623335751
17.9523204071236
18.4409977940686
18.1500394349835
17.7011351460381
18.3402238380319
17.2346337866275
17.9052780851943
17.4556740604703
18.4052396416134
18.0680793501444
18.0013720093507
18.4750482874936
17.9169500538081
18.6553273310519
18.1816510529089
15.4135569290434
15.3868938104988
14.7419666505539
16.5451043866285
17.0931451895386
16.0310386576194
16.5451043866285
17.440025993676
16.3830188043831
16.8804919707244
16.7568026064853
16.7832369081791
17.0266691425654
16.7583298215123
17.6049673150817
18.9937844365969
17.2472024618856
15.8784304661134
18.3216159230235
18.0908079731714
17.7527306439382
17.8913969124162
18.6168675463155
18.8604743717081
16.8718624281973
18.4697018218395
18.4263040286878
17.450467759826
18.5873448456991
17.6066373070168
17.2810747705125
17.5682455040835
16.9046846718186
14.9276285354512
14.4344737674048
14.6937478200143
13.9953901319069
16.3730215772625
17.0285970576355
15.9150994359887
18.8091027054751
16.5469931850799
17.0753273348108
16.2535384817022
18.114505664245
17.7238278828685
18.8241441227421
17.8287365234814
16.1736792463306
15.2763109449087
15.1616256649378
16.3213008564628
17.7951652810412
16.1245450217423
16.6350886359915
16.9129679479212
15.5712744741467
16.7319112690606
15.7762161570161
16.1869035887673
17.1843975938579
16.6090779140507
18.0113749324219
19.1743020479327
16.2340243040377
16.2751320506961
18.2662746138704
17.9872867015196
18.226176298268
18.1806258779255
19.125223710347
18.503124716886
16.8188515614862
19.0436291217268
17.9286131472173
18.5143352333074
18.321367554309
17.8158731041612
17.4616612451478
17.5630799019829
16.9145563956862
15.1131765091552
14.0783957200747
14.4868844825793
13.6393120845768
17.084174172446
17.5506093219177
16.0508651510972
18.8527388096683
16.317592869295
16.8673728836846
16.0379574198304
18.431789851292
18.0797212137105
18.4376139514062
17.9683008131436
16.2281929732497
15.9985874869419
14.9496485393998
16.3213008564628
17.5916182014061
16.8299106556517
16.7843033458864
16.8182669649453
16.1847049195206
17.2516684199484
15.9797632366512
15.5734731433934
16.4332538748485
16.0107380714256
17.8555439676119
18.9969401113864
16.2340243040377
16.0158579980865
18.7214512657569
18.3957754640241
18.5439397662922
18.8046357239362
19.5836628021479
18.4341768020705
16.9095768559666
18.3081030078074
18.6641392611367
18.7298563168135
18.5143352333074
18.0208147870307
17.7373707996396
17.7915288323102
17.1478998343857
15.3181181920247
14.4868844825793
14.0783957200747
14.0478008470814
17.1386878993652
17.2544535098713
15.6423763885927
18.7837908948529
16.3233483954655
16.9218866106037
15.3701946047163
18.6265354397847
17.9284679837968
18.3686660365908
17.3442909671329
14.9383226774196
14.7997149785915
14.4136831181129
15.9954344066171
16.9519639720317
15.6176700430304
15.9954344066171
17.0350138352767
15.9753631066286
17.0098532361135
16.2571257823278
16.670223733944
16.8248110292757
16.5622147062325
17.2969076195184
18.7919263233072
16.6928850354482
15.7506247434873
17.95713596637
18.2091008370947
18.156763874138
17.3601141610665
18.2742063686672
18.6070153953341
16.4608814428176
18.3197134686068
17.9881286789206
17.7087476145036
18.0769607996395
17.8960199386094
17.4568050943288
17.7193084598239
17.0557476275591
15.0813350305467
14.7131403008319
14.9723778631345
14.274056665334
15.7705172446387
16.9746587926679
16.191952178428
18.4546408972523
16.0916040171905
16.5859004393193
16.0703032142426
18.0124631308817
17.8175485932046
18.5454540914101
17.754256158908
15.3508557280763
15.1212502417685
15.0234278158417
15.3670937332803
17.4543886032326
15.8898574080221
15.8300962227039
15.9630570076859
15.4911774679822
16.6716483920109
15.2862357851127
15.6969232168639
16.2385335128518
16.1341881448962
17.9210818318808
18.965293611453
15.5404968524992
15.5985495805733
18.1759815133292
17.8500571033461
18.0123752811671
17.8504286007537
18.8431988529772
17.7078667284527
16.0184417219666
18.1801420512768
17.7240860135071
18.1934065977784
17.5693967517677
17.5381684155353
17.2058063145145
17.4140744081654
16.8260293436188
14.7545687263799
13.9233350169345
13.51484625443
13.4842513814366
16.2824133800309
16.6733689198589
15.1009542108619
18.0433269456821
15.8339997457158
16.0656120912694
15.4936446781869
18.2876788658467
17.551013559652
17.6423559629729
17.270133358142
14.22015360918
15.1175219106018
14.9216054984782
15.9042726341514
17.4475423924595
15.2393634339118
15.9042726341514
15.8029900408671
15.3503652089019
16.5115814251921
15.0743580593732
15.3971782030818
16.1992393584959
15.8491366942087
17.6302990753686
18.6026697601578
15.4442989183522
15.5073344952991
17.8987101082335
18.2259148350163
17.7824067265753
17.9124985528951
18.7296235315322
17.4470727799905
15.2553224894241
18.0545430299003
17.6098220698021
18.2607752554003
17.4437977303913
17.4509107773663
16.8778779099067
17.0325616190712
16.5574758166377
14.539022893591
14.0562819240765
13.797007871467
13.6171982885786
15.429933217474
16.6358408139769
14.9601419517816
17.8559622338121
15.4208002827272
16.0263179369136
15.4768937490047
17.9896302840512
17.2633994479031
17.3848749176848
17.1248219966214
15.415813321523
15.3246033359392
14.7723977361353
16.2268482068321
17.1833777722467
15.7305481257491
16.2268482068321
17.2730452204848
16.1073344031159
17.162845288813
16.3908631272888
16.7668455986378
17.1330645077084
16.766174144418
17.6128116379874
19.0143820037181
16.8476908791355
16.0875972606826
18.1239799242883
18.3757861443723
18.2514519891508
17.5543750156555
18.5037559820219
18.7017035103469
16.5348405314365
18.5307971670535
18.0789106113973
17.9200518675445
18.2399514284086
17.9699790272283
17.5696831770476
17.8512797563112
17.1877189240463
15.255137479121
14.8869062590992
15.1461803117088
14.4478226236013
16.1074897618341
17.3098175188754
16.4091286326731
18.6377410731955
16.2955634553761
16.8109283762311
16.2371471721608
18.2356772768058
17.9843925511229
18.6583321741288
17.9002033892251
16.384457540763
15.4889439666097
14.8547457056378
16.8025609028467
17.459447802416
16.6920238463483
17.1163486823754
17.2192698380254
16.2373493914046
16.9603695202184
16.4422910742741
16.0574068605885
16.927299784961
16.406783690735
17.8249215074229
19.0831935668599
16.9215051008679
16.4650440581235
18.6908031762797
18.0373687540448
18.401975785142
18.6137936720183
19.3311861040593
18.8784668830597
17.3101560322185
18.6490243712154
18.5062999617266
18.5282192453005
18.7437403288067
17.898688812389
17.6206513072493
17.7734519505054
17.1686689897613
15.0634133668921
14.0286325778116
14.4371213403161
13.5895489423137
17.4900892717464
17.7550695921475
16.0433792616728
19.072726650062
16.7242885231471
17.2458943483483
15.857069076087
18.5958873503075
18.290205797236
18.7971486943315
17.4921989527652
15.5087934321686
16.6323439820677
15.0473386480866
17.152448573343
17.9088334684684
16.9680344955239
17.152448573343
17.3663313332926
16.7596303613711
17.7416072717944
16.3858465592688
16.0570750979501
16.3711584543065
15.6803421293783
17.7756853245924
18.5274996811102
16.808243213041
15.9678858045763
18.3294259370475
18.718254338341
19.0820832074107
19.1360501331285
19.7418064897442
18.9990656080693
16.9117380484133
18.4081682843873
19.270337217885
19.0228892723918
18.2803470734704
18.7147059548555
18.3001127788175
18.1048747711711
17.6297889687376
15.6911759222402
15.4874757976186
15.2043997956699
15.0483921621207
16.5196750754745
17.3632820749495
16.1919413208816
18.5562959891052
15.9197685330109
16.735887371613
15.2726876909249
18.2345101110753
17.5045139540609
18.8859047473326
17.1402238203288
15.9450772227803
15.1512031525052
14.5943909703599
16.6283520417093
17.1360383577986
16.8115964042543
16.3145642621806
16.7957501299875
16.2388980026312
16.6133560893615
16.6473867651357
16.8639579728282
16.3085913461909
16.7855781050464
17.4781774963693
18.8987367472144
16.4586147679294
14.8130865885701
18.0734320089654
17.6294732824597
18.4465048708718
17.7156525464402
18.3947360356997
18.7915835389908
17.600996421233
18.478988600118
18.1821087708341
17.8696123260224
18.4307931901566
17.9818023875056
17.7284587095877
17.8851386640486
17.2142163418205
15.2767538605785
15.1679698019475
15.4272438545571
14.8505359674305
16.796562988045
16.5051139189622
15.8036873310072
18.6392090409091
16.3130228807656
16.6436179604671
16.1829457948823
18.1800593835801
18.0764669852014
18.7300222350669
17.840548972934
15.8890517167401
15.4546859047419
14.7697394201704
17.2343631895596
17.415012154234
16.5825475092234
16.9205754100309
16.2739468306701
15.7640812237609
15.7960324696192
16.1725699862655
16.1747686555121
16.1443330556141
16.5914989544735
17.6523115309323
18.6952267410651
15.9719602734093
14.5693010050522
18.1601429337946
17.1356945928106
17.6154250554428
18.2140968879376
18.9369333463006
18.4737834875888
17.4176717135524
18.7579623965535
17.9848773680749
17.9330650389517
18.5570748849624
17.2741379435231
16.8881610914107
17.0772458998827
16.4063235776546
14.3932681312169
14.23041986449
14.4896939170996
13.9494038654218
17.0988313250342
16.6147305224763
14.9397494330322
18.8092437048182
16.3782177828023
16.5682422567441
15.9718664715747
17.842696535634
17.7448226766259
18.408272722109
17.829610388688
15.7690000139215
14.9682757440559
14.327361501242
16.2928362508965
16.792351838777
16.6013460750715
15.9790484713678
16.9796293234257
16.1787116515378
16.3208633240978
16.4344768679089
16.446106392732
16.4942365881028
16.3677265249502
17.3638216790411
18.8843664340791
16.7828121469184
15.1280962756712
18.1586316433188
17.869066178431
17.6892357710529
17.5480270102524
18.3228103228953
18.7196578261864
17.3000207975699
18.1402166235096
18.217120596328
17.0779769438239
18.2284626935666
17.355740922468
17.1900266020734
17.4236047757001
16.7526824534721
14.6836276179032
14.2048725740603
14.4641466266698
13.7657889385624
16.6012310714476
16.2856688806522
15.4889695034765
18.5725622224232
16.2821866211797
16.4388551882934
15.6203834092039
17.9443809269419
17.4974687926087
18.663375416581
17.4226973928378
14.9227566176391
14.9494197361837
15.1072315700408
15.4443690763465
17.5316639462989
16.3766581777169
15.9073715657702
16.4936580376526
16.0265378464078
17.2058759135879
15.8215961635384
16.2565192277367
16.0974087200238
15.9978227005271
18.0409849923641
18.8387567922606
16.1000928633719
15.717319884208
18.0638517014072
17.6251985334744
18.5289783558019
17.945469591746
18.9382398439695
18.2227037546138
16.5533017165161
18.3138347646752
18.2775747620743
18.3270993111769
17.3831899043021
18.0712623616109
17.67172048759
17.9213699220795
17.3596236735706
15.2538296985213
14.4225959890759
14.0141072265714
13.983512353578
16.4023165405142
16.7932720803423
15.6363145892876
17.8372340927748
15.6654262343726
15.9281137900517
15.3815148662649
18.150180564629
17.4135152584342
18.1958447115401
17.0635317081848
15.571519036428
15.9119699345013
15.1707705975491
16.6290329302287
17.7221462721486
17.0761449966771
16.1660304408051
16.6457968590955
16.4793123060872
16.8552481905836
16.2551817406999
16.3062363127547
15.9761714031325
15.8527316493983
18.0041512315378
18.8553072100416
16.4097279670157
15.2801512288518
18.3524245753426
18.033834030122
18.2547599871387
18.5172815442964
19.2109453989382
18.4682045172633
17.199958002876
18.3213091766992
18.7749893476924
18.047231477868
17.7620368774061
17.7782508468576
17.5589450837661
17.7822539761497
17.1232754151016
14.914323989847
14.5195683360346
14.260294283425
14.0804847005367
16.9044746101919
16.4415115004893
15.1637739526269
18.0714314458605
15.8362865230052
15.9684022271544
15.0612527176733
18.108780109868
17.1935050154838
18.4119221076579
17.015302211018
16.1312779808668
16.4717288789401
15.546708998612
17.1008002813927
18.1939136233127
17.5479123478411
16.6377977919691
17.1262398946054
16.7866085433343
17.3581865205379
16.6113338807552
16.6135325500019
16.5149891289479
16.1600278866454
18.3114474687849
19.1626034472887
16.7170242042628
15.6394041351221
18.6700714448191
18.4601076860628
18.68885724811
18.9416910133768
19.6450426599094
18.9023017782345
17.5867825498133
18.7617672307992
19.2154474017924
18.4818001157203
18.1966055152585
18.1650753937949
18.0307124349302
18.1014939745768
17.4305716523487
15.4740829342858
15.0793272804734
14.8200532278638
14.6402436449755
17.3354916308827
16.9444498304437
15.7329047530046
18.5232893953012
16.192514654319
16.3994192478452
15.3685489549204
18.4208292726208
17.5008012527309
18.8508996430825
17.4021267579553
15.614550490209
15.9550013882823
15.2138020513301
16.5550819207148
17.6481952626347
17.0021939871632
16.0920794312911
16.6574882550512
16.5015698543004
16.8175135717201
16.2668731366555
16.3284938609679
15.9878627990882
15.8749891976115
18.026408779751
18.8775647582548
16.4319855152289
15.2424166099883
18.3146899564791
17.9453232882364
18.1740728502835
18.4269066155504
19.1302582620829
18.387517380408
17.104174756294
18.2473581671852
18.7010383381784
17.973280468354
17.6880858678922
17.6824676002756
17.4849940742522
17.7445193572862
17.1455329633148
14.957355443628
14.5625997898156
14.303325737206
14.1235161543176
16.8667399913284
16.4037768816258
15.1754653485826
17.9974804363466
15.8669664511494
15.930667608291
15.0835102658865
18.0710454910045
17.215762563697
18.3379710981439
16.9195189644359
15.6243395712407
15.1899737592425
14.0933089131391
16.3898608071838
16.6070014490482
15.8605478148542
16.0760730276551
16.3673772964799
15.5278617743852
15.9874277180841
15.7691316314767
15.387077170666
16.1306901982901
15.7795718371803
17.2057215926309
18.463136449847
16.1322716873568
15.5350586738998
17.9836533905887
17.8143382475571
17.3661546292144
17.6667666760216
18.4512377805553
17.9880879218435
16.6727182897017
17.8851697876246
17.5105651609446
17.6399076329479
18.0136914350502
17.0313533207059
16.6439739303489
17.0759765258187
16.4050542035907
14.4126600585066
13.9339050146637
14.1931790672732
13.4948213791658
16.8476308892634
16.8072586277899
15.2360422365709
18.3423138560373
16.1025206959143
16.3159089641246
15.0470334983046
17.8887375646166
17.6497124977618
17.9612288787699
16.8770557139239
16.5045964986786
16.0702306866804
14.5023947552961
17.0513572928634
17.2684979347278
16.5203078603421
16.7375695133347
16.8127370871079
15.7780739223698
16.3937495238525
15.953348584949
15.5116469984418
16.4277239970111
15.9637887906526
17.4115353903303
18.6344215858062
16.2568415151326
15.8172667194506
18.2700120506986
18.4375632670385
17.975225773143
18.2899916955029
19.0744628000367
18.597159065772
17.1920000839519
18.4220929894429
18.03333448721
18.1768308347662
18.5506146368685
17.5506351149561
17.3037339758367
17.3420762287067
16.6711539064786
14.8952581461941
14.5735310980743
14.8328051506838
14.1021558412514
17.2892958935073
17.2489236320338
15.7006050929371
18.9241588424202
16.2867376493866
16.7232953319678
15.1716033260805
18.2516345742077
17.8734005340778
18.4839982050353
17.3963375081741
16.1249886318292
16.20917092505
15.4856058737925
16.5736823037573
18.0752844081817
16.573397837397
16.1106798143337
16.4471601606982
15.901559438068
17.0830810068466
15.7262847754888
16.13697220724
16.7101546089808
16.3551933666783
18.2503443439654
19.3577689273216
15.8319750989965
15.800889065819
18.5882809470563
18.8501985728459
18.5486750675087
18.4086479882986
19.3257428088429
18.1588852466359
16.5758571173242
18.6372129682255
18.2600537446559
18.7657346156511
17.9834620510443
17.9728935347886
17.6897495370877
17.9018896096107
17.2309672873826
15.4060113540285
15.011255700216
14.7519816476065
14.5721720647181
17.0729336769926
17.0848015346947
15.648815946056
18.5360444702055
16.1854129712149
16.3931298988075
15.5637144349533
18.7936804426518
17.9711566620857
18.1074831114839
17.5553056080302
15.7493595372131
15.262420883978
14.4433864780929
15.7149075181352
16.9852248630785
16.9773667889098
16.1779100075588
16.8083580925903
16.4206133836049
17.2911855624125
16.2156717007354
15.8093816074776
16.1523224371481
15.8311893175676
17.4197266089014
18.8252902806399
16.4699327681219
15.5077630779734
18.5268494137673
18.1092816865606
18.693161948024
18.1982423856086
18.9772694638203
18.5833989838024
17.088004811184
17.7109783111226
18.8115953943948
18.1327316201288
18.2371100974867
18.1974766937743
17.8865929813715
17.9608800476952
17.3838082984699
15.2547419739303
14.4235082644849
14.0150195019804
13.984424628987
16.5054146569597
16.6211802674658
15.6324675162376
18.4972971173893
16.1209829384609
16.5448819730507
15.1906458508583
18.4319335877952
17.7338661318072
18.5178882183226
17.1011568387078
15.6282736978922
15.4512410528212
14.8212184889672
16.4798182203338
17.3878225707188
16.3498927661484
16.1660304408051
16.7809094832658
15.8955488810035
16.7201355664132
16.0708235435827
16.4815109753339
16.384660165637
16.2265154515005
17.868160894306
18.7616516028548
16.4097279670157
15.8927209454811
17.8300620991181
17.9729358013394
18.2547599871387
17.7350089796897
18.7216712794839
18.6783174559408
17.1092327083957
18.7297979392037
17.9580118226834
18.0819364382702
17.7273319170039
17.8763565019044
17.5418076441476
17.7628848509389
17.0919625287108
15.1475380897724
14.6687830459295
14.9280570985391
14.2296994104316
16.8903725244673
17.123376401328
15.9807514776359
18.2833104330119
15.9443657723769
16.1035148513248
15.4697414801778
18.0017516187122
17.7106945232962
18.6220350463355
17.3890860131203
15.4312592875777
15.5154415807986
14.5090138543868
16.2846221806871
16.9692467601025
16.1937381682564
15.8216196912634
15.8843670362886
15.7091054930695
16.3177684912916
15.4533402766984
15.136971592809
15.7683013353943
15.4698232265689
17.4228864130577
18.6315029444177
15.6489520095745
15.1691947345613
18.2972355712412
18.2036609225361
17.7808419212225
18.1705991004932
18.8665346493965
17.5857976888425
16.2568859547063
17.5742990809007
17.9002379839931
18.1113094908308
17.7375256887285
17.2470681950745
16.9016011054426
17.2447742768578
16.6668563816126
14.5420196681475
14.147264014335
13.8879899617254
13.7081803788371
16.6298488029711
16.4402618316027
14.7914897498563
18.0469202571829
15.837509846519
15.9500450247861
14.678344294844
18.2023197452691
17.5110883750272
17.5295152792372
16.509600383073
16.0301936160224
16.2468079258561
15.1859575466325
17.3156813171782
17.8637221200883
16.0580101898652
17.3156813171782
17.4719682970418
16.1326971149914
16.8015927787332
16.5064809170936
16.5086795863403
17.4833593771568
16.9234653500629
18.0263714484847
19.1716732093629
16.9989940245174
16.3735927193318
18.5258906296821
18.5105513800056
17.7526780156035
18.6247640609692
19.3565105140137
18.8586556948997
16.8208674785911
19.1841072253262
18.4010138361416
18.1648731633126
18.9818506883217
17.5454766793852
17.2939108901664
17.3179238146918
16.6543629824269
14.7563993861995
14.4519402859211
14.7112143385307
14.0128566504232
16.9781386611858
17.6202908315902
15.9405579250779
19.2332603215797
16.7121287136305
17.4253086707304
16.3944383778057
18.3089849355305
17.864727778972
18.8072535597477
18.1873719310185
15.6217048535179
16.5190731549397
15.5944463091371
17.0906184670809
18.2173963750165
16.4664989523697
17.0906184670809
17.0634795345373
16.5064809170936
17.2100815412377
16.1326971149914
16.1348957842381
17.0748706146523
16.5149765875584
18.28856965156
19.2653288165496
16.5905052620129
15.9651039568273
18.7834138088141
18.7698254326151
18.161166778108
19.0332528234737
19.6491748581149
18.4848718927974
16.4123787160866
18.7756184628217
18.8095025986461
18.5733619258172
18.5733619258172
17.7966921819988
17.5696204446582
17.537937547365
17.0628517449315
15.0076148888131
14.7112143385307
14.4519402859211
14.2721307030328
16.5696498986813
17.2118020690857
15.5320691625734
18.8594765194775
16.3383449115282
17.1530434416467
16.1351643251961
18.536189503878
17.6447140462989
18.4334697576454
17.778883168514
15.6282736978922
14.9882385633976
15.0763168444589
16.1660304408051
17.6206031456171
16.3498927661484
16.4798182203338
17.0862620651404
15.9885721368175
17.0254881482878
16.1935138196869
16.6042012514381
16.6900127475116
16.3546497539268
17.9922124649917
18.897031555374
16.6513219667085
16.2065087250098
18.0040572194433
17.5099333119158
18.4881874975521
18.0002737972089
18.9496547635753
18.7663027716429
17.1092327083957
18.8772972459436
18.1962364239036
18.357277240915
17.8554662194301
18.1044882025969
17.6870089895539
17.9138203159545
17.3090373552104
15.2405613455864
14.2057805565059
14.6142693190104
13.766696921008
16.8903725244673
17.4287289832026
16.2223454773287
18.3712957487139
16.0670560484812
16.4173026308535
15.7835292597065
18.1545193587333
17.8094814899419
18.7100203620375
17.5172203155465
15.9259205955804
16.2189676294721
15.724738484497
17.1614637483734
18.3094151841604
17.7707713548915
16.8723369792289
16.0179394291177
17.1928259560285
16.179828932647
16.8440852318254
16.9057338036729
15.3501781600151
16.4849087642901
18.589530579053
19.3345575818471
16.0191366612272
15.4011403363187
18.8306316095414
18.0492897280006
18.6552057480345
19.0459339572121
19.6804624026157
18.9377215209408
17.6708247667252
18.7690052003666
19.1879804109575
18.6011149457416
18.2812153848775
18.2564260529566
18.1303277621083
18.2867041808591
17.6858536000273
15.6504297823178
15.2681056135025
14.9203316096911
14.8897367366977
17.314037372227
15.7660922425528
14.4721579404673
18.5703001262948
16.4374571081684
16.5745793339141
15.7871978526118
18.6132303145774
17.6963392530799
18.9013912719748
17.4294900027968
15.1819802676958
15.5224311657691
15.2535118268218
16.0964334782807
17.5980355827051
16.5657200902274
15.633430988857
16.438152803922
16.1518811274597
17.1485568888694
15.9766064648805
16.3929103254691
16.0419034862931
15.9337892332753
18.0852088154148
18.9523501108295
16.1065324208353
15.5041647429282
18.1740759932714
18.0796299326723
18.5221226687312
17.957978908989
18.8750737295333
18.1305667993846
16.5796614237984
18.2016157751019
18.2468071835906
18.3301374225275
17.2279652970567
17.974931792789
17.6820717899182
18.0766955312842
17.4795229283005
15.399027063052
15.0042714092395
14.74499735663
14.5651877737416
16.6540280755185
16.7359530556238
15.6427541467509
17.7654758300318
15.6999115277098
15.7149586487719
15.1665459339974
18.2774413093221
17.5351854934795
18.0942365504187
16.8034943944449
16.0435259703016
15.8754274100531
15.6545699574384
16.9472831270766
18.4706558907096
17.7813724039261
16.6173609954364
15.9989946070393
17.0492708562486
16.8322617435632
16.7654289050295
17.2355615185904
15.7706355440354
16.9177326816396
18.5612089022623
19.7787758920787
15.8969874410196
15.6436578527061
19.0047928492331
18.910833704276
19.5176089888049
18.846672952424
19.6817821873989
19.1968904107139
17.7647122593127
18.9193247293227
19.1894263308728
19.1599232372022
18.5124164669556
19.1672910705531
18.7497108611155
18.8303140573852
18.2270939525255
16.2820053572789
15.8996811884636
15.5519071846522
15.5213123116589
17.0334011204645
16.1526633485904
15.1368918102153
19.0264717478179
16.6776739498312
16.7201092714306
16.2414276495336
19.190239920995
18.367716140429
19.1104054198558
18.1616214200517
15.8725353237512
15.7518406276843
15.2120961198026
16.3987398501226
17.9003419545471
17.0794393947672
15.935737360699
16.7051877915423
16.4246591130899
17.5384549280662
16.2493844505108
16.6814777618343
16.4768287285384
16.3744574735305
18.0647314615298
19.3829842783624
16.3764806535908
15.598993651622
18.6090012355168
18.8841995586517
19.0611029275753
18.2714121708681
19.1562048833875
18.6713131067025
17.1535045446342
18.442033996689
18.7468405586413
18.5706895341918
17.9578877243474
18.5487749136248
18.195791094458
18.4249892846326
17.7540669624046
15.6573936141203
15.2626379603078
15.0033639076983
14.8235543248099
16.7732535751399
16.8588565330934
15.9068435769002
18.5060612459364
16.1346766852741
16.2709331516059
15.6043844213778
18.7944483072787
17.9719245267126
18.5899949179743
17.6070926774435
16.5691839382583
15.9773450011538
14.8722973928316
17.7439512776642
17.7543710695414
17.7813724039261
17.4343385204454
16.7212711490725
17.0966523612207
16.4623708312654
17.4577596187531
17.0728754050676
15.9768571434029
16.9177326816396
17.9491578718104
19.4072806093775
16.7139649660286
16.0172017695886
19.04287107427
18.6017436444348
19.1438251867026
18.846672952424
19.5838634317905
19.8001247617111
18.5816897843217
18.8846197689204
19.224131291275
18.7514344746977
19.3293939919646
18.7588023080486
18.4740013066237
18.5281253624558
17.8572030402278
16.0576133086607
15.5519071846522
15.8996811884636
15.1128235491543
17.584005899371
16.5997499613016
15.5453805727198
19.6297060988152
17.287313115021
17.4074409678418
16.2414276495336
19.0088173431449
18.7471005357719
19.7136397708531
18.1616214200517
15.9622120351167
15.7841148279709
14.4557611802437
16.8143559733243
17.007841551015
16.684430519139
16.5005681937956
17.1063886587502
16.2668731366555
16.7228125887443
16.5015698543004
16.0952797610426
16.1922706074679
15.8402842372092
17.5442994417394
18.5384158850791
16.8404742777334
15.8549863266176
18.0589328258209
17.8807948241196
18.1740728502835
18.0531228134481
18.8375939179818
18.7960061429126
17.4219382243182
18.2473581671852
18.2925495756739
18.0079854287563
18.0618696699945
17.7805732553224
17.4678566346336
17.8463279459144
17.1673710819137
15.1905695435534
14.7118144997105
14.9710885523201
14.2727308642126
17.1664256851325
17.126053423659
15.9924428735916
18.4059691988511
16.1632330959433
16.37956801199
15.0835102658865
17.9640169998488
17.7133715456273
18.7464598606485
16.8848140040337
16.5684647804292
16.3914321353582
14.9397720983868
17.4267186925718
17.6385465573104
17.2967932383865
17.1129309130432
17.7137059661376
16.6779782393247
17.3301298961316
16.8532529019038
16.446962808646
16.6559024911712
16.1919672848127
17.8959824893429
18.882200009571
17.1921573253369
16.3371253117126
18.5177904744634
18.4537439361832
18.7495765592367
18.6286265224013
19.413097626935
19.3715098518658
17.9230988807488
18.822486541926
18.8676779504147
18.5772243872493
18.628554031598
18.281733911753
18.0802193538811
18.2261689820168
17.5552466597888
15.748092707227
15.2951863489378
15.5544604015474
14.8561027134399
17.7737429925199
17.7333707310464
16.6165266365832
18.9924974689324
16.5149161435468
16.9858207573025
15.43519331349
18.4994129979725
18.1369905214873
19.3201077167137
17.3718207849115
16.6931526151798
16.5813976631386
15.4573751735864
18.1244766794208
18.1553824593723
17.908000953065
17.8353499102763
17.0075127816346
17.1940226938434
16.6239367116286
17.4778646450625
17.0715745518047
15.9497093066682
16.769947453324
18.3698017015458
19.3115448802302
16.7126641127657
16.3091562558409
18.9471353451226
18.4694273218816
19.2356207787387
19.1831552650095
19.9335081288165
19.8919203537472
18.6250318899077
19.2649384240802
19.3448347929711
19.1317531298575
19.2177877346084
18.8021444136345
18.6006298557626
18.655513852676
17.9845915304479
16.3283730429019
15.755979194839
15.967849383267
15.4046459903939
17.8973662651957
17.0271775465434
15.8465748698984
19.5129079708139
17.1395278867054
17.2382498599539
16.0722365416457
18.9287578686317
18.6106667996303
19.8405182185952
17.9610544879219
15.7469113032159
15.4632987124193
14.8928619773405
16.6301839499003
17.5147334816518
17.5080549961317
16.1671814604766
16.5350822059688
16.7856840894356
16.7540184639166
16.3771953269311
16.416509476445
15.919789119746
16.3104449839724
17.6737313408751
18.9824672894399
16.346182707318
13.9571493296824
18.4840404054745
17.4504649339135
18.5220044402077
18.3098687537996
18.9168807937591
18.6125751904446
17.5582294648821
18.0507145596683
18.9345876967896
18.0327863663695
18.208031872507
18.229907171388
17.7151005728187
18.031146548189
17.4279264433293
15.404988145092
15.0929251684702
14.8336511158606
14.811909169402
16.5791058704351
15.9654633668392
15.1965196814198
18.4602006923629
16.0971638123011
16.3243037665101
15.7354972984991
18.1665940073139
17.5078894689992
18.5510138865207
17.4766179146768
16.8827768614627
16.2584846997166
15.1344622101644
17.7180233582638
17.7399169771575
17.8413565944954
17.4198844280615
16.940868423065
17.1273783352739
16.5572923530591
17.4112202864929
17.0049301932351
16.1393335529511
16.9595716996069
18.0468887381239
19.501169126513
16.6460197541961
15.9862432924189
19.1367595914055
18.7311621685085
19.1749014676119
18.8025363930187
19.5528892568257
19.8312010426205
18.6064790269964
18.8843195520894
19.2841154818444
18.7511342578667
19.4795225812352
18.7835915507232
18.5339854971931
18.5888694941064
17.9179471718784
16.2617286843324
15.6893348362695
15.9012050246975
15.3380016318244
17.5744533017737
16.7032000210466
15.7799305113288
19.784243585658
17.3291521329883
17.4278741062368
16.2618607879286
19.1183821149146
18.8002910459132
19.7797989074685
18.2765550614276
16.7591535887869
16.0674546098614
14.6168591349648
17.0202653714149
17.219506475276
17.2301488798169
16.7064775918862
17.647061607568
16.6113338807552
17.2634855375621
16.7866085433343
16.3803184500765
16.8455267374541
16.3815915310956
17.5730695259209
19.0718242558538
17.1255129667673
16.0142123482906
18.7074147207463
18.7154787828101
18.68885724811
18.2480076504105
19.0324787549442
19.310790540739
17.9045460178375
18.4418676699351
18.8069586392879
18.1966055152585
18.8902888782248
18.2631810488417
18.0135749953116
18.1595246234473
17.4886023012192
15.6814483486575
15.2285419903683
15.4878160429779
14.7894583548704
17.4497654670231
17.4093932055496
16.5498822780137
19.2638330837765
16.7045403898296
17.1765095656602
15.6248175597729
18.6890372442554
18.3266147677702
19.259388405587
17.6873213584171
