3.17134383829023
2.73215632162208
1.65353549568184
10.0321920041727
11.6617544291037
10.8062084439043
11.2258555042903
10.3703095190909
10.4680909289861
4.00400148484272
11.4916187536285
3.38200537506537
3.22043881873829
1.31541798076367
2.50908148088129
3.08550391485033
3.69974887206254
3.65065389161447
3.42757905087367
3.47667403132174
2.88232130382012
3.41120025422911
4.3296978242215
4.05309646529079
4.37879280466957
10.4769515185724
9.69785737388826
9.59039427905432
10.1326810457663
5.351876475072
3.26518271271449
4.12072869791393
4.34035668299262
5.01375896015384
4.4588462128321
8.88026748799788
4.24414093199949
9.84790973367073
11.1196249466683
10.4707985606845
9.27713506056686
9.71376009997401
10.1786692398583
8.7569016670782
8.44364244859073
9.86541002137079
11.4577424615865
8.73484829385488
7.90135568187875
10.3020350607779
9.32312325465882
