5.82169431973982
5.39315448419818
6.06532733242254
5.70986699611033
6.7953610308472
5.66879534886142
6.59436686804595
4.75445122250875
4.40093913294263
7.84834380758318
7.40765980184946
6.56168786799481
6.79861758175022
6.3978109140988
7.91879580536784
7.02952445919954
7.60778291789262
6.44087481043799
6.47152857519892
6.01812154442104
5.70065009029312
5.91109469979173
6.64341381404545
7.12783551685824
7.36433695410963
5.62299860558987
5.39048329400467
7.11151598616402
5.57244950479067
5.64843872777901
9.27646126099845
6.64725619375427
5.35655362864063
7.70875442661556
5.50044651585085
7.0148846000009
6.07490703791005
7.35215022629907
5.85185284660004
7.6033535589086
9.88814376036667
6.38928865521934
6.09739283915148
6.91764031389229
5.87218909745864
7.27982175331072
9.01587486174051
6.04873912500268
7.02332493421033
9.44247172073629
7.04416911520865
8.16596922416139
5.52308136147396
6.93168528416299
7.37680518669119
6.69160229842742
5.76179775165999
6.39208907069281
6.01386982996878
6.44198449860471
6.68656417717781
6.37495974311749
6.92966107520517
7.37640765844343
7.47464676765416
6.45525278817659
6.74717400250078
6.1034269029781
7.22883738532771
6.41012975717301
5.62317303220009
5.8022873391776
7.31185916971107
5.99228712197654
6.00263751020301
6.96198776221908
6.53643654364718
6.33735782712888
6.93322199513703
7.66090488745919
7.04457083431232
7.38756783848399
6.81421028726653
6.47633157451219
7.15347833010535
6.706674888037
6.07383484492473
6.48589502443786
6.15155875168976
7.1850179680513
7.06347318171846
7.97740082319748
7.16461640431008
5.78915109074451
5.03067160588288
4.75873006178908
5.56293806098555
4.75445122250875
4.98165104997541
5.11780746129364
5.42771516009007
5.3571005452496
4.74067335245366
6.90686575919072
5.6008183083222
2.62398039315478
3.64310723570943
6.90189365508166
6.40635386766439
3.82127465003865
1.58091645233339
5.02515009926286
8.24471004091192
7.40262674067866
4.74058794784627
6.45909604007578
4.89959582961226
7.95556426288183
7.31557562021499
6.25398951703045
5.95597900293166
3.85966833420479
6.72268952473615
6.22959910101901
5.64502462011928
5.29752844632473
5.97667920542332
7.66243809826823
3.24677502959903
3.13591863897729
4.03458552708938
6.27085696524556
4.52731444584703
9.2550247325264
7.54166464514168
4.35814828077326
8.08272172741223
6.0598981523985
3.86265641033781
3.66745483145453
6.68913741487426
3.3765542241578
8.97930242845607
9.06065529674853
7.44600308082921
5.98052274832092
7.50199557146537
4.002757432737
7.86946918489
9.62902370473576
5.89118681049582
6.45168823098216
8.60882273725792
4.03075012757762
8.48920467356648
5.43098514437846
6.13119389031069
7.33284250443417
6.02866733082914
4.90818831599911
5.90570116062489
4.8512950913536
5.87450201783671
6.80406743458278
6.49195261869598
6.91197031656291
6.74067399481574
7.6204671773812
5.3637957209961
7.66173320281306
5.43401958224439
4.47715626697025
6.31788097434463
5.04436303035833
4.98254447928697
5.3253671555728
5.25316990168565
3.15003609981312
6.95079418118807
4.29693988030544
6.24817356442801
7.04477439217808
6.66276724838526
6.50871272994542
5.84025174660721
5.23083196165204
4.74932477298316
5.59180931959971
4.32576583974234
5.01208990422831
5.51539238388136
4.09937630227624
6.36355582494305
6.38751521894484
4.92584424023739
4.02933719524978
5.92105740340925
5.90411000423555
4.21079209324467
3.76277418938433
1.87566157456127
6.90172506601727
5.18426880560047
3.01019371885303
1.25995436417035
3.22054126540716
7.4460710435299
6.3821114091953
4.07200805906425
6.56178991947258
5.39194627020404
8.09142208473705
6.87402796060642
5.65024986960935
5.91466328917308
3.03733830189719
6.47409734526457
5.46030383481229
4.96837853616988
4.11160453558696
5.87437423264191
7.55686606724511
2.18218707384337
2.27617543546193
3.81721221562289
6.02226478577398
3.94326197977853
8.67650972380446
6.78933223871331
3.26752541906461
6.94079482843282
5.66729637977154
3.37238122003546
2.37329642108249
6.44844225263792
2.92051287728553
7.36861509086303
8.67698234014438
5.93752139872883
5.19581244254864
6.00144432845288
3.58145358979067
7.30311326040943
9.00748146119975
4.95697491287831
6.7329342812351
8.22514978065379
3.4010225780272
7.69131851213113
4.347173937637
5.56393257354751
6.55917281005901
5.56118553083132
4.68610031255315
4.72385697188117
4.83142404757774
5.3719350657747
6.34363315185112
6.03151833596431
6.45629384991146
5.96552058644938
7.06706706130416
5.14917282645311
6.66077974067743
4.79315647452582
3.69023782872669
5.48223076559987
4.70453693637334
3.45290584353851
4.59391057620918
5.01904708750405
2.15528663829318
6.05844502361981
5.27606107974311
5.76660548574839
6.08973872842363
6.14013509502144
6.14196878257336
6.41015271353417
5.72102947568775
4.84882836515492
4.62029568749936
3.64750861302367
5.20443841412983
5.97191581318111
2.7267795119304
5.52685946320737
5.83663584353442
4.63837712285575
2.91488119455539
4.44503528297174
6.49308056122183
5.71391960433193
2.54852113670528
1.76334763757695
6.45127245158937
5.66974019049037
1.73055623905913
2.59664491538052
4.55901813681506
6.8377320132907
7.10132549795108
4.8790532433081
6.78846319977257
5.93586068863337
8.52016527723618
6.53399682146026
4.72135664412971
6.24085249906422
2.8067055201392
6.31514485744079
5.49298542384499
5.82213101810574
5.55685844471474
4.88716574133382
6.64052834915225
2.59522295817339
2.2222960940002
3.24369849975443
5.86331229795019
5.10174021798073
8.81530783346818
6.91587990119932
3.38284594736415
7.05962762211528
5.54344063573341
3.78719715388831
2.61000947938875
7.36926511288305
2.91763575906684
8.01264104856714
10.1047862618829
7.06801199630149
4.93822252715091
6.43228949116732
4.01326207556473
6.72254275369414
8.71372241732074
4.45179875898057
6.39294420071234
9.65295370239235
4.45979361322502
8.07857720722925
4.70333275354282
6.33528379939789
7.42071883519557
5.81938933007338
5.08683620164666
5.19942006437676
4.24022014202569
6.56784716673697
7.58133614642666
7.26922133053986
6.95168987353181
5.76936993803858
5.65175176297885
4.4513800226781
6.40031055934288
5.87581374915705
4.4857010452823
6.74460193338235
4.90613884113689
5.19764690886683
5.09753679452545
5.98065455800494
2.73803946335823
6.92961358807868
5.70810080472615
5.78201327328416
7.81159384189094
7.8079449567761
4.73365968760465
6.98542945499806
6.64126607819227
4.96806532898637
5.99137919810643
3.2878830392797
5.54967104726792
7.00066858294738
3.32964555890803
6.97211337233514
6.55883409924208
5.32509019542704
3.88396474865743
4.66707305907605
6.60638932200136
4.48492909680791
2.88915055425096
2.74928520969463
6.8670818668787
5.45840580916369
3.16820896732866
0.386330729036999
4.09416490054053
8.04007970930992
6.97612007497533
4.87564732574383
7.15579858525262
5.35730307106547
7.8988802868995
6.83938476146783
6.24023790764085
5.88002009003451
3.55891127645147
7.06810601104459
6.05431250059232
5.67065785393569
4.68719543279539
6.00326761087496
7.87552556329635
2.10632463229554
2.92484906231977
3.94610559385594
6.61627345155399
4.19664245429723
9.19808269835874
7.38334090449334
3.70351428789023
7.81441846356618
5.63265318063294
3.77417647710436
3.24692005621585
6.44787228385632
3.07852812576115
8.15838056545292
8.98872271427853
6.63980071649465
5.98557791713851
6.87506796358623
4.02616899605493
8.09287873499931
9.79724693578963
5.210355387397
6.69829108209652
8.53689015478794
3.71276295216135
8.30954364497135
5.04688452929211
5.87567294768166
7.15318147583904
6.33797055232281
5.20767328710744
5.372530598739
5.56395583497908
5.96594373155473
6.93764181763114
6.62552700174434
7.15857316767727
6.71936650409737
7.6610757270842
5.6707458010074
7.36305905844324
5.49543579229162
4.21181080328097
5.75636776916312
5.25856370483488
4.18543763093983
5.19809809554129
5.2931840910673
2.67685961284745
6.65245368939984
5.03647124694136
6.36061415152841
6.79201804618945
6.73414376080147
6.62674019513636
6.68428971709741
6.21248696273404
5.15932512352341
5.21028372553085
3.57164617147585
5.71450432318453
6.67419513094692
3.48062542957838
6.01831695025366
6.11077284709766
5.1924038913173
3.43645416910967
5.17756707037309
6.63448314244283
5.39320850947267
1.4653215391803
2.09811765269796
6.58279647853927
6.01985808386664
2.51438162928625
1.42382901507067
4.62608678087038
6.98628779571688
7.73156404094554
5.26547065249173
7.26674726706396
5.94414151653688
8.18940758980274
6.87046197242417
5.20547859056273
6.37729950088284
2.85214952075025
7.05719406198708
6.22943404625825
5.95694937318089
5.72305423034511
5.45814605149059
6.50377924429375
2.13328642561709
3.2498667512664
3.63955367246059
6.60536150249649
5.11194257668649
9.03586578589154
7.82065928611281
3.33616991484155
7.80714410284558
6.00807196061244
3.76699876300687
3.44913636238861
7.17916204700335
3.3464580017373
8.42631044142905
10.4364849649233
6.71884520588427
4.80552891066112
7.16485918664086
3.78359848610214
6.86519266227106
8.75588469445795
4.72900950311463
6.56417747055958
9.98465240543269
4.56075711663348
8.76562749699684
5.70114513430524
6.54975406867553
7.73884720238211
5.94684422163393
4.86775546428009
5.47558340114298
4.55221715418836
7.01979752995169
7.00246049644552
6.69034568055871
6.9375030344012
6.1351843191439
7.08896657405944
5.53096750339824
6.90897604426033
6.51860579338001
4.58921223957696
6.42389083852308
4.61424527087641
5.48962948956401
5.76329333847912
5.88002253653871
3.11870253230185
6.89340075241795
6.10628324378697
6.57308048956416
7.62949818307781
8.09364366434687
6.25939582208768
7.65745889160582
6.1802836752307
4.59683737086709
6.24614252308057
3.2122772357604
5.89340719549337
6.65232126849028
3.85708392191792
7.057274108999
7.17869328213934
5.84218195833025
4.65095854663807
4.81819813465765
5.7545239690774
4.23580981724771
3.60760066407582
2.57864715635419
7.16137353745427
4.16599822387311
2.27933748783896
1.81726143594891
3.41622175777883
6.77259520199836
7.03529938015522
5.33323484142516
6.82864716139553
5.34619272732437
8.32647057538744
6.21796201809987
4.78589530586543
6.3504482785107
2.71921926325039
6.32804408050205
4.76190491530172
5.44805616238533
4.82599277419212
5.15070488780692
6.91392568664907
2.08100831348888
1.57777651595135
3.16999613512763
5.87621152101145
4.46774785581083
8.3772645302662
7.10428173785356
2.85581254470593
7.43267297665472
5.7277856035114
3.02453934683807
2.8081989403012
6.85315041118488
3.08300402423305
6.89944521938481
9.11448322355825
6.92408516499537
4.98994733262843
6.76430081592135
3.91907908718636
7.47920697637004
8.63844828904325
4.88861734827004
6.87549720900834
8.66265066406765
3.22257295115742
8.18097616521021
4.38235665117092
5.25616222842567
7.13793457312309
5.89777033702936
4.78308924083929
4.54334184293732
4.51233974438637
6.38079941896383
6.87979149570143
6.56767667981462
6.92959330801712
5.59390190219346
6.92403746183014
4.97721158016245
6.36932422370334
5.69677957086596
3.28560084849065
5.39856199849822
4.47265277184225
4.48523739002595
5.07843114186637
4.44687939390523
1.8628464763467
5.84658833882146
5.48885918302779
6.17737204850705
7.63646334188486
7.04683125075038
5.41861902414673
6.22431574897234
5.92649350920439
3.94344648584602
5.36750512185075
3.54632985266917
5.91747998351589
6.3062405812853
3.20012215477654
6.24277775283512
6.12739833054268
4.98482950606943
3.39510249068289
4.49645543584886
6.72490748143321
4.83857941353192
3.29968167846592
3.04338962881827
6.89403107341663
5.77784544015775
3.30403102688646
2.55150940694219
4.7203241616694
7.76778391651995
7.31738993240192
3.74862684914335
6.46955463027729
5.6075402622098
8.26453500441289
7.19423300210383
5.89590136576835
6.41530121751717
2.92043238945135
6.10467155261217
5.98742140254937
5.73789274695107
4.87184128625058
6.20159129906807
6.65808939710724
3.28559104828071
2.8450838968123
4.02409300191719
5.65283899312158
4.51877454761937
8.70350900679367
7.21853834231538
3.69115410708486
7.68973835974557
5.89074380465851
3.19293127729276
3.24012021701904
6.91609608304535
3.07475195185283
8.3144033959129
8.66678228710749
7.02175840874428
5.44560306031824
7.100475057385
4.24532356371382
7.17128799076013
9.18675170371923
5.70686935402488
6.05600130601426
8.2149497276169
3.65744671485285
8.39084265683124
4.96985502862336
5.70407310864327
7.31047989888944
5.04815600823999
3.93347491204991
5.86760563059444
4.46335361717831
5.68175026655967
6.65427293379742
6.34215811791061
6.19705392676218
6.73174483519374
6.82256000951289
5.17645712293491
6.96320683385656
5.52688770907618
4.4360482572896
5.68937254683799
4.89286929333185
4.86746040096556
4.35344112939769
4.92542517146058
1.78589360563129
6.86555737291131
4.81558351996323
5.49600621276041
7.02461405094386
6.92184805659881
5.16185717702672
5.71300182578376
5.15222513861957
4.20025381075154
4.99566058183768
4.36458185842402
5.11944215488337
5.95037680293172
3.12466289832704
5.86940316179944
5.21063870248791
5.03315101310693
2.51412583885894
5.31470744160369
6.73646918544074
4.94887511335708
3.35243415400337
2.95359138391202
6.83288102852507
6.21005268321441
2.4971655226108
1.83160042440566
4.24419518772616
7.49174888730812
7.42768563222708
4.07652165630866
6.96618105913947
4.99092700191418
8.26140057531394
6.39803624022598
5.49091841465896
5.96782044358861
3.22428780840028
6.60129798147433
6.41962864560602
5.32177429605706
4.45553108463447
5.5525095843844
7.4965240625184
2.50844837855564
3.14893931576124
3.63021117091281
6.14946542198373
4.15680653126152
9.0073644257426
7.67064227868954
3.26481848217322
7.98627084387632
5.44326303072995
3.70042257427056
3.5366527011498
6.42433142616385
2.56726065487504
7.83827442196966
9.50810847561337
7.03332011275181
5.14484600256494
7.39700754151576
4.20531866783917
7.46782047489088
8.88599464596593
4.99536907579229
4.89145327271628
9.05627591612276
3.99412332954802
8.09740853389614
5.29920870850034
6.0917866881357
7.16529429337957
4.15433398222519
3.25061169888217
5.56684857284114
4.97084491415611
6.39557493809177
6.11492591551703
5.80281109963021
5.36324242379662
6.34775725935001
7.31918643837505
5.68394841991272
6.58470312405027
5.88343071625618
4.1708780961934
5.55831235209089
4.8015774341597
4.98862096890637
4.59437941482386
4.79436497671348
1.28572524347169
6.58952234369949
5.49775374749356
5.03122523558692
6.73151434001829
7.24934199909391
5.85204332501266
6.81315722635285
5.27192683384869
4.28859318294611
5.30774489009772
3.58743918869895
5.39151666978631
5.7975703411063
3.07191042278959
6.28847906432643
6.05453108023364
4.67523496407225
3.23567430987944
5.04953728050751
6.37713668648198
4.49091274286287
2.69219739672417
2.67968535566981
5.78645410324775
5.85072018425566
2.97883139581847
1.34836975862117
4.02456504651571
7.7348161737039
7.08831380044907
4.37120245136929
6.2371662975305
5.32480097093867
8.04897429944877
6.76758209019584
5.84117360992859
5.62513641101664
3.03733830189719
6.14295050951817
5.67396541761028
5.38607158824144
4.63902711235598
5.60608958038599
6.8362873052392
2.23468291135231
2.40327608776549
3.60154402397556
5.69111795002758
4.09422140452618
8.75686332129004
6.67835067940511
4.01849358425888
7.31005890594857
5.37124628781078
3.37238122003545
2.79098947315405
6.3617462994285
2.50281982521398
7.99031712418938
9.44964379821839
6.37322391651148
5.1688553089089
6.41913738052443
3.9548175633866
6.76582310662479
9.0608779250456
4.72160360858896
6.05707667404166
8.99781123872778
3.66335101595627
7.94242145554261
4.68100882916507
5.82626101147658
6.95852427089574
5.41022610608368
4.50650382274065
5.36129064432964
4.38949911983617
5.5855966485727
6.3189649786442
6.0068501627574
6.61582234686114
6.31757124702845
7.00060799448395
4.96957633664061
7.07847279274899
5.17506655036655
4.28330279698818
5.76235141521808
4.68449489277167
4.55630383194491
4.97601673162363
5.29916773712225
2.54161736733018
6.63648124095847
5.05295834106158
5.96247485685725
6.54922267410848
7.12645813589342
5.75563805353638
6.30394263411537
5.59979288549071
4.46249763611793
5.07354786574766
3.31367372149562
4.57286880378786
6.03906111244649
3.34115861043854
6.05428203997639
6.4811311276933
5.00466580829107
3.68754265262939
4.77577181330417
