2.73847831625981
3.28506411750884
2.86507494509787
3.05576564650903
4.87325857119226
1.71996995385523
4.89141023724565
3.08894071466753
1.84422021149652
3.39081264814612
2.83933481201704
3.69632899727532
3.69632899727532
2.34492295880789
3.66750253396109
4.24780683340439
4.89630227212571
3.66750253396109
2.41350609275142
2.34492295880789
4.08405531518805
4.33749623908864
3.85200362756697
3.62076128735137
2.3135971089688
5.44288807337472
3.99247475746949
5.31349858615754
4.1776298911957
2.3135971089688
4.76202075002846
2.08843534643176
2.73358628137976
3.45844827011504
4.15133424080578
4.5448895982577
3.45844827011504
4.50274691467378
4.15133424080578
3.06055252317725
2.73847831625981
2.34492295880789
2.70715246642072
2.50428781037995
2.3135971089688
2.3135971089688
2.34492295880789
2.41350609275142
3.20775005552026
3.59532770154841
3.78765572489747
2.41629895113054
2.46573018986461
1.79359379456339
5.59522917873715
4.08046361671889
2.82646717550922
2.27498933938014
2.11706686070299
5.53840651859817
4.82900620379194
3.8366448198927
2.48922247455994
4.98692868246908
4.85360130774702
3.0383142977344
1.08419347975716
4.47601299245992
3.37106330191266
1.40502899480278
2.922834609896
6.40428030378607
4.33913356102655
5.7531516574143
6.7354817768576
6.18400394072852
6.30462949354338
3.68220066611445
6.09611360429037
4.14680553767749
3.43740522287126
4.15596810214591
5.44283792430141
3.88347814929063
3.44656778733968
5.69487998897984
4.73343760949518
0
2.46568004079129
2.53840651859816
3.83084720675294
3.53611902845481
4.31838398563703
4.48413339405737
4.97396639506491
3.71996995385523
3.16849211772615
3.2640607120229
3.21134175398941
2.50194143918318
1.08419347975716
4.92043808962592
2.65986391786033
2.15782395586589
5.37634733145824
3.8366448198927
1.79359379456339
4.5410044279343
4.0791594083931
3.07202616052811
3.95141775042928
3.08988435472725
4.62350399665718
4.23922457724392
3.68774674111485
5.17498183278626
2.60814518898292
3.69343098068436
3.01715787692037
2.32630943819147
4.18266009064487
4.43490583634639
2.65986391786033
3.70092092490054
3.24201743562305
3.74405739761749
1.79359379456339
2.78870839508391
3.12569926593677
4.4970560397037
5.18037260050151
3.85479648594609
4.39505451482072
4.51037889537397
3.25638245416429
3.80786029029337
3.25638245416429
1.41774795942602
2.41286255994654
0.995114600520516
4.98279197400631
2.96434039607562
3.95141775042928
4.0791594083931
3.85479648594609
0
4.51037889537397
5.62983840443214
4.34028909746776
3.15293855638641
1.71378034604995
4.94653235094979
3.77563707755299
4.32711491368207
4.39505451482072
2.5742214298077
3.77563707755299
2.23723055895483
2.23723055895483
3.07202616052811
2.65986391786033
4.40967107150132
3.71907259095394
3.15293855638641
3.65497851838085
1.71378034604995
3.08140062137804
1.24211595843431
3.30041241786764
3.68495388273572
4.13810990794677
4.91041733248543
5.11352531130715
4.15781732046533
3.60633948433625
3.57052457312671
4.26710740049844
3.55770708569221
2.60814518898292
4.65547337930116
3.71562956436936
3.26935524888395
5.11138262113348
3.68220066611445
3.19543793632153
4.65761606947483
3.81419469806833
1.64396010019244
5.06294904344734
1.79359379456339
5.05906387312392
5.4549067207192
4.90342888459013
5.610541709253
1.08419347975716
4.8676139733806
3.63287845750711
3.04558571016851
2.87709359244235
4.8147000663041
3.03038220977938
2.42118435061003
4.35354872864111
4.11457568953654
4.38232504288202
4.4217316525607
4.00981273267387
1.54659243664959
4.62285382845173
2.45211386234007
5.42582871926562
3.83365057244752
2.98787619444369
3.53935403057277
2.98787619444369
3.84487037970197
4.74850294531519
3.94557820357462
3.41709779122057
5.29998078144426
5.93789994571601
2.44283792430141
2.45211386234007
3.08513711981687
3.83365057244752
4.08709149634812
3.3135971089688
5.54434458826409
2.55470233093158
5.97730655539469
6.36267599479519
6.91415383092427
5.42582871926562
3.45833489654479
6.36267599479519
3.87025381643162
3.87025381643162
2.24305959849402
3.98483614136872
5.02354243376864
2.92004175151687
5.54434458826409
4.62998707631672
3.08988435472725
3.51436258850865
1.54659243664959
4.00981273267387
5.29698424204205
3.74455455049485
4.82133845324879
4.64993781161622
3.69422982077439
4.24570765690347
3.69422982077439
2.47351360593505
3.46862820645557
2.5742214298077
4.71782726368155
4.02010604258464
5.06294904344734
3.81419469806833
3.74455455049485
1.71378034604995
4.64993781161622
5.36487369410738
3.06055252317725
4.26446984940446
0
5.37281628937787
4.99131922102827
5.54279705715735
4.82133845324879
0.995114600520519
4.99131922102827
2.96288475237957
2.96288475237957
1.64396010019244
3.03038220977938
4.73637913975888
2.41350609275142
4.26446984940446
4.02549681029989
2.60814518898292
3.08140062137804
1.24211595843431
3.30041241786764
4.65761606947483
3.74455455049485
3.82622385272827
4.64993781161622
3.69422982077439
3.60633948433625
2.71168116954902
3.46862820645557
2.47351360593505
1.71378034604995
3.81419469806833
3.71562956436936
4.35354872864111
4.71782726368155
2.84092198488163
2.5742214298077
3.68495388273572
4.65547337930116
2.42118435061003
4.26446984940446
0.995114600520519
5.05906387312392
4.99131922102827
4.90342888459013
4.82133845324879
0
4.40232592725483
2.96288475237957
2.16878558958041
2.41350609275142
4.02549681029989
4.11457568953654
1.64396010019244
3.26935524888395
3.03038220977938
1.08419347975716
2.46568004079129
2.53840651859816
3.83084720675294
4.5410044279343
3.85479648594609
3.39993991430021
4.51037889537397
3.25638245416429
3.16849211772615
2.5628463152681
2.41286255994654
1.41774795942602
0
4.0791594083931
2.65986391786033
3.24201743562305
4.98279197400631
3.20775005552026
0.995114600520516
3.53611902845481
4.92043808962592
3.70092092490054
3.15293855638641
2.5742214298077
4.62350399665718
3.77563707755299
3.68774674111485
4.39505451482072
1.71378034604995
3.20420850612442
2.23723055895483
1.24211595843432
3.71907259095394
3.65497851838085
3.74405739761749
3.07202616052811
2.15782395586589
2.65986391786033
3.8366448198927
3.59532770154841
3.78765572489747
2.41629895113054
3.37106330191266
0.995114600520512
4.80142735970715
3.45924711020507
2.15647347038167
2.27498933938014
1.51132253543368
4.89136008817233
3.98772752255912
3.20775005552026
1.40502899480278
4.98692868246908
5.69487998897984
2.40014359532329
0
3.85479648594609
2.46573018986461
2.48922247455994
3.44656778733968
5.75723387336024
3.74455455049485
5.7531516574143
6.27189427716666
6.18400394072852
5.63871800436177
2.84092198488163
5.62484784674083
3.52558903116366
2.95416045973509
3.69238060245497
4.77284421917386
4.73343760949518
2.922834609896
4.85360130774702
3.88347814929063
