3.25266854234967
4.80160911398984
4.16562419208685
3.83813845813151
3.68140609452002
3.61719949031117
4.11723677838489
3.69976813096262
5.83040502632436
5.12021446838395
5.63976076064334
5.37552173691055
5.58000407819769
4.92361791131367
5.11736990421787
5.472283133004
4.62314341370034
7.18571292179223
6.96204880278394
4.52895605886589
5.46259029320213
4.90898879111907
5.4712170645658
5.63987504250815
4.6850835058918
6.56754799577517
7.06407964158052
4.82292296697165
6.02881393873526
5.14206625379828
5.17551260848191
5.49046258010593
5.18959735706509
5.58816893757922
7.17869007562806
5.50779704354067
5.53420973838173
5.52726040710536
4.80197895188303
5.50870430370942
4.40691008516265
7.1896797109985
5.95522230370553
4.73222128599165
5.50661810066413
4.77700876463691
5.29673409294568
4.69811321804758
5.99199677979182
5.35072766418519
6.2563805215471
4.85235867662018
5.45579216083617
5.25012500472075
5.64684802464339
5.79216618443142
5.13663707832487
6.20256156750724
4.88706383173604
5.52532426636201
4.05742500544741
5.59989763486871
5.25568234006506
5.27012949349767
5.76191607798557
5.96295978891365
4.96941747507361
5.82530217071601
4.21306604533282
4.91486055502695
6.14740010074387
5.16909184814844
5.29386851311413
6.1963823121028
6.2521987464069
4.83734986438686
5.78194938420085
4.74558901751141
5.11480370207165
6.14060293146401
