5.87722855236476
4.33163223911712
7.8734953857141
2.30951961527868
6.53993207069261
4.84143190433187
4.88271434000792
6.98433441724003
8.75117837893417
8.23906014342939
3.98046509949473
3.52116084611011
5.32381195899382
7.25452655237436
8.25323992179988
8.30677603238675
6.114272464845
6.91221078219043
1.65544593764358
6.19177959617852
4.99894028747028
5.76053873368121
4.13546795683935
5.39051078819761
3.52234086151574
2.79812965857513
4.39391364880012
3.76672448534834
4.72152686596355
4.05101154706815
3.26192087049084
0.579644851950036
3.87100694133944
5.60123548337944
2.20184612969032
