9.76121407034122
11.4180685988042
11.025238759885
11.2763017116403
8.34890814699286
9.41356080824947
10.2149380560085
10.4400310567483
10.281852804353
8.14147197878984
12.4100567063511
9.20088420259212
7.93292940725039
8.59330103388817
11.468785077604
10.5638814678905
10.4056356184601
9.03776687891165
10.0596565780394
10.2769137330678
9.54007131785282
11.3865646724044
4.71518215690753
5.44277783013385
4.50118267592209
4.90108340195302
8.33430522523508
8.37006230978397
7.68419953482586
8.36230483115998
5.27255331871395
6.85464787732396
5.11885958370654
7.75428620530092
6.36484793041873
6.31849869055375
4.53347388401143
4.30314991197992
6.67893288834953
6.81053996866635
2.43183185086761
7.70566960435111
6.81701278295415
