8.37470087047831
6.84234948030677
9.59593519517986
9.18848803160176
11.7536169372114
8.98727927080831
9.28226936678592
11.7245549623887
8.7570492989438
12.6050633126547
9.03614851389159
8.95020114561433
6.83883574444631
7.20488336786804
8.01515711128035
9.04027490719782
6.28268091535416
11.1486940660328
12.8462189782823
12.7945763616308
11.9487274352581
13.1338593139501
12.519220492977
12.8752809531051
10.071865161508
12.5534206960031
5.93989404697277
12.5633662562311
6.89451722341385
11.2122453346754
8.38801154974558
11.6729123457371
10.1306041546931
9.35672948495703
10.3661667978691
7.76856502690596
11.9947726028391
9.50373420044649
10.9349300239348
11.1195260677309
10.9349300239348
8.27561207947976
14.8541367586515
9.62008935434493
9.32907700670243
5.34005007309452
8.61940660765326
9.85653984258977
4.74493207859365
9.22338954394517
5.49499396657055
9.36606909245873
9.49820357603292
14.6438860124916
15.1228434671861
8.80506706737062
8.8979400613618
13.1141733850678
4.32938392180822
3.84228534800678
3.18869895327734
3.3917270633284
3.58420529438355
2.57353914309726
4.24532122156307
8.45831790181274
4.86260166809764
14.1558969123546
4.38948251272967
14.588954669991
9.50703189794417
8.19032622789022
4.10058583153648
10.4252200070045
8.29539053744651
10.3531104347505
15.172588328767
3.48330538500192
9.67196332987051
7.95709168667392
14.6675952581632
9.54633652676086
9.01055661389657
5.23705407765212
8.54664880850778
9.78378204344429
4.64542897109458
9.39623519931643
5.64414117379661
9.53891474782998
9.31166207554462
14.3253656196858
14.8043230743802
8.73328478377618
8.57941966855595
12.795652992262
4.22638792636582
3.52376495520093
2.87017856047149
3.07320667052255
3.50046906220486
2.5027136128036
4.3909755408458
8.46558353873831
5.00250872765145
13.9693554118663
4.07096211992383
14.4024131695027
9.18851150513834
8.11756842874475
3.99184257636514
10.3494153476506
8.47321532187798
10.0345900419446
14.9860468282787
3.38030938955951
9.35344293706467
8.05485238132978
14.8541367586515
9.62008935434493
9.10831730855246
5.34005007309452
8.61940660765326
9.85653984258977
4.74493207859365
9.43917011303493
5.68707608751512
9.58184966154849
9.49820357603292
14.5488898917274
15.0278473464218
8.80506706737062
8.67718036321182
13.0191772643036
4.32938392180822
3.65020322706221
3.00585698000503
3.17096736517843
3.58420529438355
2.57353914309726
4.4339104545643
8.55331402257699
5.04544364136995
14.1558969123546
4.18163351646473
14.588954669991
9.41203577717992
8.19032622789022
4.10058583153648
10.4252200070045
8.51615023559648
10.2581143139862
15.172588328767
3.48330538500192
9.45413092901095
