17.6792213069737
15.6932413806755
15.807828020778
15.8692641933371
15.9771611976212
17.3419984153944
15.6985062648409
16.8665986725508
18.0212412602856
16.5647340604878
16.4198041869175
16.9309977902421
17.4903210238006
16.9387239369184
18.1122886935608
15.9799878859161
17.8249999019565
15.5527044419048
16.5128239542531
16.6903014077348
16.311778083626
16.352430486963
16.6737388371207
16.7070929785218
16.1623614133294
16.7287628060831
16.6964814217679
17.6426727564704
16.0505432219852
17.8752303863672
17.9299615480748
16.3691059624125
16.1999179995501
16.1999598922818
16.6034767392302
15.8945153442344
16.4974262634799
15.7899973643278
18.02100898135
17.704231334009
17.777609815405
15.6492610923273
16.043932014531
16.1805171697724
16.8001127458574
16.2370333752198
17.3633069706316
16.0278295961425
15.4708296117695
16.0311004994758
16.0070047372729
17.8822750770875
16.4076790471128
15.9126292079457
15.83310958486
17.7955110462198
17.8688895276158
16.9137990563985
16.3512040022854
16.715567412451
16.6043150537401
16.2644499892256
17.0724540478014
17.0160515976874
16.2116856144253
16.1564214075695
15.7040677847437
16.2529517766546
16.5661507421544
16.1915156040954
17.4169425424046
16.0651416953586
16.8225193441877
16.3577214307638
15.4443672616466
16.1203983764643
16.2478326971523
16.4603856746233
27.5830205762013
23.0853327279492
23.3709406957348
23.3329292040789
23.7150108058343
23.5571224884252
22.9690480534401
23.5775973777038
23.4054953700568
22.886762675562
23.3823597346948
23.4605940521385
23.2409571258352
23.294694967182
22.5893681379594
23.4415396453203
24.0133805174812
23.4109796416911
23.6602790827392
22.8925847200499
22.8963155426858
23.7079785963085
23.5200958097384
23.3847114813074
23.4880485731385
23.3823316825666
22.3310373070382
22.9654915102575
22.8372080025252
23.6478407752514
23.0961585475965
22.86702849158
23.7664138950214
23.6436776573781
23.9734876889933
22.7224904218581
23.5877607556023
23.4849472033117
23.9645352643455
23.4218054613384
23.4219496447493
23.3245154562369
23.6402537872458
23.9134076693442
23.7690007737532
22.921562440191
23.0300868474243
23.0854769113601
23.6882261767945
23.5833248095525
23.4433538600113
23.184285518098
23.1818495856746
23.0916976097374
23.6162231363781
23.2314755746833
23.4416838287313
23.3442496402188
23.2237796135799
23.1593002895698
23.5520330768835
23.4395460049406
23.5845770094252
22.6668475986786
22.3601953543442
23.277744437926
23.5099324318399
23.8516483289671
23.4475058732192
23.2263861631416
23.0279690484809
23.3921291556945
23.4911180895972
23.2047849441725
23.3330380367712
23.620074008361
23.2589300956833
23.761279669077
23.7852282372641
