5.56322394704582
4.95121651837794
5.80423835365182
8.13419037470513
6.22141263072481
5.15977580940575
5.0259946029329
4.50403999843353
3.92844571787862
2.01549588345207
3.82017155254091
2.90458807871328
6.7977470873387
7.35566114804858
0.655735810972228
4.77758848829343
2.67123169442429
2.06558352014881
2.24885226774106
0
7.58993692172166
2.72131933112103
3.87785068102001
1.49839936076571
7.95139161622178
6.76566608370828
0.842663549793496
5.62198830647877
4.66283510233439
7.20886067902498
6.74365371938069
6.22879038856156
6.75792058192462
5.13814425719921
4.2282619881495
5.53859140826455
5.21468256847689
5.7848258178749
4.64400705804706
5.75015168586709
3.24051694372854
3.98827124707485
5.17870761627633
4.09128088718311
6.33632402304796
4.05721482690515
5.1485025426796
3.2221148700478
3.89625275470076
6.82357547865243
4.58418152885083
4.96625249550655
6.52839543658599
3.52251426867588
5.21292234175417
6.16783966768022
5.99116609247308
4.9074881360736
2.24885226774106
4.33794923139555
3.72594180272767
4.8896252331948
6.90891565905486
5.04687525119003
4.24516268894874
4.11138148247589
3.58942687797652
2.70317100222835
3.90435314836185
2.59489683689064
0.655735810972228
5.57532776715033
6.1303864323983
1.59311645676885
3.55231377264316
3.24861733738964
3.61037710359016
0
2.24885226774106
6.37164658187121
2.95464129261795
2.67907843271159
2.43578000656232
6.72611690057151
5.540391368058
3.09151581753454
4.62097523215855
3.43756038668413
6.29424755856796
5.51837900373042
5.31417726810454
5.70413258351688
3.91286954154893
3.00298727249923
4.31331669261428
3.24051694372854
4.66923623331561
4.9207065237052
4.52487697021681
5.21468256847689
5.57644233467742
3.98940785282662
2.11902415435736
5.42171090259094
2.86600617153285
4.23388942222259
2.02334262173937
4.55894675750468
5.59830076300216
3.35890681320056
3.96523942118633
5.30312072093572
3.79730484241142
4.29830922129716
4.94256495202995
5.07655297201606
3.68221342042333
