11.7852839332012
11.1856615185924
11.2264431950641
12.0652556983991
11.3751591670546
10.6110468352515
11.3092276925858
11.617549631593
12.0108767127404
11.5966020121607
12.1810658168911
13.0258402407326
12.7066196099746
12.6622306129066
10.7639131907881
10.2185389669745
11.5635153444582
12.1539429839138
11.2363206388849
11.047055332059
12.0353273469139
12.1517859368957
10.9513892020189
11.8938024077579
11.4660732207949
11.1152552811074
10.5383423491523
10.6848507628797
10.5648907433546
11.0604026716162
10.548110922047
13.6400318837608
12.7668134365043
12.6795736115124
13.1993149757401
13.6687994443699
12.9693161906222
11.2011997045029
12.1563564333939
11.5164641666393
12.1563564333939
11.7949171895347
11.9631844686518
11.5578900553843
12.5354742801716
12.2902550519884
10.7877126053381
11.6423809366078
12.2344653858269
11.7157964187815
11.9238651750945
12.1403959276788
11.8513849256043
11.5476148535662
11.4463592491324
11.597106091107
11.3628840058997
11.1465447316886
11.7539318605678
11.7635016989711
11.2133852919451
11.098640807795
11.7515941773162
11.0388723876395
11.6265259593213
11.2198284170537
10.7576779759119
10.5888064924494
11.2338696557535
11.5091487794879
11.0574846462181
11.3764322860362
11.9927531860947
11.6847870877701
10.9754560654498
11.761626385614
11.3488799337565
11.3876377403425
11.7465370460644
11.5984183765418
11.6097773773831
10.4354305773853
10.9857549547364
10.5525315689256
10.2695582151652
11.8317902562587
10.7984385081736
11.0980745802498
10.6199632908933
10.4902430264748
10.1726900214487
16.2903573550543
16.0906488933174
16.2444285288347
15.9075107123683
16.4144329065145
16.1904036038245
16.2766453505539
16.2609201444994
16.0482593206721
16.2548113005074
16.1100989702385
15.8310610127295
16.2030991645348
16.1563693715404
16.213444633283
15.9251536390546
16.1186399656364
15.9673169981309
15.9066083271339
15.7843312197351
15.7922649553275
15.8300668346792
16.0053171296031
13.1486388405349
13.1846776447816
14.3187312028488
13.4348610145451
13.8666687824723
13.8886604893049
13.6841633359032
15.7461418264382
13.9522388501081
13.7837011571511
15.4861444045384
15.3568882679946
16.099367557639
15.8230089240108
14.1415041481998
14.4030578800284
14.4415827354831
16.0517469808057
13.7023242930767
13.9990076068987
13.5260877942645
14.3253124671218
13.2213743352915
13.8201410941553
14.744936598629
15.1644727431728
14.6704190456049
15.0438097996576
13.2732440240958
12.6803940834827
14.460815730937
15.6859582817352
15.5942800407441
16.6933457378309
17.0182016111784
16.2318637366397
16.000486688431
16.3530891492292
16.7644787324732
17.3683312672016
16.6129368823297
16.2872297015775
17.3036365285806
16.7799923034409
17.3608277957116
15.5563091910015
16.3692679342374
17.2354884640192
15.9176945132449
16.5189275451072
16.8792555702955
15.7933746746977
16.9076288311857
13.4953050396408
13.7084090494228
13.4713435657265
15.122158667568
13.6214699677473
14.1524231438731
14.0028623503514
13.887403953112
13.5444300103869
13.3804695087522
14.1767391001837
13.5210830447073
12.8644055013102
13.9475237112212
13.8298413827427
14.1889825351107
13.9427681346994
13.8866171144408
13.5787232649352
12.7956317765331
13.461617074273
13.98931007314
14.0054055624055
15.3209335638497
14.2362436105678
14.8510786283954
14.4509754396781
15.3970173547832
14.0343385943765
12.9342919530392
14.2793413790881
14.2353239302532
12.7379149457802
14.8091371062998
13.8312736571234
14.4261707000153
13.5271418936523
14.0897645167486
13.1990148102599
13.3647899290532
14.221617985487
13.4852369842701
13.6625671506352
13.7139943361722
13.6716057265695
15.4967847391546
14.0043243739681
13.4420257886655
14.8738880191617
15.0676489218235
15.5577252057792
15.7151653895876
13.5239153768005
14.1814493774056
14.2670746221755
15.8301384781828
13.3799593413781
13.7773991042759
13.1948582672046
14.2285900690066
13.266082544626
13.7234186960401
14.533315360402
14.9151156558892
14.3055345421626
14.7597479444217
13.2779354514978
12.6853577220332
14.1764816645527
15.5062271642055
15.2700762937461
16.2717702518338
16.6082553479896
15.8901883681541
15.5905404252422
15.8102820883387
16.6816086755296
16.8266889153417
16.5300668253861
16.1531098927097
17.1794135217983
16.4371522259246
17.1998663408461
15.7015916873757
16.1973985194715
17.0735158513388
15.8290423949637
16.3470581303414
16.6676343320685
15.7952860685765
16.6105486304497
13.3721032746907
13.7274829326052
13.6337885514044
14.9005501649452
13.6347184608851
13.997445000177
13.735707010496
13.5501005214614
13.2074101324179
13.1122085998866
14.0019503565324
13.2539277048518
13.0067819365252
13.8103265336428
13.4981083139671
13.8095713175685
13.8460457365842
13.7168316263011
13.4820008668199
12.6989093784179
13.3648946761578
13.3956887118054
14.0421467441816
15.1113765386209
14.0135707903009
14.4828396214127
14.2035226312235
15.052271036439
14.0327270096368
12.8086982812287
14.0764044562817
14.2331481614881
12.8351057063051
14.4297258887576
13.8379624637196
14.3180158921091
13.4015482218417
13.5966710306103
13.2135248441803
13.4030569340275
14.2361280194074
13.4997470181905
13.8163467861526
13.6512587445239
13.8538716829232
15.5115590554906
14.1865903303218
13.3813284068883
15.2793467740258
15.4731076766876
15.9631839606433
15.307932707268
13.9293741316646
14.1207519956283
14.2043390305273
15.7694410964056
14.0826655272212
13.7167017224986
13.8975644530477
14.1658544773584
13.7168427376201
13.6606831043919
14.4705797687538
15.0688952914066
14.1377786197293
14.2860262187069
13.1101795290645
12.5176017995999
13.7027599388379
15.7982140894843
15.5620632190249
16.677229006698
16.9002422732684
15.5839582824571
15.7527715595599
16.2157408432028
16.8353883110469
17.2321476702059
16.6838464609034
15.7853869869022
16.8116906159908
16.1309221402277
17.3536459763635
15.7015916873757
16.1973985194715
16.6662831690192
15.8290423949637
15.9398254480218
16.0929100097312
15.6275301461432
16.1368269047349
13.3108747369957
13.8809956946203
13.7873013134195
14.9388171699196
13.7882312229002
14.1509577621922
14.0276939357748
13.8420874467402
13.4993970576967
13.4041955251654
13.9392147648842
13.5459146301306
13.0067819365252
13.5961163898504
13.9035670688313
13.6798155266073
13.716289945623
13.5870758353399
13.3522450758587
12.5691535874567
13.2351388851966
14.0983948976486
14.080413749156
15.1496435435952
14.0518377952752
14.6363523834279
14.3570353932386
15.0905380414133
14.1865066451542
12.962477916746
14.2301840917991
14.3869277970054
13.2858658992992
13.8550015664203
13.991742099237
13.7432915697717
13.5553278573591
13.7504506661276
12.8013858551747
13.3911092854219
13.9089478592922
13.0876080291849
13.3910318382922
13.6211021696722
13.6849766623923
15.4064589787885
14.0174146794471
13.5904297013292
15.3886310525872
15.1537972301373
15.6295328462075
15.2771985336131
14.4198184669877
14.3250886157387
14.1739018253319
15.5985470431155
14.0382520351098
13.9258030169395
13.8531509609363
14.3727633862029
13.0362258599022
13.8675920132364
14.4900718194487
14.7438902514301
14.3091637301783
14.9731421738844
13.1952549544121
12.6026772249474
14.3901481051639
15.5921111901038
15.3562409499881
16.4439417066822
16.9156003690973
15.5651479997359
15.8325822843095
15.827355734935
16.2786059070565
16.8425978529073
16.127064056913
15.5505308931831
16.5768345222716
16.1132765665372
17.1185176714959
15.4058337587453
15.808226839984
16.5810364918555
15.6769361991724
15.8545787708581
16.1785273881832
15.2755468118663
16.2540000833357
13.862016454096
13.9286021444135
13.9286021444135
15.1232388675594
13.3238489420043
14.1985642119853
14.202751093156
14.0177087881468
13.6747348454216
13.5792526825465
13.9090581900325
13.7209717875118
12.6360940368301
13.5142476790261
13.4537085786972
13.4582990763751
13.7464602773163
13.3804642370186
13.382415407552
12.5993239191499
13.2653092168898
13.6280158213825
13.9747717193496
14.9582790127978
14.1801303801242
14.6662830141318
14.4333489686128
14.8853554345382
13.9795951452229
13.3368784656084
14.0089319239824
14.1805804810996
12.6049683912377
13.7957162505056
13.7853947833312
14.2103356524317
13.9297284062214
14.3160998260617
12.9121125795185
12.9829592865761
13.8078060393612
13.025471465664
13.6477953191926
13.4752164115666
13.7456056929104
15.8716489604313
14.077627995802
13.6830314643258
15.4813699429043
15.7731347188308
16.1645967119356
15.5916839363585
14.2595018210271
14.6057379294332
14.1257461018127
15.8763362532714
14.1813429606633
14.2016876563035
13.9137865318769
13.6058980086178
13.6661900063691
13.356045278129
14.3314925208906
15.1110064336417
14.5821824432131
14.7260070645141
13.4550013771559
12.9896021441308
14.3205548567849
16.177432298737
15.9752978083379
16.7228956258688
16.8446843659813
16.230158430566
15.8316480163604
16.4434011939734
16.6122938200751
17.4586433119458
16.5441873960291
15.9757024039184
16.9909445218908
16.5730595082929
17.6145071308809
15.8283125585108
16.2890164232384
16.8595159529219
15.5943779438554
16.4131451355988
16.8489448589003
15.8973552462715
16.7605512842191
13.5447075993435
14.1882092717952
13.9888796371555
15.3108825533189
13.8960427010453
14.432619885414
14.340198359204
14.4745303651293
14.0043892684978
13.8906688054694
13.8606218361695
14.1587330490125
13.0089581612315
13.5596105319922
14.0058959436776
13.9580258954065
13.5740389850332
14.0101448298037
13.3050806216473
12.7272166223196
12.9967258199134
14.2186274370657
13.7796581052239
15.0033202244981
13.8941650219634
14.4689064645426
14.1475062009706
15.3461894017877
14.2341664742936
13.149145351802
14.201897501399
14.4345876261449
13.3551345538586
14.4866916806088
14.0305373530151
14.4485130843635
13.6145445848271
14.1420764300206
13.2372767006565
13.0794032300013
14.1755790859892
13.393244512292
13.935223591274
13.5721915109095
14.1340365616143
15.8029063472119
14.3021522413875
14.1382156588405
15.351928575179
15.7559231070244
15.9170747206072
15.4102635591585
14.2445493067264
14.6644460238018
13.9443257246127
16.0531249712432
14.1816573838993
14.2603957506721
14.0285898085373
13.5389664848423
13.7861266384326
13.132015975439
14.4284676202336
14.9662981283797
14.8843850316304
14.8408103411746
13.6794271840868
13.3688666324705
14.3560371360172
15.7996233605297
15.5974888701305
16.5934542581435
16.5719941972136
16.0955771129052
15.6525327225336
16.3491276822446
16.9423310176465
17.3643698002169
16.780173048038
16.341438613404
17.3566807313764
16.4642759626437
17.2372293485913
15.9744304280375
16.4609320647768
16.9564910522649
15.6130451057941
16.1136441347956
16.8821220547594
16.1737600626772
16.6427850838518
13.0771838026048
14.1691405846773
13.9698109500377
15.0348794746386
13.8769740139275
14.4375802763368
13.9530193370118
14.0967214269219
13.4991296227025
13.3854091596741
13.6792014589695
13.7809241108051
13.0276253231702
13.7950597945988
13.9116224319488
13.8492423497572
13.1868599628411
13.5048851840084
12.9530694554516
12.4522673560462
12.8879422742642
14.254109716298
13.7121954255306
15.0997641679232
13.6181619432831
14.6824072544524
14.1524665918934
15.0701863231074
14.5993715278614
13.0021779490345
14.8103301755133
14.7997926797127
13.6299098673311
14.5456666484795
14.3957424065829
14.5074880522343
13.3127385006507
14.1612747478771
13.3886467563389
13.3384572802989
14.4284847562781
13.5446145679744
14.1824126788051
13.8259248976567
14.0896220907674
15.6334654351861
14.2074977319343
13.7984754734871
15.4861769890426
15.7694646038703
16.0513231344707
15.2335428698418
14.1735702315155
14.2903814887764
14.1966137719854
15.8842879252921
13.9708511142213
13.8863312156467
13.8266481142206
14.1123770024356
13.8721015116598
13.7054264930323
14.6822010069807
15.0525398751091
14.488684245169
14.1909037407765
13.0915092236598
12.7809486720435
13.7061305356191
15.8279190232436
15.7362407822525
16.6933783223351
16.8825117720608
16.1685969890737
15.6789837149845
16.4833760961081
16.9499682664312
17.4986182140805
16.7878102968228
16.0585095238647
17.0749163508678
16.5372958388122
17.271644093098
15.7072525872279
16.3407816134011
16.8282557816996
15.8137364942953
15.9842441551997
16.4319819555461
15.7910695913245
16.0774719377546
13.1536441882604
13.7722069529065
13.5351414692103
15.0830888117709
13.6852678712311
14.1508222636303
13.8351390124223
14.0293646946204
13.4314893367193
13.2675288350846
13.931770136686
13.6630437862157
12.7604474823606
13.8343161640514
13.9601283296216
14.0212266126774
13.5927788404166
13.5914104844195
13.3589883330271
12.8581862336218
13.2938611518397
14.3880912566594
14.0089853248848
15.4747131993671
14.1971737547707
14.8921273664291
14.4493745594354
15.3579474989861
14.3500824907092
13.2028693375356
14.6470642848957
14.5510678265859
13.6709315111453
14.1824337744877
14.1470175534562
13.7994673682031
13.5134298891519
14.1280315217229
13.2938143633287
13.0456948782244
14.1895078231714
13.4071732494742
13.8759843409876
13.4372162800945
13.9850824527967
15.5503776848961
14.3171047556883
13.7202361574647
15.1513828861533
15.4431476620799
15.8346096551846
15.6694607178449
13.9295147642762
14.6429426225721
14.0877459703405
15.9135409464102
13.8655990643306
14.2388923494424
13.5980426355442
13.5678978771457
13.6891515390897
13.3180451466569
14.2934923894185
14.9574936716266
14.8021842486234
14.7405170984346
13.6750031825662
13.2096039495411
14.3350648907053
15.6802178843839
15.4780833939847
16.3929085691178
16.3474699516281
16.2676274061204
15.4122103834936
16.1134141372224
16.8404828418702
17.1286562551948
16.7723764178242
16.2824636455332
17.2977057635056
16.6105284838472
17.4609943688658
15.9180274170421
16.3787312817698
16.9372927344083
15.6840928023867
16.4909219170852
16.9787006498615
16.1173570516818
16.7750613181395
13.2384775136465
14.1244113683114
13.9250817336718
15.3736181449671
13.8322447975616
14.3688219819302
13.8429839448508
13.9773159507761
13.5071748541446
13.3934543911162
13.8226217046974
13.6615186346593
13.0986730197629
13.736084826728
13.6759088869267
13.8305751878185
13.4465882774452
13.8826941222157
13.1776299140593
12.5997659147316
12.8692751123254
13.9028835407329
13.8423936968721
15.0660558161463
13.9569006136116
14.4051085610588
14.0837082974868
15.4089249934359
14.4623554960886
12.9956325897869
14.4300865231941
14.6627766479399
13.3780960865793
14.6164474715699
14.2587263748102
14.5782688753247
13.461031822812
13.9885636680055
13.0803417532399
13.4558550396948
14.1879037573575
13.3665639272501
13.7219667458322
13.5328663178477
13.7964409204398
15.4107822048304
14.1288789374946
13.3864143454594
15.5283067779247
15.2934729554748
15.7692085715451
15.0217680102302
14.1783341355635
14.1210732598689
14.0856659735073
15.7756917440074
13.9262566211446
13.7217876610697
13.7411555469711
14.2845275343784
13.6361861600004
13.7793561614119
14.4018359676241
14.9223747087905
14.2966638588825
14.5926525232788
13.1827550831162
12.5901773536516
14.0096584545583
15.4105156399062
15.1746453997905
16.5836174320197
16.7340048188997
15.3460808828973
15.8825431511157
16.0229301631352
16.8413720851465
17.0381722811076
16.689830235003
15.9357393224403
16.9620429515289
15.8942094496985
17.1571961378571
15.5468572205953
15.9492503018341
16.3803991023252
15.8179596610225
15.6539413813277
16.1973606481454
15.7001057001949
16.3105691923545
13.1605224014575
13.7858153262387
13.7858153262387
14.9827571327578
13.6930508545186
14.0557773938106
13.6399954861967
13.4549531811875
13.1119792384623
13.0164970755873
13.8208223382079
13.1582161805525
12.8520474697448
13.4777239631741
13.7242129779622
13.676557592663
13.9647187936042
13.5987227533066
13.6006739238399
12.8175824354379
13.4835677331778
14.0280091381065
14.0395174736224
15.3297860086853
14.244876134397
14.7287236850315
14.4957896395124
15.2568624304258
14.1053025636885
13.0033741922796
14.134639342448
14.3062878995652
13.2049286913358
13.8894794815326
13.9111022017968
13.7921101527695
13.5962241328927
13.9825955527329
12.5995516095238
13.2922516199322
13.8176506389719
12.885773783534
13.8007108949949
13.4693744410768
13.953973866213
15.5352861861861
14.172878004253
13.700017899895
15.8040585854465
15.3253145557883
16.2671234800723
15.2164466070516
14.665810527213
14.2665092288589
14.0833825232435
15.7111355495924
14.0669623986009
13.8624589557292
13.8907258997888
14.2566790210388
13.6055327871135
13.7515076480723
14.3256505504009
15.1289266886258
14.6826183606618
15.0983755516235
13.1516911709425
12.5588412303294
14.515381482903
15.5008718075137
15.4949360827134
16.7097786927587
17.1479721877553
15.6736633153355
16.2243194414196
16.5208450716625
16.7535900755954
17.5360871896349
16.6020482254519
15.8527597618046
16.8703438934366
16.2217918821368
17.2772750740305
15.5733728692874
15.9991078703523
16.6769328141941
15.8970223424742
15.9615366043129
16.3596004785577
15.4665943324701
16.5290172685004
13.723387868619
13.7546121187028
13.9916776023991
15.2529638786964
13.462445547953
14.3466318699612
14.060739214261
13.992100575993
13.6514782504613
13.4383463726617
13.7586177609863
13.5789599086168
12.8814691795961
13.0554918353138
13.8462743376705
14.2124752237491
14.1655904579775
13.7628867366044
13.8015455882132
13.0184540998112
13.6844393975511
14.2495927506375
13.6388485701636
15.4744611114806
14.1843237481179
14.822349776815
14.4000733610521
15.5751884803343
14.2897758581597
13.4546259897118
14.6238384697595
14.4237333790885
13.0740667304681
14.4396402730368
14.02854768132
14.062571721187
14.0474759303248
14.562091886287
13.4136158605975
13.3889572830669
14.5837082229114
13.6998380346077
14.2331795550753
13.8766917739269
14.2701447579987
15.3368884103633
14.5382202722036
14.016733989775
15.4134888785138
15.28423274197
16.0267120316144
15.2906105502741
14.4500086789369
14.6360907126523
14.4296140201051
15.9036197566679
14.2795899339564
14.2320404395226
14.1033534351442
14.3133437517438
13.5383303648288
13.8081723787773
14.7329678832509
14.9464785093003
14.9499060995879
14.9558382302485
13.5527310780788
12.9598811374657
14.372844161528
15.2540313487033
15.1623531077122
16.6206902118063
16.5862746781465
15.8004679595255
15.698846702278
16.2245349203419
16.8991582345261
17.2397770383142
16.7476163843826
16.1008354724653
17.1172422994684
16.3485965263268
17.2736622357666
15.39873748536
16.211696228596
16.6471913874197
15.7601228076034
15.9306304685078
16.3286943427527
15.6358029690563
16.3825985021523
13.1783490101034
14.0024035462394
13.7653380625432
15.5316657949277
13.4034757338749
14.4464176406897
13.9520954740813
13.8366370768419
13.4936631341167
13.329702632482
14.1647703848057
13.4703161684371
12.6319038246041
13.8592852683099
13.6263571827907
13.8432733112347
13.5970589108235
13.5409078905648
13.2330140410592
12.4499225526571
13.1159078503971
14.0545869833306
14.2096852006908
15.2184519605203
14.4405232488531
14.9398456361377
14.5397424474204
15.2945357514538
14.6060768560538
13.2282864498559
14.8510796407654
14.8070621919305
13.0548709753176
14.1836459076923
14.4030119188008
14.3126682320968
13.821136390469
14.3837590135652
13.1103282070083
13.5102458538046
14.1981728740816
13.2662960186438
14.0419309440035
13.7881043980696
13.9522305770906
15.3252043151521
14.0209348420927
13.9789737979602
15.1666724654289
15.1004721871422
15.5816603523822
15.3162802261045
14.2363904736942
14.4180144193361
14.2198791083868
15.6319255081208
13.3625455081397
14.0139641462064
13.218342508139
14.4252091049936
12.9762881367591
14.0182585955904
14.6443805073937
14.5692196882281
14.7711210859886
15.1896600100097
13.2401938962693
12.929633344653
14.7048868048524
15.2889466798922
15.2830109550918
16.0723925727411
16.6583964795077
16.1734270282751
15.6249334528741
15.9578146111569
16.4274970026049
16.9730567291293
16.2653390329964
16.0573168447229
17.0749009763549
16.5421258780136
16.8711459130102
15.7397609880059
15.986066272008
16.9031011022338
15.8085090460167
16.0602541847646
16.6754836251288
15.5026955043096
16.4112196217865
13.7857093564827
13.6141303839013
13.8511958675975
15.0728811321799
13.0152025715367
14.1407513514332
13.7150625748892
13.9561080160588
13.3605842753511
13.1474523975515
13.8951143461296
13.5429673486826
12.7180259120739
13.8324575860655
13.2083139061002
13.9329881697661
13.703870032145
13.3559489750334
13.4700795247555
12.9692774253502
13.4049523435681
13.3686689809363
13.706642930998
15.1804666146639
14.2094684906759
14.8643463656378
14.3994203315985
15.0883444922031
14.3257684180939
13.5821904834888
14.7118100391685
14.4597259390227
12.7271114691104
14.5011637314805
14.0645402412543
14.4308564212454
13.8927510351051
14.459346000542
12.9202917291412
13.4977459825088
14.0081363962145
13.0762595407767
14.1449437032507
13.6746019301512
13.8785021680998
15.5210430257679
13.9472064331018
13.6622820508384
15.6972969117102
15.6310966334235
16.1122847986635
14.8667215951843
14.3858548632138
14.1013226722143
14.1063766404684
15.6963938177607
13.8092573286382
13.6972723990846
13.6650543286376
14.3117066370752
13.6830426950977
13.904756127672
14.5308780394753
14.97899368909
14.5151267206441
14.7429481895111
12.9841995309248
12.6736389793085
14.2581749843538
15.5763435056269
15.5704077808266
16.6030170190224
16.9457933052425
15.5958865338491
16.04208606957
16.5443377603009
16.7623410324021
17.5595798782733
16.6001830627936
15.9682723923476
16.9858565239796
15.9645853835876
17.1500912399447
15.7530694598524
15.9993747438545
16.5094411741763
15.8218175178632
15.6665942567071
16.4493153370891
15.6837598985895
16.4015665609124
13.3529738229001
13.5116487805718
13.7487142642681
14.8551537718097
13.4247096988964
14.0382697481038
13.6212993438623
13.8623447850319
13.2668210443241
13.0536891665246
13.7816118782112
13.4492041176556
12.8062643549851
13.4139678039877
13.8697670263089
14.2124752237491
13.983357086128
13.6354360290164
13.7495665787384
13.2487644793332
13.6844393975511
14.3273695321239
13.6941430597022
15.4747279849828
14.19696861938
14.9670922513827
14.5021662173434
15.382605862522
14.2235536882667
13.4799757536616
14.6095953093413
14.3575112091955
13.4338660274491
14.3499254145055
13.9623255114271
13.7676293735813
13.7905363052779
14.3571312707148
12.7175971606978
13.2928988970473
13.504720509013
12.8735649723333
13.7385880107137
13.4226446480824
14.0374221187654
15.3457825657043
14.0028967614249
13.8107924825225
15.5270831981814
15.4646968712763
15.9111565952009
14.8869781504851
14.4143715437061
13.8545821276442
13.3869083735984
15.2444257841162
13.8669384595127
13.4505318545145
13.7138708841508
14.0491483001793
13.6363129021033
13.642197790776
14.1503900903372
14.8037332290263
14.3970068217823
14.4851218438156
13.115923179507
12.8056348390391
14.0003486386583
15.7781599679151
15.6534337787933
16.1510489853779
16.912762255586
15.935645576605
15.8058478732591
16.3432095568383
16.3103729987576
17.3584516748107
16.1482150291491
15.3034381814223
16.3322013173194
16.3088825168388
17.0005540791934
15.9241118470578
16.1249389637888
16.6302030211997
15.940312872309
15.7918941942259
16.1065632370076
15.607476024574
15.6665942567071
13.6284782724256
13.8123732159597
13.9612531160102
14.6084132272396
13.5132756861551
13.733365963947
13.8119668680664
13.9551275729917
13.5607181908708
13.2443566907286
13.535298255648
13.6387660728495
12.9744006810314
13.3155232839341
13.8230372333145
13.8580985406869
13.7727777587069
13.2289974486216
13.5389872513173
13.038185151912
13.4738600701299
14.2706524747337
13.5774815578864
15.2979603043635
13.9017640408875
14.5607365588457
14.2138925979057
15.1775000876291
13.9097853287487
13.6367369702757
14.6136945949531
14.318413172836
13.2774550938879
13.9813055710251
13.9143628997063
13.657818864438
13.947297521892
14.385647951207
13.4786945186676
13.0694979180359
14.4759235931168
13.5920534048131
14.2347245920772
13.5947013844502
13.7454579038933
15.5937574065536
14.0272401681787
13.6687883039077
15.1893830176255
15.3604408765344
15.8726097866568
15.4574560014162
13.762287406674
14.5571704193431
14.2437857353219
16.0329962322556
13.6743240163064
14.1531201462134
13.4156321628813
14.0450601123476
13.7426786244959
13.7952073818588
14.4509774937743
14.9100181604102
14.6307110169724
14.4678196589443
13.3113127769496
12.8459135439246
14.062367451215
15.4840191187851
15.392340877794
16.3965843509179
16.4334930981626
16.3454041876068
15.3069849189564
16.1514142686946
16.9596712542133
17.1666563866669
16.8915648301674
16.2472547994428
17.2636616264458
16.6883052653337
17.3616918554267
15.7996054329298
16.4073366870913
16.7737734367312
16.0335400475851
16.3262379103774
16.7620376336788
15.9588941351396
16.5869573329501
13.2671846392275
13.8764978756534
13.6394323919571
15.1865764716133
13.7895587939779
14.2310841083365
13.5006091919486
13.6854647901619
13.2150401398488
13.0510796382141
13.9789421000224
13.3191438817572
12.9802510356505
13.9853255905728
13.6281665022081
13.7002882409395
13.5502359452217
13.6669482128277
13.2812775818357
12.703413582508
12.9729227801019
14.056396302748
13.9039325857402
15.205753837104
14.300661414613
14.7638488121483
14.5296364041415
15.4614351588285
14.3246176224949
13.0626067203422
14.3783717961348
14.5256029583716
13.3866699425726
14.4866916806088
14.1215526852419
14.1037252743242
13.5280059533673
13.8216031839055
12.8427970668248
13.5406053174751
14.3007087984178
13.129019240835
14.1809603997035
13.7544163502117
14.0325009867242
15.4441733773177
13.8115836330426
14.0285719488105
15.5172338714063
14.6488180152935
15.9882048807431
15.0472094474636
14.5560956854891
14.4370144850722
14.1671283432524
15.7057082381184
13.6824422122543
14.0329642119425
13.5062057134421
14.5282585337179
13.3837501842341
14.0230871607514
14.4948553329188
14.6326299784395
14.6414087028121
15.377361405558
13.1922454225356
12.5993954819225
14.7943673368374
15.5735572197848
15.5456101978971
16.273094854409
17.1294113976456
16.0323077239714
16.1374641627615
16.1860277694705
16.5390155816591
17.2012698874429
16.3874737315156
15.9776193972096
16.9952035288415
16.5804362907726
16.5865353731176
15.4746469481528
15.9012332145915
16.9080587902752
15.7840532609214
16.1791415624693
16.4220004317044
15.2753173135131
16.4281814776516
13.9667453428773
13.6039177592242
13.8032473938638
15.0940132340765
13.0049899468596
13.9561248083376
13.8297317899294
13.8008970642298
13.8602923178514
13.2073389483302
14.0423723705719
13.3479524842853
12.7078132873968
13.9540562276781
13.4852221331941
14.1097534745227
14.0929371624008
13.2959394405567
13.7288922926365
12.9458008042344
13.6117861019744
13.9561728175233
13.9249381167631
15.1549737113505
14.3886493852746
14.7909069000056
14.3728425812051
15.2593357184093
14.3070326347734
13.3674652513013
14.7988604853937
14.2433944232627
12.4060111176429
14.4994165316303
13.839344150133
14.0315312802297
13.9603151919144
14.4381338841448
13.2311725273392
13.0886962358924
14.4012648896531
13.5173947013494
14.1027152312917
13.6916764837931
13.894412012711
15.8576929899966
14.1624875269159
13.8432733112348
15.481651781636
15.3523956450922
16.0948749347367
15.6115174756653
14.1370115252975
14.462630034112
14.2445987299714
16.1113191348893
14.0191029457095
14.0585797609823
13.8428664468973
14.12832846161
13.7523631317167
13.6231570886436
14.5479525931172
14.9927553537548
14.1394302491797
14.7423366192785
12.7422552276706
12.1494052870575
14.1593425505579
15.8114883232962
15.7198100823051
16.6888531149285
17.1437316527394
16.0978821962784
16.0482399485056
16.3485965263268
17.0005251812926
17.3638386442992
16.8489833311491
16.0627352732648
17.0791421002679
16.6460107630796
17.1891104062937
15.216569005648
16.029527748884
17.0239970156737
15.5779543278914
16.3074360967617
16.5145156423504
15.2623858782725
16.6061556508066
13.4768361298225
13.5364247865026
13.2993593028064
15.0261772586789
13.4494857048272
13.9804388809529
14.1283923919125
14.0129339946731
13.6699600519479
13.5059995503132
13.979755094672
13.6466130862683
12.5246653159567
13.8533162297874
13.8253487598403
14.2457184499034
13.9995040494921
13.9433530292334
13.6354591797278
12.8523676913257
13.5183529890657
14.3060887257728
13.9094241535163
15.2249521549605
14.1402622016786
14.6790943654752
14.278991176758
15.301035945894
14.2703850431959
12.7625745636213
14.5153878279075
14.4713703790726
13.2689037422054
14.4443971783547
14.0673201059429
14.0614307720702
13.3554245042344
13.9180471273306
12.9015559458206
13.3257617195886
14.1196549752687
13.1877781198308
14.1027152312917
13.5403535162877
13.7442537542363
15.7075347315218
13.9631578922763
13.7448157376427
15.6318100401108
15.1530660104526
16.0948749347367
15.2589393614261
14.2883344928029
14.3113070666065
14.1543615984544
15.9611608764145
13.8197733110698
13.9072567934768
13.6435368122577
14.3276580962497
13.6010401642112
13.8224867232832
14.3966296256117
14.8414323862494
14.2273655447654
14.9733766659802
12.6964383550461
12.103588414433
14.3903825972597
15.4966460581136
15.4907103333132
16.537530147423
17.1437464383552
15.831668700253
16.2200936920194
16.3485965263268
16.8503669228178
17.3638386442992
16.6988250726743
16.1027850886267
17.1203692202587
16.3797972670543
16.989780771654
15.2623858782725
15.6881208793374
16.7194255685686
15.5860353514593
16.0040293586874
16.5176058634752
15.216569005648
16.6092458719315
13.6761657644621
13.2993593028064
13.5364247865026
14.8760190002041
13.2124202211309
13.8913790540648
13.8512859757865
13.7826473375185
13.4420250119867
13.2288931341872
13.8295968361972
13.3695066701423
12.5704821885813
13.571706315403
13.6740257923348
14.2457184499034
14.1988336841318
13.7961299627587
13.8347888143675
13.0516973259654
13.7176826237053
14.2076311521808
13.67235866982
15.3027437220627
14.2178338477744
14.7775519390673
14.3552755233044
15.4034710909164
14.1813252163077
12.961904198261
14.5153878279075
14.3152827372366
13.0695741075658
14.5976456579543
13.9200970394681
14.0153496170301
13.554754138874
14.0693700948361
13.0338446574128
13.2881419917294
13.820968005728
13.1898124690483
13.9393228768857
13.4936237232932
13.645436050435
15.3905804034519
13.6109106930944
13.7778135387838
15.331873120125
15.26948679322
15.7159465171446
15.0827193844592
14.0139339765753
13.8216031839055
13.4578874488092
15.4166743294519
13.4899935810204
13.4175529107758
13.3369260056585
14.1201273753901
13.502331361742
13.7131768659869
14.221369165548
14.5539721846198
14.4162711699339
14.4518786176613
13.1351875276585
12.8248991871907
13.967105412504
15.5687067294406
15.4439805403188
15.9558389073216
16.7033090171115
16.0936509615225
15.5958634788668
16.147999478782
16.3058803758552
17.1632415967543
16.1437224062467
15.6526921774116
16.6814553133086
16.4668879017563
16.7377130394356
15.9808477618505
16.1816748785815
16.8259442551738
15.9970487871017
15.9876354282
16.3165476313999
15.8319678618
15.8385785196272
13.3902718396125
13.6261457926214
13.7750256926719
14.193201343773
13.5322757518911
13.5471385406087
13.3972861405175
13.5404468454428
13.1460374633219
12.8296759631797
13.6062773308588
13.2240853453006
13.031136595824
13.7164920069826
13.6278271552582
13.4568655352229
13.3715447532428
12.8277644431576
13.1377542458533
12.636952146448
13.0726270646659
14.0989350853157
13.5727246525685
15.0879759099712
13.8970071355696
14.7849641136562
14.4381201527161
14.9675156932369
13.700065216772
13.1817484367948
14.4039744829763
14.1086930608593
13.1434735535266
14.1912899654173
13.7046427877295
13.6625757697559
13.4923089884111
13.9306594177261
12.959081492122
13.5106262574175
13.7462048404372
13.1150493037574
13.8408027405409
13.7413746050752
13.9059230386819
15.1499438550885
13.8713976813413
13.92225674057
14.9964587519001
14.934072424995
15.3805321489196
15.1679395723774
14.0596796651121
13.9660463856916
13.7056383305912
15.1799574744763
13.2149991499398
13.5619961125619
13.0619315745779
14.3678782571721
12.9295583437647
13.9609277477688
14.46912004733
14.3939592281644
14.6155296204858
15.0096104458005
13.3344459782104
13.0241576377426
14.5248372406432
15.3610073512192
15.2362811620974
15.6204245390966
16.4956096388901
16.1167099708848
15.5184510475243
15.7566864076943
15.9755289689604
16.7719285256667
15.8133709993519
15.5459953958127
16.5747585317098
16.4899469111187
16.7175060739794
15.743047452778
15.943874569509
16.8563713092394
15.7592484780291
16.0180624822656
16.5002231650652
15.5941675527275
15.959251588142
13.7404736863908
13.7096273302147
13.8585072302652
14.6209130985355
13.1037685587954
13.6306200782021
13.5707468190577
13.7139075239831
13.3194981418622
13.00313664172
13.8540282126407
13.3975460238409
12.7184063156868
13.7857277930711
13.1615841131058
13.7318599663035
13.6465391843235
13.1027588742383
13.4127486769339
12.9119465775286
13.3476214957466
13.311951923546
13.7952089182566
15.0036989340446
14.1194914012577
14.6632181621752
14.3163742012351
14.8832387173102
13.8067725695015
13.5337242110286
14.5106818357059
14.2154004135888
12.5707005355493
14.3000355280179
13.8113501404591
14.2833100630455
13.8442847626448
14.2826351919599
13.2986002695278
13.5063550424627
14.4061622736454
13.5848224435381
13.7727336221024
13.6211021696722
13.9769635876711
15.2154746501324
14.309401604726
13.7814140299854
15.0966441273084
14.8618103048585
15.3375459209287
15.2771985336131
14.1278315417089
14.5160729443949
14.1739018253319
15.7895313717717
13.8760209007922
14.1167873455957
13.6909198266187
14.3727633862029
13.1984569942199
13.8675920132364
14.4900718194487
14.6286444943893
14.5669013846452
14.8338725722875
13.452992608879
12.8604148794143
14.2508785035669
15.0948967757506
14.8590265356349
16.1519547814033
16.4183859547441
15.6803937567767
15.221896040371
15.5353688096561
16.6603076908667
16.5506109276285
16.5087658407232
15.9092711442726
16.9355747733612
16.2285223235779
17.0032719144551
15.6110612478197
16.0134543290584
16.5810364918555
15.8821636882468
15.8545787708581
16.1785273881832
15.5332844663333
16.1147304817387
13.5557863683991
14.0183170029449
14.0183170029449
15.2384846246001
13.4135638005356
14.2882790705167
13.7055366788028
13.5204943737936
13.1775204310684
13.0820382681934
13.9090581900325
13.2237573731586
12.8413215259044
13.8204777647231
13.1617216534185
13.2005614219081
13.4887226228493
13.1227265825517
13.1246777530851
12.341586264683
13.0075715624229
13.4657846870649
14.0900174763903
15.0735247698386
14.295376137165
14.7559978726632
14.5230638271442
15.000601191579
14.3612969290331
13.2216327085676
14.3906337077926
14.5622822649098
12.7671995255553
13.7957162505056
14.1670965671414
14.2103356524317
13.8144826491806
14.2008540690209
12.9549672385716
13.1598857722155
13.8896659548244
13.0683261247171
13.5446132216891
13.314940705357
13.5930253418695
15.154473956438
13.9391701090048
13.1684887329687
15.2161006685198
15.2815808415225
15.5270060780708
14.9281938548099
14.1648327283073
14.1721730399364
13.9639024657101
15.2727681794484
13.9177006605172
13.7728874411372
13.6501442317307
14.0803086719682
13.2132999319376
13.8304559414793
14.1839103551335
14.4889045127497
14.2317198524892
14.5559253008864
13.1958600693578
12.7304608363327
14.1504730931572
15.6821589524325
15.4462887123168
16.2714113226147
16.6228787813603
15.5161904428832
15.6223160511855
15.7499118572459
16.2593240025887
16.7651539752183
16.1912175785427
15.2588768717015
16.2851805007901
15.8590915206101
17.1188505752932
15.5336173701306
15.730782962295
16.1358697083589
15.6772691029697
15.6784373799196
16.1440798652508
15.4033304232516
16.0921018528154
13.6869806321677
13.9300406172209
13.9300406172209
15.0716128851439
13.3241818458016
14.1094692540155
13.9913792910218
14.1077565504755
13.6373319001623
13.5429553062974
13.6990588304107
13.8110195498405
12.6364269406274
13.2835553217374
13.3762647010082
13.175363427196
13.5596867328307
13.3665539803977
13.2907283694447
12.712864370117
12.9823735677108
13.6025509531682
13.7572549562236
14.7270554995913
14.1285043977087
14.4112972754515
14.3442540106429
14.8337294521227
14.0553997471334
13.4646620769936
13.8934879148212
14.2563850830101
12.909493170861
13.5560412384989
13.8611993852417
13.970660640425
13.9300613100187
14.0474073373008
12.9540661112132
13.0825340990421
14.1721651406612
13.2402882852234
13.9872026007488
13.3351260272133
13.8969710779181
15.6178198729904
14.1158752159581
14.0397580852485
15.6843202055034
15.2055761758451
16.1473851001292
15.2589393614261
14.5460721472699
14.6062494142123
13.94913410938
16.0508757349459
14.0250008001442
14.2021991410826
13.848764301332
14.1224306071753
13.6010401642112
13.6172592342088
14.1914021365373
14.8794325177215
14.8290691339859
15.1551114664162
13.2981419442666
12.7052920036535
14.5721173976956
15.2389084036467
15.2329726788463
16.5900403128156
16.8860087838882
15.8696688317252
16.014866202945
16.4011066917193
16.9400817813492
17.4163488096917
16.7885399312057
16.2159926357965
17.2335767674285
16.4177973985264
17.0277809031262
15.8501105894904
16.2758455905553
16.7194255685686
16.1737600626772
16.0040293586874
16.5176058634752
15.6130451057941
16.585753183293
13.6378987594878
13.8633270429703
14.1003925266665
15.0432463578063
13.5711604722205
14.4553467942287
13.7987758103939
13.730137172126
13.3895148465942
13.1763829687947
13.6243693471228
13.3169965047498
13.1582068997991
13.6099733203774
13.7265359577274
13.8492423497572
13.8023575839856
13.3996538626125
13.4383127142213
12.6552212258193
13.3212065235592
14.2076311521808
13.4291310492735
15.2647435905906
13.9746062272279
14.9310647010824
14.5087882853196
15.3654709594442
14.4762675639135
13.2051318188075
14.8103301755133
14.6102250848423
13.0695741075658
14.5976456579543
14.2150393870739
14.2205771061045
13.7979817594205
14.3125977153826
