17.3776169195987
13.3567506975945
17.8282736591126
12.2694924347937
18.9227597992065
16.3459774507036
18.0407380456396
19.6087266500713
20.4104061773633
19.6980182456579
18.5634535095228
18.2494584189409
20.5555649789609
10.9017843583504
11.5896204714121
12.9214196413678
18.6155378510291
12.9567337510984
12.0077534872293
10.4836513425332
12.0233508076348
18.5485705181496
19.7000330969875
16.7260606303204
17.3713150311561
16.7192252969779
17.038323363036
18.4471701727696
18.2061867665456
19.3873669847502
19.1050586894865
19.0559448448705
17.3284699768702
17.1379758901141
12.5719895469449
12.2104290354713
20.0819569100674
18.8398103424008
19.271847759218
17.9081376861227
19.2475561025851
19.8119538926127
17.345654211276
20.6949540070189
18.1804008418212
20.3806025463721
20.3809589164371
18.1693287391553
18.4849159957065
15.7396351355919
16.6691414631813
18.0129523900347
16.9469148988042
17.1661556283539
18.1887855572115
17.7928942685008
19.432113027231
18.2721092665064
18.3883596565401
17.5403924538748
14.2142699023135
12.8602199239642
17.584265322009
14.0340731043963
13.9707396980769
13.9083446845801
17.5667118927378
19.9557389913888
18.6190812827115
19.6534313079832
19.641743900807
19.014155097779
17.5107238433372
13.7057248456671
13.292646943482
17.7697037319838
19.7080795461329
18.7397142427915
19.9551659991194
18.8463327861043
19.0952218740172
19.6014610028202
18.5041020789536
20.295741231912
19.9817461413301
19.6878630925164
20.6793968053992
20.2092347303673
18.4403598424952
18.1426223272947
18.7000608403137
18.9973400011019
19.2822538994076
19.289280356877
19.0685966029428
18.2891520506167
13.6953705891099
22.9653834394722
22.4938742010363
21.9874045252689
22.884802892416
21.8191224520708
23.2889748582364
21.3675559392968
20.9206183680027
21.83119625501
22.3442521258188
19.5734077146052
20.2396141224445
21.7241419820493
21.9199231296163
19.8704479948001
23.3357737137624
22.4482399427456
23.3928809942517
20.9082215940512
23.4409216514283
22.953523188808
23.0951700588576
23.3550501589625
20.7035082852688
20.2365553126303
20.2190097940671
20.5946517843951
20.9345464521756
20.2927473377123
21.4378274183424
19.810317249947
22.1891854482165
21.1330481456311
21.8641146112774
22.2860113388328
20.0448790036919
21.7871346130729
21.2444045058991
21.9138884666604
21.5195071186138
22.7986704568742
22.0786182183145
20.5257126505287
20.8906385313306
22.6816450269555
20.0718739851738
20.4369863366103
20.8124795149309
21.0482933344347
21.0539820730436
21.7771149833726
20.9215177923463
21.4572619961303
21.5221623269337
21.097444559235
20.7904680465433
20.6556975165983
22.3322144120459
21.1438437007335
21.1285626422858
22.2036526752903
22.2525038615306
21.8926199146033
21.892450319631
22.5543447760179
21.6732287253364
21.7815765720488
22.7953366818878
22.5543447760179
21.9165461741727
20.7844678416408
22.2029853673585
22.1342933674088
20.7128158845446
21.110789776829
21.7683776256384
19.8915219038916
20.9540515080826
20.314175772973
21.103426058848
20.7753206270852
20.8096429248906
21.2611709106029
20.6024202903619
21.6844798248932
20.9438263091116
21.089244080579
20.6824814438516
20.5715302394458
20.7129363843052
19.7861360880337
20.2405238765565
19.2614065711671
20.6089823606604
22.1202061339896
19.6448478555342
20.5868714210916
22.1850172613591
21.423779113469
21.0322134465441
22.2269782251751
21.3365918066061
22.5872558568269
20.1663949775377
19.5372709710572
20.7220681993162
22.08689972768
18.8833784273263
19.0444279248218
20.6415179130305
20.8260752317017
19.2491130060632
22.678415994164
21.8404524852371
22.6916943675457
19.9001091156959
23.1427936384951
22.2810168796867
22.4139267703798
22.6644941354034
19.5566057421046
19.5964618821653
18.9256302099051
19.5693387336225
20.0287140744389
18.7788339613283
20.1349681352633
18.422731698701
21.5364763477205
20.0757704106595
21.2211319007027
21.3041823044372
19.3728326790348
21.2825994884028
20.3422875883437
21.4383638392003
20.9416092026104
22.112225650971
21.0885414263917
19.8118741420716
20.0630852355224
21.8314559251952
19.3254794560224
19.2456574251201
20.3504020373149
20.3040747334197
19.7728052358605
20.8655578536727
19.6142592322112
20.4160338665027
20.4151953051672
19.7002706566439
19.4139011773198
19.7403459471659
21.3302939992634
19.9837841298171
20.0890864632829
21.2124127013969
21.2505834487481
21.3785706609314
21.3698834232437
21.6183212862666
21.1507988548339
21.2675273183769
22.0620958695764
21.6183212862666
21.8115210038842
20.4984718064009
21.7664207973874
21.9632419663901
20.1603819519591
19.7395668805268
20.7571694194751
19.1367803031982
19.7904933225137
19.6179580444114
20.5825103920958
20.0274930034414
20.3331637630772
20.6784719283403
19.9187100459405
20.8038070877673
20.1059720960532
20.2447731199685
19.7845290611362
19.7347797083091
19.8063878727047
18.7152172502002
19.9788037873571
18.8588318095039
19.4001465459938
21.4043104471862
18.8143252079809
19.3476421917302
21.4661248456695
20.8157521869283
