8.85121523342151
8.1307519173044
8.56358719782283
9.77572648320516
9.13363704506087
8.37645887259029
8.56358719782283
9.32076537029341
8.88793008977498
6.15332416937351
5.45754793338645
8.37393761603782
8.9226244461634
8.16544627369282
9.32076537029341
7.48170037353711
5.89923757961174
8.2388785460077
8.40582563657985
9.1311157885084
7.98499199920147
7.28921576321441
7.54832174536838
7.90048052544676
7.19029319291819
8.16544627369282
6.54476510838917
7.19029319291819
8.37645887259029
8.40582563657985
8.1307519173044
7.48170037353711
5.89923757961174
8.56358719782283
6.526813896028
5.89923757961174
6.69345193851475
8.85121523342151
8.56358719782283
3.03783582533073
2.12015727867847
2.48802583351533
4.23066049243191
3.3087145928913
2.57995528532306
2.03039047344565
3.42206763570113
2.84891658624671
4.35761405957862
2.90009544444214
1.45751861513646
0.728759307568225
0
3.83621197337702
2.18722924429403
2.6210451433948
2.91598855186227
2.23288291326273
1.45751861513646
2.76629904637682
2.03753973880858
1.38885309624774
3.70125877567941
2.97249946811117
4.59109378075996
3.6734152341077
4.11150425261782
5.86389948839576
4.86197254832053
4.13321324075229
3.66763183733327
5.05530663166499
4.40217454167594
3.20866995490857
1.75115133977208
3.6133164969342
3.41520306790938
2.68644376034114
5.46945096934087
3.29915567929742
1.48069410876127
4.02791498686566
3.86612190922659
3.6133164969342
2.50276214130318
1.77400283373494
2.02634997166162
3.42963487789624
2.700875570328
3.41963087339352
2.50195232674125
4.3858383954223
5.42119588859755
4.41926894852232
3.69050964095408
3.91290485221814
4.61260303186678
3.95947094187773
3.12072767616336
2.80403210448743
2.44185358956776
3.70125877567941
2.97249946811117
4.29798806197443
2.85645207949922
2.35118567570996
3.58521138706746
3.42341830942838
3.89937220470424
2.1862779227047
1.45751861513646
2.31240567943166
1.45751861513646
0.728759307568225
1.1866398475759
1.18855731421282
2.15284736960468
3.18820486277994
1.45751861513646
0.728759307568225
2.15284736960468
2.79375634372505
2.6460759293493
4.55306534658764
4.23636977491172
2.04930940677965
3.3087145928913
2.57995528532306
2.06499703615681
2.98522045767156
3.78352334613425
3.7139797652398
2.59950983968971
3.50682802191612
4.2211555194975
3.49239621192926
2.83562257665889
3.69050964095408
2.96175033338584
3.05739037969739
2.13971183304512
1.62090952463369
3.71459903220956
3.29920801933835
2.59950983968971
0.907087884955168
2.36460650009165
2.83941001269376
4.76569998099034
3.32966350768078
2.51097738282218
2.26194404118234
1.55466687544101
3.07842813977017
1.88987082555733
2.95079172851197
2.61863013312557
0.728759307568222
2.54003851074179
3.17438496778854
2.46710780204722
1.90961575836971
4.15217761699662
3.42341830942838
2.37519716178873
0.728759307568222
1.89560763364659
3.64800286942453
2.6460759293493
1.91731662178106
1.45173521836204
2.83941001269376
1.45751861513646
4.62391321848646
3.16639460334998
2.31827070770329
2.12015727867847
1.39139797111023
3.25355435036964
2.52542245102697
2.89593737233917
3.25418175859521
2.13971183304512
2.31827070770329
3.03259820528466
2.30383889771642
1.64706526244606
3.95947094187773
3.23071163430949
2.81391358852443
1.89623504187216
3.12982796923866
4.41335312426788
3.7139797652398
2.98522045767156
2.53458847221124
3.26334777977948
3.25418175859521
3.84973875202784
3.37120085851692
1.83613630469866
2.91598855186227
2.18722924429403
3.12982796923866
0.728759307568218
2.65007878949731
1.45751861513646
1.88987082555733
3.19408302142172
3.30711691750801
2.57835760993977
2.00156501520402
2.98718304639428
2.25842373882604
4.24140388614192
3.32372533948965
3.91666881899543
5.36356007813383
4.51228265370248
3.78352334613425
3.44373527579127
4.43529086978448
4.05248464705789
2.25053473198116
0.793016116844683
3.26362660231616
3.34980445096303
2.6210451433948
4.90822441298864
2.65007878949731
0
3.37883809706555
3.21704501942648
3.56459794273392
2.43736352435683
1.70860421678859
1.97763141746134
3.0799449832782
2.35118567570996
2.61072790961236
2.13971183304512
1.63305713772293
2.34112207798742
2.06499703615681
1.435809627002
0.728759307568222
0.728759307568222
2.11065070512552
5.27704530847551
4.41556427060255
3.00046392561195
3.42206763570113
2.7223694560525
2.36181644529118
1.805829164643
3.70653156221624
2.53458847221124
0.907087884955168
3.70016210526058
4.33450856230733
3.6348103826587
3.05801778792295
4.61260303186678
3.91290485221814
4.10314239927013
3.18546385261787
4.04120361854861
4.63236062262864
3.84706831889852
3.11830901133028
3.56827007534446
3.72489620660884
3.38727031225393
3.20357303427615
2.15132410138675
3.12536511544437
3.57602995345317
2.84727064588493
4.76996292611685
1.76173630582615
1.43020203236714
2.4904956133944
2.46049039788448
3.85412442301261
2.66358902684697
1.93482971927872
2.26715789774003
2.94168349640642
2.21292418883818
4.81283245757049
3.89515391091822
4.99178177332333
5.55499228666287
4.55306534658764
3.8243060390194
4.53414641325365
4.7463994299321
4.09326733994305
2.25053473198116
1.33129923393673
3.83505517374473
4.35761405957862
3.62885475201038
5.6911896461514
3.1209794444596
1.52177542441292
3.84973875202784
3.62705852829847
4.56381448131297
3.44517313297242
2.71641382540418
2.97684795604039
3.65137355470677
2.92261424713853
3.66422104416689
2.74654249751463
4.55044752566106
5.58580501883631
4.6638591192957
3.93509981172746
4.07751398245691
4.77721216210554
4.20406111265111
2.47991064734033
2.15512808295487
2.68644376034114
3.93776195374326
3.20900264617502
4.46259719221318
3.02106120973797
1.6303876063523
3.74982051730621
3.58802743966714
4.14396237547762
3.02532102713706
2.29656171956882
2.55699585020504
2.50276214130318
1.77400283373494
0.728759307568225
2.37519716178873
1.40353667453085
2.73032432277226
2.64415846271238
1.91539915514414
1.89369016700967
3.25163688373273
3.10395646935697
5.54159176513873
4.08407315000225
3.23594925435556
3.03783582533073
2.30907651776249
2.73032432277226
3.44310099767923
3.81361591899143
4.17186030524747
3.05739037969739
3.23594925435556
3.95027675193693
3.22151744436869
2.56474380909832
4.87714948852999
4.14839018096175
1.40353667453085
1.89560763364659
0.728759307568222
2.35605974587714
2.79375634372505
2.15284736960468
1.63305713772293
2.36181644529118
3.25355435036964
5.16054376760799
4.87319963067223
2.75635972621342
3.83621197337702
3.19530299925665
0.728759307568222
3.12982796923866
4.1794651054204
3.8585872768069
2.34966883220193
4.11430644293647
4.74865289998322
4.10774392586285
3.53095133112711
4.29798806197443
3.66880065281961
