4.0001901230836
2.5229409284453
5.53952900997646
3.489555184585
3.79510986448589
2.16795069390174
3.75533257155617
4.25452566437861
3.6959045682982
1.840757775691
1.67491709969585
3.42272403957029
1.33012283719241
1.62715917058414
3.21133578277384
2.26246652533965
2.92545510444484
2.70070084427524
2.36636792116705
1.66484262535233
2.93767658765918
2.16396851790577
2.4252619592915
3.04811107071298
2.66451719324431
2.88653232513862
3.21392930317186
2.1528156086253
2.87321868819446
