13.9836503544371
14.8090953400846
14.5524191039122
13.7371347829564
14.788757822723
13.6527904794672
14.0131956593953
14.0131956593953
14.2307568816916
15.388319193162
11.4828744211646
14.1458152307916
14.5661895292668
15.0996340438249
12.4985976920853
13.6263466198456
12.1192818034369
18.2279331625456
13.5894812086792
13.310265637622
13.7393893504714
18.0271676460895
14.5765021936794
13.9181146543046
17.3684452659024
17.8085754436782
14.8973224277642
14.9073309868586
15.5337053231882
16.6685499235981
16.1985636783917
14.4032236101023
12.8173113614484
13.3584364006042
13.6684381048367
13.5059251426205
18.5085939719992
14.2475965248341
13.3945281386407
15.0252958570178
16.7542898444723
17.9214624013893
16.760224607603
17.938661278403
16.600624619342
16.3494295414208
15.5435320490555
15.3020297652406
15.2298210281737
16.5252436360981
17.8990753935514
16.9166376488378
17.9308918284808
11.1583609991185
15.0033944991975
12.3028320174088
12.9237572547671
11.6204881985603
14.026964949814
14.8479054019764
14.5477448170836
19.1435105649385
15.3021629464025
14.598055430108
13.1468311478831
14.780018713841
15.5190023832522
16.7702619134034
15.5363713053204
15.8555705078239
15.5901408163814
16.2747186882246
15.0253572777726
15.1905487427333
13.7346254159583
13.6968089363241
13.0083614139601
13.7134164541524
15.3232954517198
13.1441344175258
15.2779291293974
15.4859838320424
15.8094936432234
13.5959816621942
14.3838689782757
15.7430401650984
14.8240921675626
14.6351344209261
15.3860791637118
14.1728552423104
16.0080122125344
14.1266227642456
14.9392477547378
16.0261247921027
15.0077431826867
6.20458009536699
5.34641106374031
5.79382311833313
11.1596529924377
12.526973687979
4.94799051979761
8.6510459232382
8.85470947516959
9.29910210015423
9.9783059044507
12.2809961052028
6.92173022036648
9.64048058891557
9.72956162852984
9.96161505565199
7.07691150579069
9.6364876399067
9.51483440986586
6.93495286809751
7.87281889026681
7.04152496886523
6.73963623158559
4.94059877409759
9.04008191212513
9.98954569016475
9.99660436739604
6.80775761771778
7.39060756954747
5.50247855812902
7.96962860788302
9.98133637680662
13.881741690404
12.1084523974901
11.6158390696029
5.63092698581536
11.4272334882491
10.4376037588642
10.3515919623205
10.5064130266302
14.2704560620362
7.39946656883693
7.63168669063893
9.75254940875017
7.97698654822441
9.73051558755896
5.73042838861756
5.43410379968972
7.36850757934122
6.03012429708831
5.58314326051223
8.91473684719279
8.77270413327305
7.91931569011319
8.28720399030558
10.3306844600755
10.6641115141538
8.60930749939639
7.59449553560081
8.51863648771977
13.4559723160474
11.2172473197988
11.6239001232654
13.089833111794
11.4295145734445
11.4273837470563
11.9608566347796
5.1435078463128
9.82263458803305
9.53606908364272
7.13199380052828
10.3642342160938
7.84084610482888
5.21589359384401
4.94235431217927
4.90528955208529
6.13375833393268
7.720755125686
5.79867912893693
2.59546344723761
5.43238198454984
5.73711432980011
9.15699624841155
12.1618719961096
4.84903740162697
8.73113078958879
8.73113078958879
9.19837510885761
8.93212987304871
10.8193888011899
6.96686568109601
9.74213027208669
9.66779857676099
10.0245593070917
7.62610892755064
9.68757688781275
10.8941474710155
6.37046751728014
7.71198599880555
5.08317133083799
7.70817230702396
4.0168412954552
9.20663742033131
10.7321086776226
11.0464141710691
6.38425394698226
7.01262862377437
5.48329079717355
7.4655712887653
10.1954141842381
12.7521571967169
11.8796996967808
9.62802398251044
4.6540764088439
10.1447472831737
11.5594434963574
9.44668104868998
10.0164232498594
13.6883466739577
7.79199558321115
9.03201176291251
10.7669837562453
8.91269893476206
10.6382280734044
5.82048894428228
6.71823944482712
5.01635853048931
5.63166562965671
6.5610270978385
7.71469396254555
6.41767367780565
7.54337372823692
6.61326811790499
9.25443803609814
9.95474912485126
7.32278813773343
6.03497087495161
8.19688220532559
12.071317412612
9.57540116978713
12.5963284757385
12.5026798155185
10.8059358565341
11.1688606892361
10.9878991402671
5.3792127151583
10.1385219698462
8.14603399604072
5.36531703995423
8.7622606029695
6.39376287186319
4.20699035765033
4.20699035765033
3.22764815666876
5.43198937254792
7.14860769962951
5.52578581039683
5.79787906781223
4.04608059895078
7.06282099494121
12.0855867193783
14.2922236473602
5.40452613133657
10.2723116308049
10.2723116308049
9.50812445881804
9.40672319942411
12.1568339989004
8.7166083790213
10.4297134125544
10.755127692916
12.0757596875393
9.52673635901097
11.7404497805103
9.5816284727506
9.01657323794087
9.7073601342363
4.77727900070487
6.01299180373988
5.98773628708215
9.96287049989799
8.82261586723619
9.32143499814384
5.23292970088461
8.52971535380632
6.24636269824624
8.86841735955312
12.4693975692219
15.2191537028401
12.4057053541608
12.1263781472156
7.08068679990791
12.0404263819762
12.3631897547604
11.3753216388069
12.4784690091869
16.0737418197154
9.51869222694359
9.0421023829015
11.0099517936748
9.62885110612029
11.2607024135911
8.72875931277628
8.94353238062649
7.95670860283041
7.05492445525692
7.98735951314541
9.38349594268003
9.63109983381402
9.29699418323563
9.3645466764886
9.43280725129707
11.3329398376734
8.38190424445603
8.51248260336788
9.25476932339617
12.6879220043778
11.9710402866636
13.1961891639188
14.0739784650515
13.2719486269496
12.4949891753885
12.8434147605585
6.27148494298758
10.7706923868291
7.46955130421058
4.82295259424905
7.80488806287537
5.54723851036151
4.65847280879633
4.65847280879633
5.15074760898948
7.16125078682486
8.87131727969958
7.83140279650462
6.28156220703382
4.46108590634151
6.87879005476687
11.684769852595
12.4878134847754
5.30576010184185
8.99243134910509
8.89807052952251
9.54896651458297
9.40052233566536
11.999413444491
6.78832864751627
9.8903450033443
9.68784933251252
9.58697343933385
6.64306341345305
9.99720723805787
9.68174920323085
6.9165500434359
8.11053090264125
6.42494367808378
6.66207393135173
5.24082131051475
9.44107694200911
10.1564604835297
10.163519160761
5.93172248892277
7.64311755974131
5.46242631246763
8.25613767188754
10.2314729739059
14.0413784797569
12.1534137989324
11.7673760056116
5.32456891662199
11.8280994216444
11.0969324864614
10.5617310802101
10.567162923417
14.8265461405256
7.38712478732754
8.86926388611314
11.2408724049305
9.13990651609183
11.0329742445965
5.72126062691586
7.33357957655375
7.95039026809551
6.40169065197779
5.76251051777636
8.74494564419859
9.15753236694411
8.36106044316201
8.41640310452227
10.3161883630282
11.2143053745741
8.91831826490783
7.87349581542693
8.94765690639742
13.8951920672875
11.2726895048043
12.0304712656106
13.4150020960274
11.810221573101
11.6650957594308
12.1440358484741
6.13797760039375
11.146570468275
8.28995367749084
5.93772005536839
8.72607279549318
6.59181888756092
4.45730386400442
4.38531069201019
4.55810897806261
6.7597498524316
8.34674664418493
6.50977703041458
5.87991153615638
4.04453708770309
6.97956145916255
12.1148531530917
14.5043057930539
5.93609064516254
10.362598763717
10.362598763717
9.26388523803353
9.93828771325009
12.6897008462575
8.54657285563409
10.0504846433616
10.3463549564454
12.0822742449108
9.51787052178723
11.7452918256319
9.54275833305643
8.89534719908572
9.51622115232524
5.30884351453085
5.97815262079586
6.01700272079556
9.922396573302
8.78374572754202
9.28256485844967
5.72812174780535
8.11242414340646
6.8030322007701
8.92711399479224
12.3549065105459
15.267191760824
12.7842933771846
12.2008612248157
7.61225131373389
12.133116088252
12.2447957066598
11.4045880725203
12.5958167972813
16.1700402628504
9.40029817884301
9.03893934495846
11.0001060074896
9.55073251434951
11.2508566274059
8.72865497178447
8.82904132195046
7.95660426183859
6.9660094457121
7.8984445036006
9.3833916016882
9.63099549282219
9.2968898422438
9.32402955487633
10.0657391700539
11.4371861946867
8.31345823267377
8.50361676614415
9.21425220178389
12.8329979657506
12.0306979791722
13.1911928578833
14.222288160098
13.4494221181503
12.3556817996809
12.973086622197
6.31979666556044
10.7951329340413
7.7549526591745
5.00924316357253
8.07161392111626
5.733529079685
4.68773924250975
4.68773924250975
5.18001404270291
7.20298966629797
8.92616300618881
7.95022925264717
3.81785643231316
5.49195473389155
6.41005270452705
11.0131167154303
12.0495269208305
5.25274778367109
8.86117027480731
8.77606389182858
8.66371409586701
8.77263883894877
9.76480961272766
6.28557809015042
8.15545211026888
8.79381124670498
9.81520305828721
7.41675267874619
9.61631053253325
10.2440387103552
7.27149171078887
7.95225674319344
3.74126498581003
6.38170847712498
5.77923616749654
8.53713874865824
10.484293703558
10.814086043055
5.11801006898644
7.76089922681079
4.42611983449231
7.67093147083835
9.98099260722417
12.7899919025703
11.5803607541908
10.2968173136109
4.00205987240817
10.2236287643313
10.7455934665788
9.33228882402613
10.1030044253468
14.2550779568544
7.74494244322246
8.9703481421114
10.7023608034597
7.88451213052905
9.9094302345054
6.77832429965304
6.76137451942588
6.95797989435885
7.0368943469424
7.33805146303757
7.68916283326527
8.63370594719341
7.71989032923209
7.17609248043829
7.92218617306391
9.10475074283754
6.90543324627851
7.16118703366764
7.4643364198572
12.1385134546397
8.67439557091055
11.9865741666479
12.9139667104772
11.6210188957928
10.9085412762216
10.7605837843116
4.67019073082104
9.8309539122951
9.58015288428548
6.82270599573148
8.97456706922506
6.63819221055123
3.07483252998356
3.39995994572885
4.22604177256884
3.84353937718512
5.56671271707596
4.89172297249233
4.38963930163918
4.52938248611984
6.05796692723415
11.3741774278067
12.5447291989612
5.84660762765877
9.67553341542158
9.54824421659425
9.32575421208507
9.83485659517953
10.5757269758456
5.22979678306988
8.85423058251462
9.4922238298283
10.1523735261081
7.88049301506319
9.96784357978964
10.105299480018
7.36437903259708
7.95908554871778
4.97852488883467
6.58180258913079
6.07909510174797
8.25486960198125
10.3491208615988
10.6735925374715
5.67846994901525
6.84258324323724
4.50901855259649
7.15240682050822
10.1417035539946
13.0410634551852
11.9999935503264
10.5239023927952
4.58738543045033
10.1878371556314
11.4594432347537
10.1769499048
10.2568851968099
14.4152575449574
8.15803825270787
7.51992947339949
9.2519421347478
6.91866932901214
8.4492802293712
7.21570902582583
6.35700174741989
7.19242692244926
6.76540834491583
7.35592246954348
8.33300837923119
8.86815297528383
8.363735875198
7.35184152239834
9.0993877234142
9.68584562675728
6.76584081185008
6.83287819148324
7.32474398542878
12.8880401505385
9.09203726964283
11.4323994418863
13.5533270081301
11.7981526736195
10.7625728486874
10.9418071228726
5.51318803860835
8.62208497188299
10.0375713265647
7.22654027003903
9.44148131730693
7.07019778738444
2.69677465882736
3.02190207457265
3.73085975496562
4.11032840509799
5.8260732368894
5.2900800407403
5.9373915184694
3.99224473683184
6.74400673461222
12.1253918792823
13.672120907217
6.07147069243184
9.95079690001469
9.86569051703597
9.84539857294908
9.9946010235296
12.1272551852593
8.53376526582642
9.33713658735096
9.98039033075948
11.7554809026154
9.19107717949186
11.5565883768615
9.67174086892902
8.85944809807025
10.0451552142778
4.9376638012949
5.85950984927995
6.09728325502191
10.3704684098883
9.96474541224183
10.3784581601708
6.28423478639296
8.7201501189267
6.84280413128738
8.81095477616452
11.2917296830852
14.7557751076828
12.9509917741346
11.7500059217379
6.44623855319706
11.8522394681669
11.9656565387827
10.2679788188545
11.7316151291824
15.8758708517872
9.00392975555465
10.1116022182799
12.0919423514968
9.14817040163635
11.3660307957328
7.89796758269305
8.14868171740807
7.98828845036994
8.01476470130573
8.39630533338666
8.55270421259679
9.33059436719844
8.58343170856359
9.19076263895106
9.86669492583182
11.1989987194118
9.01588182791401
9.10403955826401
9.26740643192017
12.7980626525239
10.8249491203624
13.0085130027476
13.8770291262336
13.2165519865676
13.0014397473059
12.3747956315082
5.89495591034179
11.2875544735225
7.66150248372553
4.90043726246546
7.24718281360916
4.91529583296651
4.19865274242612
4.52378015817141
5.35782250660328
5.95187052278241
7.67504386267325
7.00005411808962
5.17431689143017
3.97742029274884
5.84521941984839
11.2064438817465
12.6761292573541
5.17268337766801
9.02011076342566
8.93500438044693
8.83597102941865
9.38285647062671
11.0654985588098
7.71869122536857
8.32770904382053
8.96606818025662
10.7411587521126
8.176755028989
10.5422662263586
9.74207019989679
7.93857085668693
9.03083306377492
4.08932095412541
5.99628641351078
5.19062633218788
9.68084871198599
9.98232519309961
10.3121175325966
5.4267760371749
7.82136280416287
5.82848198078454
7.91216746140068
10.3929423683214
13.74145295718
12.3739352787842
10.7356837712351
5.52792447144076
10.8379173176641
10.9513343882798
9.65623426595161
10.7172929786796
14.8615487012843
7.99564703098993
9.1071290196634
11.065690703167
8.14369720301982
10.2630287977903
6.91293074385342
7.22973371987225
7.06934045283413
7.08269012258977
7.38384723868494
7.54823101398026
8.49708450026399
7.57895850994707
8.27181464141525
8.85237277532896
10.2259204069127
7.98199847942429
8.1850915607282
8.25308428141732
12.5196473392104
9.81062696985956
12.1931623021116
13.4653750574399
12.1560694092638
11.9871175968031
11.3143130542044
5.18164358772058
10.18455247558
8.41213348693334
5.73118495607294
7.84847975763898
5.50676259191373
3.14926281517572
3.47439023092102
4.30843257935289
5.03080516488621
6.75397850477705
6.07898876019342
6.18729454935365
5.31387327100042
4.73125980123785
10.4526793915011
13.1007649649315
4.38510113092586
8.96437222414387
9.07033924523635
9.22154081796348
9.68870994837386
11.8580265002578
8.27527882776771
9.5233000196932
9.64261284784364
10.8770009615283
7.93309093564746
10.4892099285734
8.82005521909515
7.14956208632057
8.76000778834834
6.63055139295228
6.29723220877543
4.80492684523382
10.0260923843486
9.50424284808886
9.90758351915029
7.03985624534924
7.33835852439148
6.11062439467226
7.03492038193707
10.0621963222958
14.7246216676464
12.2040781630311
11.549439808093
5.36302695368849
11.9902475666893
10.7783843027964
9.90158296472383
11.6880336240774
15.321111666019
8.02154962862505
8.52799301865865
10.7226857712677
8.28728378961853
10.5998939939123
6.5342439862043
6.399185250754
6.74912717384879
5.75713553353019
7.05404020323149
8.72028753322333
8.07949369328283
8.01565381472084
8.23727043071133
9.6709031255175
10.1009010673459
8.5970327542865
7.15023840853584
8.35415899749235
13.398623139146
11.6978347300126
12.2972220678682
13.4733743808149
12.5479317353436
12.1395477577623
12.4704411810631
4.03702030835213
9.91529818376739
9.36681354943405
6.98509629471312
9.81547237912788
7.31821896518066
6.04825578717187
6.13336217015059
5.29218557648914
6.29153585065759
7.90825083917375
6.3906266796451
6.05251394300611
6.1808554392745
5.56813241388221
10.9998456664722
12.6574610753843
3.76787123400431
9.36911421274522
9.47508123383768
8.63977066095196
9.14195584728873
11.4712460478619
8.2941711650382
8.75875244484949
9.47450153029241
10.1305436644147
7.68424867127915
9.89477118645564
9.02262636472499
7.55425426785553
8.97211930809481
5.25520492090306
5.83600392770207
4.43454975848915
9.06254103124673
8.75723962990052
8.71048499862479
5.22345428180858
8.04363122435639
5.99380896493933
7.20971918537582
9.38592450364523
14.2606707803254
12.4580246745891
10.917466725824
6.2525885424665
10.9512141496135
9.31592271660557
9.6028865699087
11.2528525201719
14.9905680670236
7.28806535432184
8.0687530109505
10.0356620327164
7.72767173916311
10.0632488325301
6.56720919533554
5.9402351483439
6.72104122170916
6.95398780011227
7.14287859101467
7.72437262994035
8.3935868797216
6.64023260868065
8.52546376271626
8.6414307362598
10.4801612676014
7.93882449877399
8.44820578906961
8.32087069049757
12.015057242836
10.9581764604549
11.7222098277865
12.8480611253963
12.3935473762492
11.5106182564884
11.661481888428
4.12582535669044
9.7002047896301
8.95689349218966
6.09752197516568
9.32528442800643
6.56353003736729
4.80414029858679
4.50974037880831
5.67631147029455
4.86309023603813
6.59538915447316
5.64908268052574
4.24046470858116
5.90816349499237
5.5399772777612
10.1064749615924
11.3794500078547
4.40165293140735
7.38874901020453
7.38874901020453
8.55859350717931
9.92487074061042
11.5961973703621
8.76796097781545
8.7228423676512
9.18473933650888
10.3338300633212
7.7767224570259
9.65256455883424
10.4630938141062
7.81827184381596
7.65576692385609
5.63256769972746
7.06964816448353
4.24442721362165
10.0005918928457
9.421088748573
10.0158628172791
6.82881003081163
6.72474902215568
6.73383667317605
8.19959057133269
10.3733120141609
12.545992841061
10.9430059510796
10.1433216244242
5.95107890506571
10.9412880694728
11.1540269845867
9.53470677930764
10.3538415156306
13.9408921072792
6.51639480577538
8.44258801931647
10.1886644218536
7.94376888840882
9.68040243625552
5.7376779996172
6.75204389742461
5.5376769360718
5.42923762841956
5.58993440773584
7.82076581252245
7.1855849809135
7.92673283361491
7.53590643282256
8.71176243481347
11.0381578416759
8.52769973948858
8.1188607143291
9.39549951765843
12.413269840848
10.4877188707774
11.6161251462807
12.1837081309549
11.4147561727795
12.2054624665591
12.1505658376747
4.98839116844638
10.3192152409689
9.26462288802475
6.50717599947075
9.02609657447567
6.67461495125504
4.1022056177081
4.48171192046531
3.96875685087912
5.30309243409083
7.01971076117241
4.77354523222199
4.88207776419174
5.67996309853368
7.47930964486451
11.7462560335096
12.9501031317395
5.49880242900052
9.06367804753685
8.97857166455813
10.0905886596833
9.54764034797362
12.7541994844249
8.80671652729789
10.3413392795996
10.7302884370473
10.7763757947197
8.36479137929526
10.9698172092869
10.4279355931059
8.5949883899006
9.71711463000795
6.36644307913864
6.60290709077142
5.05218127716502
10.7401068551457
9.92541749362059
9.87334219872066
6.26832504996995
9.13461895164137
7.44563972029236
9.20519078563223
11.5453118435702
14.632255006788
12.7293401664875
12.2134542864455
6.66693687650027
12.0402017728203
12.3542617412288
10.0934892199097
10.748386634135
15.0288677128081
8.52488754253983
10.5782180204349
12.4913146064275
10.2937120424943
12.4476653065653
6.90088968801539
8.41473892847264
7.7529068135531
8.12394328548118
7.87553064809981
9.22046096765425
9.39480432577389
8.87168216086386
9.63484918204115
10.4645019807048
12.3058890777042
9.95013762516567
9.64077860437861
10.4476319087265
13.1799810286957
11.2820353289036
13.6852378709136
12.6942609076037
12.8195093138536
13.4561231067009
12.96378720321
5.9601767595912
11.9900652383248
8.21460023044438
5.52616224542685
8.36445377645386
6.10158209517247
5.53321797951305
5.52200119118486
6.01352939632847
6.32903965646919
8.05221299636003
6.11834041997822
3.64478722763665
5.47720299248665
6.88089228793685
11.0383119821995
11.7302477380881
5.11040607496139
8.28459904463215
8.36970542761088
8.39638247442604
9.1070918960019
10.1066795957985
6.5716986146715
8.10337793111324
8.53587719307595
9.99676902504967
7.81524860004392
9.44602860635842
10.4466821887995
7.52035432756299
7.319812968045
4.95391058419644
7.0348096728399
5.18897526568619
8.10966210470592
9.81816623442257
10.4747153265668
5.99696574746747
7.44560543953191
4.54180557865583
8.69582570856524
10.5509311538667
12.194681721922
11.9420816140565
10.4781815892692
4.93244853387551
10.1345200522597
10.3626672070957
9.78101891404015
10.4121130093487
14.1683747177731
7.79447792866336
8.57983281673782
10.0965880358008
7.87350310791266
9.81927873439585
6.62769247372461
6.25659973716872
6.66925817490545
6.27985565617879
6.58101277227396
7.02185276968333
8.34498422774001
6.69672535393804
7.081987532645
7.80270918816232
8.86657043766868
7.03200207664448
7.66726216679083
7.18067145149916
12.2870069384476
8.25516320737198
12.5794299094234
12.9773538113064
11.083485248841
11.0351101065876
10.3016005826465
3.7408152800436
10.4998150177
9.46755302678052
7.3010932143449
9.29386131161816
6.7723485183293
2.98562468731409
3.45023737305002
3.11961250734306
4.43715847028064
6.05883627362932
5.31145899626372
4.87257848182223
6.2827196112538
6.21125541788596
10.8209073557119
11.821197470557
4.54315773097314
7.77401766903302
7.87998469012549
8.28797258448152
10.2216202001803
10.9528896212907
8.42325354974625
7.99496804116872
8.42978300494921
10.8105507270612
8.47173300166831
10.2604745063259
9.95104727454878
8.21411602411922
8.48191548269111
5.80627722501229
6.77566851615013
4.4124545762696
9.32239147443682
9.32253132017183
10.058506546892
6.88862238841021
7.85300803526103
5.87504833039623
8.80937128508234
10.5859551550388
13.3192068787808
12.5252120258539
11.0046677903575
6.06576317479587
10.3886757756203
10.1764986782955
10.033423175806
10.6662687327093
14.3592421050742
7.62471511378782
8.54212458378623
10.0834134902703
7.95819906989985
9.91916462979842
6.43519592824778
6.12613846450623
6.47676162942862
6.38036365401476
6.68152077010993
6.74500562127722
8.12555128533486
6.41987820553193
8.09443927467298
8.14437188576206
9.9682741710518
8.0515389145706
8.68679900471695
8.13207826250894
12.2408332179898
9.06190487633697
12.6044966665783
13.1097638412961
11.9105681928196
12.1972126212337
11.2190256987119
3.70007123211045
10.6000834698295
9.59022824238441
7.42826270380478
9.25678194060616
6.79121170677125
4.41272239539951
4.87733508113543
4.55816916480676
5.07620876972718
6.74723873719283
5.86567862329632
6.19403286540958
5.31067295522647
7.83316008858321
12.339147964104
12.4177909163559
4.89515664236541
9.84854144610598
9.66385615909777
9.88225610729508
9.37558554028193
12.2174684394939
8.95214206124935
10.597626484317
10.5407494700625
10.4588059938507
7.51503353834837
10.1100271870603
10.7017184530378
7.63624584675234
8.58498882165039
6.55878146120825
6.40560877864846
6.17955929611215
10.6728012020099
10.0846904480153
10.7916277586297
6.76428305316387
8.88008364300325
7.47705394418274
8.14304992932539
10.4689329788324
14.0830175432821
12.4819676107225
11.5324562958946
6.06308308235823
12.209871586874
12.4457829750235
10.8918381662888
10.9062472561645
15.1539755093536
8.19381464530867
9.21503685288631
11.7477761030356
9.62196976545754
11.8945155410001
7.25738230231214
7.97695415417193
8.01223448661032
7.50953269667029
8.40036432339414
8.98113645582518
9.49859622906083
9.39137025454919
8.26088311424065
10.3612162388059
12.4739506139169
9.45553395867809
8.74696282011119
9.91649806404872
13.5429280715242
11.6057447407999
12.6009372041939
13.1346386077943
12.1727650656902
12.8948491127337
12.5304638042939
6.14338367615729
11.7991844446577
7.04790317681596
4.65594165092214
6.59332612088376
4.4551800766384
5.63348220310198
6.32050163662217
5.66671172761719
6.84876972732331
8.43576651907663
6.55329499973497
5.12970516888157
6.6006821702398
5.07864829523679
10.2283156520031
11.2591232076326
4.70444066145828
7.12757952601015
7.21268590898887
9.61487220823575
10.7482771757299
11.9855068586343
9.55569930156833
9.14312025992134
10.2001930985878
10.7033448197954
8.14787346709534
9.40091491763336
10.3532275279631
8.42614382973269
8.59361476201271
6.68470845733684
6.8930190590121
4.63957313646102
10.513886055853
9.85366876046223
10.5576467390922
7.66368369565333
7.80713160101186
7.37746094059342
8.6748810463672
10.698206316976
13.4091071338531
11.7017736498272
10.8517661935949
6.59197283927893
10.8125251193266
10.9083878651209
9.36701283725534
10.0171804051504
13.8095212851614
6.64443682828262
9.26335691132235
11.2479485867083
8.29718433434065
10.5839699155462
6.29844166070994
6.68053294873221
6.44157443301649
6.82812273373607
6.94795520504907
8.11329589498821
7.85775893651494
7.88043295398831
8.35443006111681
8.98753548207164
11.0502637164428
9.37605092119746
8.94678979116078
9.34870448670325
12.4361825182043
10.2543916625683
12.0519627876273
11.8653560141336
11.8529495331762
13.1139782931624
12.2957546547586
5.19411521269067
11.2259669559207
9.94584867906643
7.14209316665766
9.11034134577454
6.47458486960376
5.05502246805909
5.51963515379501
5.18938023450657
5.69670518555777
7.39983911188349
5.42285039778125
