8.19916047101992
7.78495889176455
6.04535226188434
7.78940709130006
7.25510540765536
7.36383314512408
5.72695539621911
7.32744195330454
7.49603231413704
8.42100951128614
9.15724845719697
6.9317844636119
7.96074107726477
6.29365204189035
7.40791675509554
9.19902959839965
6.46648084588893
7.88929000422876
6.73339847919505
7.55343252295952
7.51920433378081
6.21912040436879
6.3206069237337
7.5261091604435
6.65643089886926
6.24872678163194
9.59475937591115
7.34336256201628
7.79997187788451
8.7665887646767
8.25119208196606
5.54437304587705
7.29356066631325
9.155877871743
8.87276613824873
7.62871651039358
7.07200800036721
6.4361252483973
7.8351150478488
6.96530633589106
7.39098718181356
6.06006537377245
7.86477217917393
8.01381998076252
7.87736099695707
7.47636320177923
7.10681317813744
8.62545301420463
6.60082318871794
6.89825603827762
7.52965700907457
6.90076105981129
8.52657056410408
6.58529332641667
6.90902747656177
8.36530363016643
8.41974536391712
6.93848573279057
6.0749411724553
6.63585485334928
7.59130310859438
8.01965766153349
7.28517260226722
7.05799845398141
8.34866411078185
7.08647762316001
7.86888164879819
6.89852100816756
6.99244088944155
6.18191017676225
6.9322167010877
7.20167195521884
5.9124570482237
7.62031855522875
7.41635385281779
6.96468930960341
6.76469468658559
5.8530286951687
6.51386969611295
8.27578350819969
6.45094897941552
7.3489824283909
5.33588285853531
7.68104051103068
6.66398251314289
6.42230686688776
6.54901660111881
7.42590304273441
8.00975441013908
6.14425123263069
8.12520516674351
8.25608754821409
7.54985012904191
8.10773745405265
8.72895487415008
9.20026494770202
9.36417419879401
9.0098192573081
9.34254145328681
8.61734935399351
7.16660422204266
8.03364380492162
8.15945948968014
8.38341954500003
7.54204254971373
9.31961768976842
8.0338686656521
6.9466104461649
7.77468720531586
6.65743915558222
6.66063990208303
9.32793095526299
7.84201831985501
8.67072669509026
7.62198291099691
3.76701650866151
8.07944502428232
6.03703446455318
7.72985542133549
5.98659304839163
7.41625758181816
7.46054297003453
7.80369732559279
6.65515102542432
6.94577680278292
7.94388856876337
7.54549216721389
7.37406758343666
4.96533013721733
6.45978357287381
6.85178265612229
8.00982143517709
8.24882049288259
7.1403715772319
3.09024398237122
6.67542847239406
8.77001101646597
5.85498921995979
6.98825127442255
7.49027207725424
8.31045733115867
6.6588538240615
7.92265745269375
7.69909090747041
8.4283423271297
8.03544012753018
8.44427089131164
6.2230364509566
7.78101291434464
8.50733803940954
8.06309636397162
8.14862892615062
4.71055964051194
7.75750236209224
7.08256644380997
4.04328596504678
4.00732343595749
6.86705235106814
6.57074696514581
7.36987030539861
7.17605524628341
8.03889864922222
7.75671170361529
4.44808499785519
6.84276702527912
4.47991679834646
4.45718213587554
3.81072871332487
6.50001440903932
7.00627898790729
8.27452433456157
8.34728943313051
7.83308692974005
7.11354043282255
6.27334671128023
6.57169902177064
6.38524320686938
8.61181034612331
6.80412978817716
7.15605632984833
7.28429993981245
7.0200769407779
8.53121899387888
6.28157421458435
5.89141086250106
9.01185114182418
7.31448033914469
6.58763648198815
6.59556787604767
8.08494078749737
3.09619246677246
4.00504819163872
7.58231904201943
6.9758443894743
7.87555924797614
8.75359384873803
7.5537859084299
7.48525223555536
7.78653758771033
6.72630915406211
6.78468600486511
7.85812730916639
5.6112668085472
5.97936955742172
7.74144778047009
8.78089676463085
9.07756399886633
7.83389739815895
2.26896406220528
8.66391956087834
5.91662580164344
8.28623082012277
5.25069097031012
7.34809116164019
7.84217379965526
6.54103572000676
7.46959620628289
8.32066723667084
7.81180089431089
6.40186333519155
7.04848699695573
6.25090371941971
6.29528682963403
6.72052238166599
8.51987264340445
7.81769411124058
6.5459302260989
2.57231505154635
8.03958471809126
8.00510410764439
6.68394838237997
5.51375354919772
8.14758337047253
8.64860879546557
6.87566475834153
8.05135487754812
6.83540556041832
6.34226566760546
7.70648886400512
7.77643753122005
6.73926044673939
8.24125418034307
7.89321100495245
8.60640023658819
7.57684985925734
4.63243713212132
6.99628298497816
5.82962136373375
3.99162621201067
3.25678840101427
6.69512006424311
7.80692993457916
7.37959447278678
7.47350487504813
7.30578161018979
8.00610579495678
4.26718269819301
5.80746108882605
4.63184003243663
4.66240917531275
5.32574417580971
6.39261895487947
8.30260710617921
8.64947784542549
7.82713528158344
8.22033945446884
8.19040410123975
5.97796230893064
5.86018359931275
8.37052066044385
9.47046110933655
8.00229969651032
5.85935815242247
7.76898536224823
7.41164824810532
8.74177655894802
6.44674564985669
7.03212765724758
7.37219385801329
5.60674367612085
6.37030405183172
7.9538415952349
7.16536850957901
2.72645679617648
3.51362431474406
7.21552223945329
6.73961004961109
7.81802925214194
7.68911286351644
8.50040635316731
6.18379729372734
8.38401953783502
8.66580070912622
7.16393823744165
8.45832802775902
6.84181844961364
6.19035970999705
7.83499817731223
7.27898482544424
8.77231448076699
8.06139261630728
2.68536285011255
8.27773186126655
6.03173281455997
7.92765669889982
5.89430641777766
6.7240418100945
8.04838603844045
7.40614947033334
6.47534279270012
6.79626345708847
7.36128999189259
6.6568073880864
7.46021517293865
5.58741722180042
5.40336510438781
5.76142928909795
7.59633068139297
7.89214365212464
6.89249771821505
2.69220989383678
6.73908456378416
7.62183311565115
7.34142313648483
6.97747101631843
7.29554076183815
7.74841381442222
7.24871088661036
7.98877868425873
6.95673396364399
7.54775623666157
7.97158537967112
6.82861451520888
5.71410931963649
7.74098499553738
8.71989802106441
8.06861397565187
7.04922868979745
4.18673552856858
6.80844891227309
7.03738433948698
3.17958957295629
2.62827660249201
7.38645312749812
7.48783143866051
7.88927108182858
6.8675903960871
8.00483557180084
6.91255681700329
4.1010114150433
6.38441726107763
5.20827599121394
4.93645891402132
5.11122886763198
6.93291546062173
8.11456960153686
8.26273762970819
7.54923774813831
8.22129686412842
6.76988076892325
6.45650622178175
6.25267652656423
7.51912322735195
8.40186774177559
7.55798068570961
6.8166155554446
7.79150625529232
6.91137906329963
8.67615923328776
6.86110975214233
6.61558367258202
7.83584280484183
7.03001651772627
6.53857024239291
7.13236828725905
8.68419361588793
3.51045971896578
4.03850982247272
7.91714677505212
6.80745415211057
7.11613909605437
8.67194671598952
7.75250787643896
7.16769082609095
8.08463916962685
7.93176848177262
7.08936568790888
8.05684927717544
4.9230328469509
5.08978024503227
7.91340871189922
7.66042338220164
8.45352089680418
7.67682423295244
2.1404002471148
9.02921715621106
6.39856102275162
8.66101991741825
6.24939486688586
7.56205310383729
8.01447826265441
7.40023103951463
6.75494603741448
6.86315683186071
8.31302782942993
5.5809439814731
6.22794584041199
5.85952450330988
4.45027526092934
6.50985162333478
8.43545648610549
6.81186322790388
5.5977878158436
3.21746846132464
6.76327536556053
7.90202568882054
7.53986971481354
6.52589443034316
6.60937917291437
7.52731849862118
6.48711555425582
6.8096546256068
6.94195838127848
7.80724811336002
7.35337258881864
6.6300598560175
6.37699579308496
8.06940216372263
8.91420553058015
7.63629987034285
6.66656868296907
5.08851192031887
6.56953475543924
7.21265268425975
4.44770100020823
3.47196111453873
7.49178471486198
8.09661538938796
8.00777216997335
6.76989314615766
7.56657266623267
7.94683014177936
4.66986567809869
7.20288522246641
4.2699647595717
4.02414075911187
4.90364700399873
7.25915793662631
8.13057498079756
8.02808418970583
6.83348447152846
8.49915782874548
7.55725725869458
6.28264199197441
5.75242526891716
8.7926977814859
8.21072240166331
8.47242170718359
6.07117524293212
7.32129878358426
7.23062034480964
7.77725973015132
5.76951777836521
7.20111726986003
7.90314181584395
6.99939790935426
6.36098864429364
6.58258951021145
8.47908849400195
4.13938662175913
4.66743672526606
7.36015896541621
6.57097913801378
8.11995674031287
7.05906346800243
8.51711423658074
6.69770584813754
8.41174759114956
8.69352876244076
6.70027601479548
8.75637970503222
6.87338155168936
6.34461406035169
8.68198790422029
7.20257859374931
8.13658802657939
7.52084710681646
3.38712333666845
8.60959596647564
5.7100014509542
8.26000636352881
6.58033833716974
6.41209005306482
7.17895076192584
8.17090285688665
5.82086583233836
7.15079326013554
7.45283045207051
6.65691270084309
7.42398166484489
5.65024678940273
5.87533943915845
6.11852966613279
7.03320454754693
7.85077358240254
6.82480642080225
2.48946983490467
5.79504007768829
8.35075311705833
7.088462685831
7.46429948798857
7.57658501264549
7.11268736023461
7.24694053673512
8.16755885093521
7.39579090421454
8.27599535937015
8.19708825035248
7.82864152518282
5.33472996826272
7.69469997895339
9.07114915319373
7.69014032265272
8.04925569977138
4.50643241245901
7.02332883145356
7.69986153764768
4.13740937961373
3.58609640914945
7.69192367003727
7.70072032590038
8.18049228461108
6.4506127354696
8.20102522355783
7.69081362220405
4.89577478001775
6.78204349674088
4.76466137551583
4.35676102846646
4.88553532814959
6.5726353534559
7.71705694885981
7.90245752254236
7.28234365799496
8.06253166273183
6.87611482157123
6.51460553056344
6.29760739967887
7.02822455765242
8.54591226471208
7.06708201601008
7.38373848503893
7.86250733022778
7.46776672294046
9.11990715313988
7.08690040553599
6.39177013425669
8.32239937459784
7.51657308748229
6.7617055759964
7.1806145381132
8.58523910971087
3.4503993818202
3.97844948532715
8.06527997858711
6.80554676951546
6.29296856259226
8.8428435770749
7.86490463193993
7.69382240142657
7.68040780894454
7.43229963661663
7.26382569584132
7.42114046403867
4.63945825483218
4.42468585407634
7.99199844590517
7.78432521059663
8.63862299268486
8.0314678765101
2.69239313121755
9.65652969207247
7.20742122314249
9.27974664969149
6.17259558135511
7.59551473467128
8.17438730371178
8.25583004557364
7.22404645888161
6.96802613456666
8.90312096617386
5.02390058417232
6.82072769373866
5.89662763133934
5.11536965188527
6.89924364615297
8.84687476892964
7.33158120444521
5.68331791645465
3.37639057089429
6.99107786687973
8.49782046271321
7.43778855729548
6.41512956644053
6.56499268508865
7.96612111597263
6.72937217235775
6.89989089570727
6.56277485442047
7.6643275546311
6.74790330069905
7.34398338090066
6.49371069933812
8.14850195081437
8.373586897683
8.06424084262741
7.46423104269127
4.91885562255852
7.04410529571233
7.23837026999578
3.9893660350421
3.0461405053636
7.28133965378399
7.98551131363695
7.88207522748859
7.48616746752468
7.32645148212701
7.50227049717483
5.43439743620716
6.49949810906638
4.62412284370946
4.27466286363546
4.64957629960539
7.46180483682967
7.94526954798462
8.2544271882505
7.04388399412516
8.47832518629463
7.60332307888495
6.73485295591249
6.10948763803157
8.67491597516552
8.24430234240353
8.26055733025022
5.77970104539437
8.00834000243492
7.61996554147746
7.90569842345535
5.98707421891382
7.2490673169707
7.85813908239546
7.05231279527993
6.41231267523142
6.84057469547717
7.65975943256042
3.34172426203692
3.82650556053579
6.4849362697466
6.11841219432769
7.12662451553656
8.60673055184217
7.19904931943362
7.63719114453743
8.1168211359887
7.44708411156719
6.28448980140299
7.21830716091313
5.94997795748053
5.95317870398134
8.65751430659566
9.0009043916028
8.95709789910377
7.90757761660122
3.05840897838137
9.17853545741822
6.67960796246501
8.8103382186254
6.00408419335664
7.74393029077354
7.55580280154803
7.56379302533331
6.99718751305952
8.17325993004044
8.68566021711996
6.59041317284449
6.90065244346404
5.11990517840839
6.30036352348302
6.24128361992361
8.48975163419981
7.7659138509472
6.73448006375184
3.37661518638473
7.24844278233521
8.41771701677397
6.74854246426505
6.03708763678204
7.50776322221925
8.63903573848868
6.98654300209181
8.07723249388481
7.3139699697349
7.44882025808573
7.47906008312746
8.09902490018553
6.5772042651396
7.9047108152791
8.18420157842126
8.41726417815462
7.85212498053379
3.52528371657091
7.28408722211962
6.36430696689435
3.48600022226944
3.52858629443615
6.15844482078801
7.156529942993
6.74500160995753
7.13384804296692
6.85362272528118
7.19942596083794
4.0957909981632
5.30582040979142
4.43770959502996
4.46827873790608
4.79288670867156
6.77092894780316
7.90987466763798
8.50323167000891
7.79062101773872
8.75825685880135
7.87596270311139
6.29083785624524
6.53666285979781
7.50272420310971
9.25349461473546
8.00236525473154
6.28754452103961
8.19778797648813
7.39932956531884
8.68579403506994
6.28537235386368
7.36133130742524
8.345733583904
6.58028340201156
6.72981958592135
7.75552737681262
7.43812621909728
1.91106724742571
2.71153103201291
6.84926843706474
