5.83021296881957
7.77303227488265
4.93694106703074
6.15627699868935
7.79833995278344
8.16383318886734
6.49323772573034
8.52915618230368
8.09018767826677
6.64514480807161
7.87198546338403
5.37693902467346
5.85263683827525
6.77894701125378
7.33747792954492
7.0246711193208
6.28641831578418
5.29627769390984
6.76893474628487
4.76712432097803
6.87748320760677
5.77781661570931
7.09013560755445
5.14638206663017
7.71603954162336
6.55103373972676
6.84747124635891
7.10606263802838
8.04140813083934
5.11902796646472
5.96797433170568
5.7795221387834
4.38031215660398
7.04948501304902
7.7367644250594
6.75753792028551
6.64808974833468
6.39140117885925
6.6681766833154
5.90336247511704
5.90149325991507
5.6897137961827
4.79413995615899
5.32477269013395
6.09501593751513
5.80316821203181
6.51469686720391
5.68017876965264
6.99540125006742
6.64078086887212
7.6838573616677
6.43729235080304
4.30133220537189
6.68115349580101
6.82633323531098
7.15021792062439
5.64942791139285
5.79890891038409
5.83212847757443
6.61570068769193
7.70660898934575
5.86617358579998
6.8199074600824
6.15385395042399
7.26515624037606
6.55674377602568
7.54346369526115
5.46148512451795
7.36584615821928
8.29140652410804
8.16638384154145
7.33465165820996
7.44424437297901
7.24834024124206
6.04296052572432
6.99138370791694
6.91162644584173
6.43966874685989
4.96103262673928
6.80203373107267
6.63485237371864
7.29224800388687
6.5748591342931
7.54387408770678
6.27100632636525
7.9425667280004
7.11553394070135
7.51371310333606
7.25202636222345
7.94556833811821
7.51208272419635
7.94646272910406
7.25601165234067
6.69939606290826
8.07261603683766
8.20376093352515
8.51972496739111
8.12685010561278
8.04615087792331
8.55915466001518
7.84790013825004
7.92076348021336
7.89215249608229
8.09018767826677
7.29510664656809
8.04317494893526
7.97139221209848
6.70996159195345
7.90666876528947
8.24946186023587
7.89418354066827
7.60682438142643
7.73417552973565
7.62173114189223
7.53526971411588
7.37608054963057
7.47777093797457
8.36360183182749
7.30586064606749
7.07897791855029
7.51350474115867
7.90136815350608
7.91490842410432
8.05989095410997
7.89418354066827
7.99105661332747
6.69013516978518
7.62893864882526
7.75274744982173
7.65384333257656
7.14667148158219
7.35801998667075
7.59700033495281
7.47978660016242
7.47555632258757
7.6919510454553
7.70796032544478
4.21390180671405
2.96155681547298
4.15722306551255
3.29177250892607
2.33518736868923
2.8127761974236
2.74121368315117
2.57713737754329
1.89632258398016
3.9996736542538
3.25164098213266
4.44342886518867
4.60939731959535
3.00515857757517
1.87732771783482
2.82312578475457
4.81791314722045
5.19582933173772
3.53979240194079
4.53141578040926
3.02295430531826
3.3790817375311
3.80048953457155
4.52644367044351
2.53927440384099
3.85152104736046
3.52028708694883
2.64829642216496
3.0459109331492
4.33165829728402
4.23239185882046
4.64907303107454
5.25138444332995
3.26573561883457
2.93473474893217
2.77680319030556
3.45620141188835
3.64083630671985
2.16653561698634
4.28931365171751
4.41264834467638
3.853968355
5.60502545905926
4.84235185523175
3.53171187578624
3.97057666049531
3.49587499941818
3.83410465580531
2.64555202919843
4.18612039560851
1.40541435306351
4.07500207985975
5.59268264191881
3.41325318242874
3.48716197065969
3.371277591747
4.37823317464081
6.05805182721352
4.09796431254282
3.81398462215417
2.31589079833086
4.92505695771735
3.20518062876629
4.25194794668174
4.49706788924265
4.69221861859658
3.45988645739405
4.95815293746458
3.31004974718753
2.36074774952381
2.46582341694768
2.82418744025324
3.36276614879301
3.84472796954417
4.35904924403521
3.54835803622004
3.32540414220517
4.41684186841728
5.47131873188997
2.87623567427803
4.48817469851975
2.54551379457753
4.72085607963838
1.82330444527587
3.83884716132386
2.88034623663217
2.14556092448964
2.48604393520795
2.26216922998496
3.04326383617221
2.12229370458956
2.05126889422807
3.24960843087819
3.81735887456275
4.53814579499756
2.63202258059572
5.06296667039664
3.61457429308091
2.334893011388
1.15771861228039
3.19871949006684
1.27930542799653
1.89602822667892
3.58448917284424
1.59658339698947
4.57457376187617
3.88786632252158
2.67029807457405
1.76127125172067
2.93522285905088
4.92650339614711
6.04428879595712
3.51179536267973
4.64093187344296
3.62260937478201
5.15198164788746
3.59945309940479
4.96346520421083
2.96520848029002
4.41730255775644
4.05319848018809
3.7835671935752
2.03384771485572
4.89034945665791
5.04336568570132
4.24332626062893
5.48200959868296
3.37847436397922
2.70364925513523
3.09193338237932
3.41481820457327
2.78209972726879
2.67614256285202
5.09213519532412
5.28313493740723
3.68118592933034
5.24785802511604
5.7128384479626
3.20165851857382
3.6405233032829
3.39639437301727
3.3275065436391
3.19696492107876
4.8365963833513
2.35463796986583
4.60228363556562
5.26527067245233
4.38333675619723
4.01444352636558
3.58301107647275
4.05860364656943
4.59976095515312
3.80189812153301
4.08838564146725
3.05149114739825
2.79615737814251
3.71245300097529
3.92828993022134
3.03877701718227
3.0534330451685
1.83833027921122
5.2184759879766
2.14595158965206
2.07140475873946
2.38521394683344
3.08673263114974
3.28119486841907
3.1879732134007
4.48110008472907
3.47878410200509
3.63990814816233
3.84494561343425
5.71362779574989
3.4293110504096
4.37083519991565
2.52515729753357
4.00780050663292
1.56107556556259
3.8367014472905
1.71624807909669
2.0406029763191
2.31966384855403
1.99994035027167
2.48747919470951
2.86813744697297
2.40877998314163
3.37055762256166
3.28565386367263
4.96476582834108
1.59790946908412
5.00970046971587
3.42014993862919
1.6299840270954
2.74579636555111
2.92469316242821
1.21349003115441
1.19111924238633
2.89833365364159
3.18466115026018
4.9185510802913
5.14742526091798
3.36783640483439
2.75135405894021
3.0600411667291
4.11938370818298
5.70441037859951
4.47659678471908
5.11103191870471
3.5797091734821
4.4965509040653
3.44981743152407
4.84889317259108
3.24857239100793
3.59994918562043
4.36203864545605
3.39916044379199
2.69523883010172
4.83285463582251
5.35522259468151
5.18710097239718
6.10837051362032
3.3795184290022
3.69503648152315
3.07622339906604
4.04117911951061
3.99558975842319
3.41514968020805
5.0102151832254
4.88699827838884
4.61427008759098
6.24347118193759
5.31670178894421
4.29201360837722
4.73087839308631
4.10438794101584
4.74564508823103
3.16615318629658
4.76288444726921
2.53750788680467
4.43234442688682
5.29739108188729
3.72659733772231
3.84450431768676
4.06179045041952
4.09072405600437
5.61279440014777
3.82638326730593
4.47742108049809
1.35096900628413
4.40578406831528
3.42165950981278
3.63362211604535
4.05181046217692
4.17891087800654
2.96380811204927
5.13419623793838
3.35944162080644
1.41187936934418
2.42965531985736
2.52567467780904
3.08816889080116
3.91731438722034
4.37498228589492
3.91864045931499
2.9881620943767
4.01799594406776
5.62934804571167
2.48828292354975
4.5530109730001
2.53622254271562
3.38932914268445
2.40924067248078
5.03407986492456
2.92973811025108
2.73149715169453
2.33072909373607
2.84810545718985
1.71173689921829
2.22544684057105
2.41641524680367
3.80642150069527
3.83329191642247
5.31563350801801
3.19906919521577
5.47940783479078
4.4033420432643
1.98447009881774
3.17502418092732
3.28195613965969
2.33050089995134
1.54560531410866
2.7686708680292
3.61388896563637
3.85638878418779
5.69787590162654
3.66546471080338
3.21333401791098
3.80996253022768
2.48224943369961
5.23453686922953
3.47750283084177
5.46829489593622
2.38101716440119
5.33156744107698
4.847637318871
3.97200242904547
3.90462939088333
4.07086928789825
4.49416342487871
4.08330134681547
3.59377267853399
4.03323140473521
4.73934637777754
5.73755161310574
5.16274457499904
3.50272986600795
4.30006491826388
2.33297889426338
3.42530290260665
4.46283958077699
3.88485704528295
3.60323849346865
4.10588115648333
5.20568463838941
5.37532772508545
4.53558466703869
4.82088690029541
5.2597516850045
3.14626084311827
5.15409141509667
2.27474512684037
3.5641924381883
3.14682011003816
3.76367169282472
4.30348582023763
4.7596286704721
3.37463080831678
4.19391522984219
2.95539011421667
5.05695669227013
3.87569577112924
3.65254392263419
3.28664192186984
5.23913111991902
2.59678235194888
2.844971256925
3.49597275429926
3.48942693138596
2.40797040417162
4.36093202227185
4.19278867241017
2.8096992566911
3.46345895762084
3.61863288069303
2.36108329959194
3.3614766793427
5.60039406011921
3.10992221504453
2.31538726703516
5.11986963128479
4.88292963856941
3.53280411382072
3.89412880304377
3.054581227971
4.68237328318837
3.06875094542917
5.41171445700802
3.7630851618548
3.37587024306303
3.01124940011888
3.50761573013824
3.14812377588934
3.07068345161843
3.24310146668578
4.66309050772134
4.73182576485475
4.44590766624762
2.42996296248196
4.96392591977511
3.17836310140022
1.68459559530582
1.44269110412636
3.07299565339207
1.07724580988277
1.24573081059673
2.93419175676206
1.88155588883544
4.459540478709
4.20365054914974
2.67438308180665
1.47365166289769
2.64894169255214
4.61612168887785
5.7366600236373
3.82757958930787
4.54869374469301
3.3309136443219
5.05974351913751
3.59945309940479
4.69527553555054
2.59058675501787
3.93959144733004
3.71072691202234
3.69132906482526
2.03384771485572
4.58272068433808
5.04336568570132
4.24332626062893
5.48200959868296
2.91946376239694
2.70364925513523
2.83319066756918
3.41481820457327
2.78209972726879
2.5771018122305
4.92363389690092
5.16810165424007
3.68118592933034
5.56364225174418
5.59780516479544
3.20165851857382
3.6405233032829
3.39639437301727
3.6164956864363
3.08193163791159
4.54490065289119
1.96653972016573
4.2946548632458
5.06726631389973
4.38333675619723
3.70681475404575
3.24053950830699
3.86059928801681
5.00299883415906
3.32418701110662
3.77260141483909
2.48541527970106
3.31272100221344
3.39666877434716
3.49223122110656
3.44201489618821
3.46445336556955
2.24156815821716
5.2184759879766
2.66251521372299
2.07140475873946
2.38521394683344
3.08673263114974
3.28119486841907
3.59121109240664
4.48110008472907
3.47878410200509
3.30670363336108
3.64288599532048
5.71362779574989
3.18441309122592
4.37083519991565
2.20937307090541
3.44172463893571
1.41392187296048
4.12432103611346
2.23281170316762
1.89344928371698
2.03338268205529
1.85278665766955
1.92140332701231
2.55235322034482
2.12380749129565
3.68634184918983
3.28565386367263
4.23071615215871
2.14050500284143
5.89903949984002
4.07927486746253
2.64232265422686
1.82304451470823
4.0347923195102
1.75608556491174
2.20345786951778
4.42056200228762
2.26190929941732
5.36615226204977
4.42673302818886
2.89338055361318
3.036998609229
3.15830533809
5.4356982997985
5.25271029578353
3.72378414255501
5.21075913788159
3.86555871342863
4.97496807609034
1.56098393797087
5.20641454285747
2.65777883745117
3.82935825366882
3.74576883734924
2.66511076760963
0.806405336548522
5.68192795683152
5.03471674461079
4.15062451303989
5.40917471070144
3.07104472114037
2.79361135442539
3.88351188255292
3.34198331659175
3.74204285814896
3.79459898881761
4.30055669515053
5.79232984105862
4.51065321249873
5.80659159039082
6.22203335161399
4.18839673328497
4.62726151799405
3.87218864656271
4.34359388241769
3.50410020661638
4.73280093659843
3.14592211273818
4.49848818881275
6.05684917262595
4.11799149122216
3.91064807961271
3.96336448705463
4.85018214674303
4.70575253261815
4.37172538597164
3.98459019471438
2.64160622270519
4.38638874160801
4.22164790462669
4.17123926886797
3.1447685946473
4.07202796480524
2.83969580360271
5.41188666499983
3.25173973848158
1.33370900113052
0.824514097479131
2.9827684425104
3.47460554544229
3.7048955231562
3.69861564054911
3.52596608514415
3.68837035197237
3.96239520069292
5.90703847277312
3.12587613898023
3.91522868152767
3.36123012697693
3.46749951089812
2.83680292307093
3.8168913932746
2.82203622792621
3.15905940228469
3.1557366779974
3.27566770778
1.78990726743196
3.05045442483237
2.38903734288726
2.56788542322425
3.15692527107666
4.72133091697339
2.27901861994847
5.54099867637299
3.47097085690824
2.13312775057546
1.27913144070267
3.67675149604316
1.89459918201877
1.69426296586639
4.11211804209722
1.71799622541176
4.93594291448262
4.00324691923584
2.66266281091202
2.29493235268167
2.81645188219821
5.19681305818654
5.70974585883165
3.21199147798441
4.38580088967803
3.03783299824072
4.80305382887736
2.61490710349837
4.38731619654689
3.05319093093492
3.43668387949798
4.18820978086185
3.15572553242429
1.86032850207602
5.10443568105941
4.89487357077498
3.80746238249533
4.61628753587507
3.58426643037112
2.31539789162133
3.35490566429049
2.54909614176538
3.25154846334168
3.23580722188959
4.92622279222468
5.56287143695246
3.87022879250948
4.86642148735949
5.99257494750784
3.54797231329572
3.9868370980048
3.36034664593434
3.32048245167235
3.49935770109782
4.33345265987123
2.87880519419429
4.06832817730338
5.62663982505879
3.69319670761637
3.48048806810333
3.51860985600974
4.41997279917587
4.66269309937026
3.55067357334006
3.47279753014377
2.74930810503006
4.09128006235811
3.76327391925435
3.32621933007573
3.10170916139941
3.86440687204936
2.6493041060921
5.10079560783245
3.32862988602425
1.55385527129878
1.08616394496986
2.4922740477031
3.05476826069523
3.88650265243816
4.09000979404895
3.12508692060721
3.9423009281814
4.27215670113155
5.59594741560574
3.4048259046367
4.30662283502752
2.99116269722219
4.23773040525064
2.22719023786387
4.1093529755475
2.8989263754689
2.54944671707762
2.61442136491106
2.66605502257295
2.56013816178447
2.68038699507762
2.06979083141155
3.03159488882871
3.54831942457649
4.59222513539514
1.77389985793423
5.0718783053839
3.84771218921937
1.74959580427738
2.8013597893487
2.60137050931536
1.38948042000452
1.31073101956831
3.01794543082357
3.24022457405776
4.26076457378219
5.13728907351406
2.74086163310746
2.83217152413088
3.40597076425804
4.07327297242736
6.05033997612845
4.46646059731516
4.73849122575877
3.59377267853399
4.12401021111937
3.45455993704262
5.02847407106584
3.40971809009142
3.7195609628024
4.27828638535587
3.02909301403724
2.69998133562027
5.06899011351908
5.39855442253362
5.17696478499326
6.15170234147244
3.45899747186864
3.74373779276325
3.22830145449785
4.08451094736273
3.98545357101926
3.47732751587608
4.83042714618017
4.87686209098492
4.67644792325902
6.23333499453367
5.30656560154029
4.35419144404526
4.79305622875435
4.14771976886796
4.80782292389907
2.9262207911779
4.77694795232111
2.68539451717107
4.77827402441575
4.86272761130959
3.7752986489624
4.19043391521569
3.97803819031935
3.64827814403157
5.68406780725863
3.94599504448791
4.53381579468648
2.00875551279325
4.58177445716542
3.47805422400117
3.97712694437072
4.12308386928776
4.26741368036264
3.03508151916012
5.1775280657905
3.53543200965657
1.41662187486273
2.60564570870749
2.90241601012015
3.25512563915543
3.98858779433118
4.37972479141347
3.98991386642584
2.39299063003278
4.19398633291789
5.66557865357623
1.83049641704064
4.59633783239203
2.69733423864328
4.04711564919356
2.66555503973935
5.11489733011522
3.1057284991012
2.98781151895311
2.70747042604719
3.10441982444842
2.3695234057274
2.38655853649872
2.6219086957832
3.79628531329136
3.83803442194102
4.15541892690748
3.40424923594162
5.3172392656214
4.22094674698062
3.00419760950482
1.00625785890548
3.6003243495543
2.05153208334244
2.56533282479574
4.14134938311766
1.44512264361455
5.01100700709706
3.48352503275386
1.50193476020976
2.50956140592173
1.87799525787723
4.96679998234961
5.64697156381591
3.10745407291201
4.40553726961559
3.35640729165684
5.50136342060139
3.70917716072017
4.61973635733303
2.6720968424703
3.11648567205187
3.74007765887151
3.40084032548512
2.1435717761711
5.38840617144317
5.68313876970696
3.52320074423306
5.53700630614731
2.85660151805651
2.00891665407581
3.49624621816525
3.46981491203762
3.58513811739687
3.04285954592018
4.60107408418359
5.35555193304469
4.51101940328938
5.61863895920854
5.78525544360005
4.03149199253286
4.47035677724194
4.19943276314535
3.69828747773161
3.2898773500705
3.79527207636592
2.79503714134463
3.57717644382692
5.44303083594565
5.09932367381836
2.98933633462688
2.64210029555867
4.22858136866763
4.19285922404343
3.27620345968867
3.17352904961234
3.52001634807231
3.91241955355676
4.20831592780097
3.3329892216035
2.63187528607258
4.16969522058277
2.95459245462548
5.90906999026129
3.09894845894387
2.9640583791379
2.57657066121005
3.80682969356382
3.97178887070375
4.1409700826925
5.32293278684848
4.40224945718571
4.22886031388892
4.56635135050111
6.40422179803457
4.01826321613619
5.19543115398273
3.13152975143326
3.74421706650296
1.96538840134853
4.06015011712027
2.66924494838851
2.44491581210504
2.95684803723591
2.4042531860576
2.22389575457956
3.47450990087268
3.24802378993726
3.59400629239144
4.12748656579203
4.5701504187919
2.3606512730097
4.72874462882112
2.43664800774577
1.59658339698947
1.89602822667892
3.03856530589908
1.97623183508
1.15771861228039
3.65720634157243
2.33489301138799
4.36978528538797
4.22400704619369
2.88080429487466
1.34090373425619
2.70010992437826
4.74857526021812
5.39399137987493
3.43275160494226
4.51566556569453
3.08475634654323
4.2156885570123
3.36818477846285
4.35260689178817
2.60238511971873
3.65485511113207
3.81903662270688
3.0045450342428
2.6136061770405
4.15417025416168
4.6485377013357
4.26368275767288
5.08718161431734
3.3514532791284
2.71002880039035
2.49052202380682
3.01999022020765
2.9597271558555
2.34192052127651
4.72311451973506
4.80408540465663
3.51960398953512
5.16881426737856
5.233788915212
3.19734751032136
3.63621229503043
3.00156638865165
3.61218467818384
3.05111990312941
4.29874335511252
1.97693591637208
3.95198621948344
5.12888978346409
3.42141858678287
3.36414611028339
3.34884921899154
3.92222275758117
5.33620334896033
3.85047745803539
3.48746050596066
2.44691532501098
4.13007437434943
3.11152786546872
3.62602321477105
3.77521941098947
3.79765788037079
2.57477267301842
4.82364800361098
3.47986858585898
1.84013643779753
1.87025335471652
2.11083750994656
2.67333172293869
3.92441560720789
4.40710269532988
3.47299155667032
3.81931148580224
4.38460108897496
5.31879981138426
3.3031840680786
4.53622814981442
2.28870594053675
4.37152239891512
1.39492700681515
4.07055866355618
3.05016507530362
1.71718348602892
1.63091943402763
1.83379179152422
2.69393015544895
1.97793023839218
1.81563007434775
3.05294249464979
3.86541232585743
3.79561477571952
3.13786630597804
4.82200163371309
3.57974501614827
1.92128315927125
2.11847403818748
2.47192080269708
1.78514915337885
1.48241837456217
3.17087932072751
2.55733882289656
3.66591947491911
4.32929065737337
1.9315829962958
1.84148412355063
2.59669212744638
3.90409604669388
5.73787847378757
3.98534010696647
3.89840085416493
3.08056023273215
4.40945062860942
4.22572378983964
4.51526162526399
2.61310773041583
3.46450125507669
3.48167602568027
3.04350943748834
2.66011840529055
4.474145014656
5.20112620335992
4.36896636885257
5.63977011634156
2.66238711219304
2.89889541013237
2.63345635563478
3.57257872223186
2.90773983549243
2.43517752616847
4.5179656438393
5.07429031015863
3.87643208432748
5.72140276940278
5.50399382071399
3.39690467357097
3.83576945828003
3.55415489067587
3.81174184143344
2.72751235133322
4.29454724130143
2.00253721999164
4.29587331339607
3.90127736753931
4.57858291119437
3.70803320419602
3.01148862196493
2.68682790026131
5.5174513228671
2.84909681885328
4.05141508366681
2.94842066401345
3.81856472759574
3.67548244317488
3.09730935366169
3.95646738489624
3.98835280812771
2.75602064692519
5.37623650563519
3.1683589391053
2.69767544917431
3.06099688089456
3.42800237575683
3.45383407900011
4.10566358111465
5.10737077516393
3.96980164155676
2.95830421478466
4.35078933881656
5.86428709342093
2.72268792758452
4.90961830385646
2.56788453202499
3.90473002324811
1.58656108354153
4.31956719111059
2.73865542854993
2.06608849429804
2.57802071942891
2.02542586825061
2.3844087113247
2.9108646814644
3.00165004347053
3.81198195741347
3.91192455410749
5.26411894563239
3.10987363660446
5.25295679300182
4.11071115275968
2.75333054799678
3.16615260072444
3.27797877527403
2.24130534134
2.31446576328769
3.53753131720823
3.60501738543351
3.77271362751026
5.40553225554294
3.55097781934368
3.17710397599892
3.52665252463994
2.42822616114065
5.04261796407377
3.40050157672061
5.46431753155056
2.63462266416206
5.28005287869136
4.71236893890073
3.52434077045596
3.61217081137847
4.01684601533929
4.76644095669366
4.07932398242981
3.55154210185884
3.95623015061404
4.61152420537734
5.44520796702214
5.08574332087787
3.83738875549584
4.1541870286878
1.88531723567386
3.29748073020645
4.25757490329127
3.75486419033386
3.81930901983321
3.769325463413
5.08926288616034
5.24750555268524
4.19902897396836
4.71307391139207
5.15193869610115
3.03844785421492
5.04627842619333
2.07996400464365
3.81779793794917
2.9124028824285
3.57422605086015
3.96300280951932
4.6318064980719
3.18518516635221
4.46619276165715
2.61490710349837
4.73767246338373
3.92638948030956
3.2865149171059
3.05701021470911
5.02092141223476
2.23075334642058
2.07611080774598
3.17668852541287
3.17014270249956
2.08868617528523
4.25311903336851
4.07505824552833
2.75620964867917
3.45458737741797
3.32754540217038
2.0189699131325
3.04219245045631
5.54459303277601
2.93107413470755
2.51409570687986
4.98374462553315
4.48608889825894
3.7315125536654
3.74609245748896
2.9321767905662
4.45270428457233
2.7466840339219
5.33471320288685
3.64535473497297
3.07768154455282
2.7723212621995
3.18554881863098
2.94237028172568
2.94827901421363
3.26520931946753
4.39140642111223
4.67602473751158
4.35878738296262
4.01520519927422
6.1582883556716
4.50615299391487
3.14877238915196
2.77866488279658
4.18331033794381
3.14663690400978
2.70990760444289
4.44286287987798
3.21752966750566
4.16815546866547
5.01804453761508
3.16349010141582
3.57254581715411
3.13916480671206
3.33355772381042
4.13728640140398
3.01301385879275
5.39276286424
2.56306799685152
5.58718816422899
3.80703737623097
3.45278610314541
2.7068392487087
3.62935829741143
3.8611093940239
3.17399241976004
2.64621053918907
4.35167199176924
4.91865949091496
5.05772024909427
5.01418865356734
2.93205719282609
3.76669931075995
2.28075907682906
3.22592606289592
4.65301674444649
4.15030603148906
2.91397745716344
4.67465702608277
5.48470472731555
5.17595088537471
5.10436053663815
5.10851575254727
5.54738053725634
3.43388969537011
4.97472375888278
2.38709929018127
3.4303102200213
3.21953816796613
3.18673833293228
4.35844465067451
5.53713806074167
2.79769744842435
4.07870504372929
3.01034894465356
4.35018474545586
3.85483481299902
2.89902719917805
3.36414550024673
5.41636325338995
3.13608490909036
2.00455614043543
2.78920080748502
3.56558454365477
2.48412801644043
5.15845059603829
4.38219353106594
3.66154121134895
2.5492558147482
4.23287696484014
2.92430147580227
3.34932773599392
5.85172831831363
3.23820942024517
2.82123099241747
5.29087991107077
5.39142046092873
4.03864783920304
4.05322774302659
3.83750835323598
3.54737272190256
3.1421258750771
4.42938164021708
3.95249002051059
3.47312338570801
3.67765282486926
3.58099065978617
2.03703871905591
3.8536105768834
3.57234460500514
3.48607485844244
4.98316002304919
3.14306219235375
3.70878623628258
4.59257741132289
3.97962205277899
2.71575344293839
2.68939396849202
2.10750187188447
2.35606908368341
2.27688865822931
3.96534960439464
3.1282587532011
3.01336689155332
3.31144160375317
2.16798973714633
1.94674596771367
2.40879757147333
4.92325377496685
5.10125893228152
3.96769159247957
3.24584827079914
2.4439406912261
3.75689804524364
4.79664372014419
3.49610389699101
2.02751409684655
4.48365898334967
2.896082392111
2.39095685412258
3.23103833559509
4.57809818416626
4.54988229464691
4.16644744567256
5.62212160185464
3.12901810896251
2.24765150141937
2.42962875780199
2.92133481351887
3.14545525099571
2.20575330377828
3.49880791556633
4.42304640144562
3.52658089688474
5.07015886068977
4.85274991200099
3.04705348612824
3.4859182708373
3.09433775485644
3.46189065399071
2.96391909218372
3.65792769979539
1.71833630769265
3.65925377189004
4.92043509581229
3.92733900248136
3.07141366268997
2.42589498839566
3.70598562853428
6.08837125317165
3.86825454712623
3.8488961604868
3.71077053824564
4.3894846579003
3.47296351999486
4.11646708193467
4.52738731520079
4.55927273843227
3.32694057722974
4.90248302735471
3.73927886940984
3.26859537947886
3.6319168111991
3.94676296545812
3.86809757447453
4.67658351141921
5.67829070546848
4.54072157186132
3.61085679815042
4.92170926912112
5.66176817024092
3.37524051095028
5.48053823416102
2.80559994752828
4.6670798974803
2.10532167324282
4.42482903527363
3.30957535885447
2.58484908399932
3.09678130913019
2.5441864579519
3.14675858555687
1.89301562784421
3.57256997377508
4.04969737291677
4.48284448441204
4.32073834002026
3.06738537596925
4.99635490770322
4.1643696789273
3.11947798307286
2.8009243777757
3.21374038043463
2.68296593803955
2.68061319836381
4.78396426863746
3.23978916248478
4.26915410858252
3.18406842843288
3.58738957384504
2.62154745813294
3.15919948324577
5.41499051341768
5.20360500974847
3.51344049136728
4.63825231371549
3.22067837550468
3.4859182708373
4.01611538593423
4.06524295567039
2.63535663746931
4.7241182173617
3.78497010693174
2.75513295547118
3.26153678451187
5.16770427931132
3.66070022252491
4.40567941525947
5.5852965639286
4.01790582378325
2.64415440254901
3.12148565212249
2.88450977559283
3.70522345824781
3.005667459177
3.90354677305234
4.49994597203396
3.92907817259409
4.66672867785653
4.92964948258933
3.60682169338033
4.04568647808941
3.16995710477381
3.62042604055365
3.06727503170209
4.38384446579493
1.84582064091202
4.08277775787049
6.17491363818872
3.1226728360456
3.49493764867044
3.63596061172994
4.9604641709107
5.97867419991825
4.97056148254405
3.94253894601815
2.86736826147179
4.82882590009986
3.34007606636531
4.71534801158935
4.41769026194739
4.60195270979111
3.38684994383382
4.58196571825367
3.21381868957003
2.57637360088649
2.68943184551947
3.1895704396987
3.5475802653735
3.77169145598396
4.57467509539789
3.69848609500492
3.89925369781651
4.52267042891357
5.34125086113988
3.33675948482438
4.70380054988243
2.89487343795144
5.27233354277931
2.95270946931787
4.22709792695228
2.78411517901467
3.27496594853162
3.07625750868694
3.39157425402695
3.59474129931313
1.3285332666834
2.38991060596705
2.94739043749896
4.03298472592544
3.86072582582661
3.22386945797762
5.70834101533184
3.96496654766343
1.71284399590237
2.58925786691027
3.63131628525329
2.83945002004793
1.27397921119329
3.49108334396313
3.02812265161935
5.11528448160181
4.84355449801441
2.78164024706185
3.11802666892953
2.80571110143359
4.03102424764015
4.9322364685621
3.97351849033649
4.84076881154949
2.97757997384984
4.60497774975825
3.17157174715972
4.87631577966916
2.38943034767716
2.21877044447999
3.01310068375791
2.29512044127753
2.41699314573737
5.26653870270017
5.79944285049945
4.8832302094936
5.97469328511107
1.92739521876403
3.36300108081441
3.6048228928536
4.10670942248041
4.36485126373626
3.60390050430943
3.57430908823389
5.80495031325921
5.04515506246844
6.25553346965133
6.23465382381456
4.72289858325468
5.16176336796376
4.56663474183406
4.58910658959019
3.43508802575574
3.84482219701963
2.84408791503937
4.17801436159132
5.28802733205685
4.68738121761119
3.59017425239126
3.23069633346331
4.08136030617393
5.63512097556341
2.76113757678279
4.16908473636313
2.65179531503436
5.23423474687127
4.40614244627545
3.41879018870861
4.07413703759256
5.0013964077505
3.76906424654796
6.14976696236421
4.09958574374484
2.94429681031937
1.87569994152715
3.70074977175713
4.14991823968428
4.63426396610146
5.30920344973796
4.46382618412716
3.70010297089998
5.04575965582914
6.60204831650905
3.25093450297284
5.4383289042225
3.54390002323555
3.47768860322729
2.83229189413824
4.0129527361423
3.66988223318947
3.15454837335199
3.47240355757824
3.27115667884733
1.80009635976111
3.23312432109098
3.04021741192214
2.87490960218338
4.76751308026551
3.24998168825964
3.63941070713219
5.21793034897566
3.59367180216294
2.27571750931966
2.72640103884383
3.0191699791918
3.25499126920249
1.83685272461058
4.05395685738042
3.16526582355291
4.68325529338893
4.55118679882077
2.58162313256439
2.43344596978873
2.46121380930815
5.05690900502928
4.46731221138409
3.49502421488881
4.23002467398251
2.55400503924216
3.99423361219127
3.34486213410759
4.46045556211755
1.52711434837016
3.29948780263918
2.15727210128552
1.68437630371056
2.59028353268525
4.67798952502001
5.38664818625327
4.59086251029996
5.49619900966338
2.22536158950079
2.75356561790022
3.14699985566315
3.69391475823422
4.2477754769528
3.11348983795325
3.21798366906648
5.44394606185182
4.43431743105972
5.79063257784747
5.8736495724072
4.11206095184596
4.55092573655503
4.0669405951725
3.97826895818147
3.41395827816083
3.42124726241194
1.98036974723785
3.66098387685565
5.85884481407334
4.07794575469698
3.12524999521327
2.37486775099092
4.65217778819041
5.94850441742253
3.84185493494199
3.75577410137959
3.06998366116591
5.6377493897381
3.9928318112919
4.1635579982139
4.38752047945168
5.30533289575947
4.08244768840709
5.65225507602048
4.50310038661168
3.11758719726726
2.0128431134607
3.58501240729789
4.10113982502153
4.94764740796059
5.48249383668585
4.62098171059164
4.0648233017755
5.4613009049837
6.25896991441559
3.54869588405185
5.56079837289134
3.26620602730662
3.89587694935883
2.83698149473154
3.46749951089812
4.0733968760563
3.15923797394529
3.21753871922237
3.27584627944061
2.21828470589268
2.90994488711516
3.03558601298208
2.75783381539991
4.94080346721339
3.9865982917983
3.87151341708584
4.70354327439553
4.34618672757497
3.57033616022276
3.81665666801518
2.63723647595194
3.0029451218214
3.13147137551369
4.31300863628486
4.25552145272425
2.53384116677038
4.75644024867337
3.86732771079091
3.03390568059275
3.00274785685033
3.90513021302233
3.38470769610622
3.41747706344783
4.12898623191881
1.14417834168214
4.00253222485728
5.43844888767984
3.08329812919098
2.05480021776005
5.2579177222256
3.33820568088696
2.74399268279807
4.15819313577336
3.68006774114117
3.2040212106114
5.24484094568557
5.10271880760509
4.21748649649435
2.76473975109777
1.89299957994188
1.88997773544055
4.53509236354424
3.1089924848877
3.36236733986436
2.48224943369961
4.42982007799417
3.84000255791931
2.91195294425498
4.06776297936285
4.50662776407192
2.39313692218569
4.4009674941641
2.76739383048875
2.32735361546926
2.07919218314842
1.91384251970143
5.12674553325244
3.22430350330598
1.52480163519349
3.03795748585043
3.77864982723148
5.86410940187567
4.95867465342697
3.29961608081967
3.86947091346953
5.85944574885728
2.24385451013435
3.73649433890468
4.30312546390481
4.29657964099151
3.21512311377717
3.60780810133929
4.81310330134841
3.40051082549994
4.10509144470871
3.58616573545302
2.49513457310262
4.16862938894825
6.16481451735859
3.74175198413168
3.42103057657217
5.76592274158539
4.49511392033557
4.49612869706284
4.65587941381602
3.00210489923414
5.42368219253512
3.06267491175862
5.22960515163049
4.38339979079304
3.343403097823
3.03094159548214
3.5015396964677
3.70456165591957
2.12924779866527
3.80487482694816
4.63127373845896
5.29624622209414
3.48195085549466
2.99501564723216
5.85148603137895
3.95818153852859
1.88822979139179
2.13017980024584
3.28742919134065
2.61059620930245
1.44936500668273
3.66646913945255
2.56904458495492
4.54117313177024
4.66816870252498
2.26915236679464
2.94264087344009
2.90068229617865
4.75381125251888
4.90678069825461
3.96521981689114
4.46199384121753
3.2839902960194
4.22620277942629
2.83292064554783
4.8740065300231
2.25022577035787
3.04710075302858
3.1187940656223
1.91634547094558
2.07834204412548
5.33599835930259
5.59193664557507
4.70784441400417
5.96639461166571
2.26869341735289
3.27461742177416
3.54083042192084
3.89920321755602
4.29926275911325
3.74704552035653
3.84218270977818
5.66716037048755
4.99025711135301
6.04802726472693
6.09686388104291
4.66800063213924
5.10686541684832
4.42940854752698
4.53420863847475
3.1254240135359
4.15123251918919
2.73836904564489
4.15255859128384
5.15023738928519
4.59899755857095
3.56471848208378
3.3363897153277
3.94357036340227
5.29658008933077
3.58946788533139
3.97317378663948
2.57269865237165
4.97721629832061
4.2102314965518
3.71175842746655
3.73559615135991
4.66285552151786
3.43052336031532
5.96910656596411
3.84256729519417
2.60564570870748
1.41662187486272
3.55486703639711
4.04670413932902
4.29572307986882
4.97055234812608
4.11807386252774
3.06673106047759
4.81690584508367
6.46425837373739
2.50423684748546
5.09967780261063
3.31769330946707
3.39859194056457
2.80683612383075
4.00750614933168
3.4128637846388
3.1290926030445
3.32782949687098
3.24570090853983
1.72099969709841
3.12734457237505
2.61325975469266
2.80932109756036
4.42886197865363
2.90924407675728
4.41627251252488
4.88407739648694
4.45562898999172
3.61605742149032
1.57674237763704
3.10146286921835
3.06355535992571
3.17719263678124
4.75320919510317
2.01560716234612
4.12164673774827
2.85576133153675
2.32122367369699
1.99451434040905
1.81547707167364
6.17145603954085
4.52549702251144
3.02497921030339
3.15936241946538
2.24040830755357
4.25518857045118
4.64498660368795
4.12124920320275
1.05392316552752
4.15116522910899
2.25569597559322
2.15466547533492
3.07938121913887
5.39033142888015
4.48003157534127
3.34416202854892
5.45453144353869
3.4256229889721
0.366605144907219
3.45593100341812
2.26670771767195
3.84633374039605
2.60969767678572
4.12879493050346
4.63613087237471
3.61602126393502
4.35037877889366
5.06583438293008
3.13649385317851
3.57535863788758
3.58480583414521
2.80328933837727
4.39717548249924
2.67927309226263
1.9241768342161
2.4141736093731
6.57181374943951
3.45701216464976
1.86786179332242
1.15771861228039
5.36514672355659
5.49695621246023
4.31088301674578
2.84075474304449
4.51741525744862
5.32984228703855
3.87554162123311
4.62759791333266
3.93597227448937
5.48157465039466
4.25868944304226
5.3307760433666
4.51637119242565
3.89986782210568
3.14705517994162
4.18454584604353
4.33610471097892
5.4450670711093
6.25874222981626
4.99775316536468
5.09897014565519
5.57837462708438
6.13687652673286
4.88837304790247
6.0609897585088
3.19063175316284
4.74161597587927
2.56799332951506
3.82879532278257
4.08666768187027
3.04752074027157
3.07366707295785
3.00685811422412
3.22129466395586
2.64465257838595
3.72885907524264
3.85520191539061
5.06329600875982
3.08126672912853
4.99760510671346
5.74132840840556
5.08971177645388
3.63391190890091
3.69561950474982
3.54256803862171
4.12903681144901
3.19504712419184
4.88647410647758
4.1344842894589
2.92928300792558
4.67134531076459
3.47983999286306
3.54179190959134
3.03009730678495
4.56556381650844
2.89421330129892
3.14243373336338
4.05743156460825
0.657786506509126
4.3096675103949
4.76875614489038
3.32771051565359
1.56430582295275
4.53856391182069
2.01803695035471
1.8386611201283
3.48850039298392
4.31392012464543
3.8135492761681
5.15974600777677
5.14360852813797
2.98028884134755
2.58485065876911
2.60440847487023
2.12081584814907
5.21699394285881
3.63688789738316
2.14106872342144
3.68997377638846
4.95771549048963
4.07084067062785
4.11967728694383
4.67698730442523
5.11585208913431
3.09097154335997
4.54319531076074
3.14148806582287
1.52502872967892
2.80116463654852
1.94119196963605
5.52218737440762
4.39337965290061
1.55215108512812
2.23563260006009
4.17409166838667
5.67603420508458
4.5552538936394
3.19317353708981
4.50847229148419
6.4743092946461
3.43023124700213
3.90983763077782
4.11505026711371
4.89143400328348
3.80997747606914
4.81553244402815
5.33966029151967
4.54148120805002
3.46621043670145
4.83958050584651
3.7485493434961
4.67517719562264
6.70758862277651
4.3153378243318
3.72816586210978
6.29381815408086
5.68149065720335
4.80326398260047
5.18243640398729
4.19389620006326
4.85021672234238
3.80619996063753
4.43671797680413
4.90995678096429
4.08692814670193
4.28435636587563
4.24506474534661
3.13109618572685
3.36778387613629
4.37846066714827
4.01240191394852
5.83902032751206
3.47862744314933
4.80617833381988
5.381617837291
4.84154314176018
3.44248513600733
3.50419273185625
3.18285746750715
3.93761003855543
3.00362035129827
4.70898367604507
3.94305751656533
3.37660582496406
4.67134531076459
3.30234956243054
3.35036513669777
2.8497900733103
4.27743016395527
3.3415361183374
2.84104101209311
4.41714213572282
1.1051093235476
4.70702822441569
4.56673181036921
3.32771051565359
2.01162863999124
4.3471371389271
2.4653597673932
2.19837169124286
3.31100996255139
3.97763952695583
4.26087209320659
4.97943877430211
4.84221580686769
2.78886206845397
2.9822113727899
2.26812787718065
2.56813866518755
5.01496960833764
3.2771773262686
2.14106872342144
4.13729659342694
4.59800491937505
4.51816348766634
4.5670001039823
4.27962659040443
4.71849137511351
2.64364872632149
4.14583459673995
2.84149751304712
1.97235154671741
2.35384181951004
2.38851478667453
5.22079465313736
4.79074036692141
1.99947390216659
2.68295541709858
3.8726989471164
5.37604365230883
4.37776346320688
2.87690212289709
4.31704551859061
6.28288252175253
3.11395983280939
3.57495920158274
3.81505971433798
4.59144345050773
3.50998692329338
4.36820962698966
5.14823351862609
4.33945687352885
3.27478366380787
4.66209007541399
3.44715662222584
4.37518664284688
6.53009819234399
4.01394510306153
3.42677314083952
6.11632772364835
5.38009793593309
4.62577355216796
4.88104368271701
4.01640576963076
4.6587899494488
3.61477318774396
4.24529120391055
4.71853000807072
3.9094377162694
4.10686593544312
4.05363797245302
2.95360575529432
3.36778387613629
4.20097023671575
3.83491148351601
5.66152989707955
3.85871217868251
3.20171316033736
3.6320942288022
3.13716174874628
2.2100187893174
2.82143074336626
2.21608484644081
2.81729372240766
1.77115400460833
4.27064173390038
3.26029552807533
3.7088287834646
4.1429296504354
2.99380394002098
1.83379179152422
2.50399037985734
5.08888122686702
5.06541826401375
3.66586289548768
3.80422732558515
2.54055359429859
3.50425031690291
4.1103128055309
4.02403377592698
2.20545088556652
3.88961777411109
3.37641196085003
2.29310679413341
3.35573420410855
4.22880290474789
4.52774618508491
4.3299376261773
5.32029290486277
3.62501025409873
2.25836721238709
2.29440247928589
2.89919870395687
3.46621636304322
1.24527012125759
4.17891176749042
3.96915216102725
2.93270285927124
4.9828697651786
4.39885567158262
2.61044638005749
3.04931116476655
2.57460950368944
3.02528354791995
3.40622619194736
3.75454060286788
1.44895027937411
3.59823015238101
5.41806269824219
2.96975699877963
3.0355729944222
2.90622455713469
4.20361323096417
6.01718987404553
4.08524012101441
3.49484921725694
3.1247119062162
4.74906746006648
3.118916576765
4.20194213763867
4.45620593607467
4.48809135930615
3.25575919810362
4.43302410075423
4.09886167157602
2.58226446486557
2.79565587140387
3.09515551989981
3.58428286413476
4.60540213229309
5.14923072239792
4.33853951458276
4.11558562056788
5.22566297630264
5.38505467988869
3.66641715264074
5.27835617688247
2.78703969341614
5.04931898012035
1.69813586590404
4.27975444964924
3.66915816102065
2.0203923451178
2.72756983404656
2.13700065061312
3.37172673665418
1.90357608124801
2.86145955608763
3.55943170183752
4.60754035292546
4.41429442212493
2.52559149589618
4.75436575220411
3.85604784444449
2.53486664400587
2.13779613534372
3.16317467281178
1.17287434329699
2.0960018592968
3.38832614644372
2.57666092005281
4.84685904802192
4.64587504397429
2.94925726327617
2.23430748132741
3.01212242963922
4.77053161383951
5.8321308674669
4.30192449356739
4.88907932736289
3.78245027308434
4.54777206761144
3.60805529787241
5.09118569307822
2.72223881701762
4.33358391919932
3.81156723923991
3.65971582070256
2.04244991332333
5.16263474280366
4.71617447404394
4.68555075545349
6.00717542122153
3.11270529080521
3.09505283168075
3.33209825909011
3.93998402711182
3.3875895282158
2.76367830367789
4.84785685739894
4.79267841962739
4.2358548119983
6.08880807428276
5.22238193018276
3.75632740124179
4.19519218595087
4.03400458339923
4.1791471463134
2.75602064692519
4.9456163633746
1.63131009919005
4.71130361558893
5.53045473861054
4.5418689798468
4.12346350638887
3.6625577440381
4.31600527133253
5.5046530105884
3.76900040125495
4.36927969093872
1.92943772238033
3.96903172143948
3.76047569755082
4.01422314130554
3.94366907261755
4.13881980197146
2.90648764076894
5.45994953934018
2.35402451090968
2.16831351282467
2.75914106953728
3.24526485479932
3.48088114199946
3.29132915291905
4.00934407579332
3.2926552250137
2.49205299431276
3.16984976571374
5.94800012712592
2.25643670711263
3.89907919097988
2.62206605161878
3.36610528901835
1.68620715910623
4.31497366919799
1.92432100035431
2.16573456986274
2.39656341914237
2.1250719438153
1.84578397709495
2.96504620105817
2.25152798016305
3.80738843550086
2.81389785473687
3.73905323563763
4.91678764152281
5.7488174988325
4.71163202181856
3.93578145446634
2.77138244357823
3.68251070038891
4.04821934625835
3.49691666975726
5.35828286072181
3.21024722828729
2.89928646101396
3.7111660242364
2.82205348635394
3.39935097483632
1.95747363241339
4.95040443745931
3.13716263994556
2.37220283901087
3.82802249655987
0.843214606323215
4.60084887199681
5.19090383151917
2.78233439383205
1.74945009055582
4.21264349778863
3.03285555368274
2.49644762663741
3.91064807961271
4.04551303538476
3.80233785775094
4.19956672124859
4.80175507224615
3.96994144033368
1.7194655266608
2.25844487418547
1.58901400008161
4.90053765778782
3.47443777913128
3.1148222837037
3.52752365813658
4.79526537223774
3.53903882256039
3.95722716869194
4.43320827360643
4.87207305831551
2.75858221642928
4.10000375880518
3.36571047762828
1.28207939103229
2.6197037592444
0.86856829526446
5.49219082749602
4.26957772774294
0.479527410756525
1.99268326141346
4.14409512147506
4.8188351774387
4.65771091806804
2.2543418563827
4.46778756060906
6.22489104310086
3.28912873457132
3.43553060354576
3.25785123946785
4.6620249352351
3.58056840802075
4.65308232577627
5.41141994848795
4.44578504993689
3.85754638854804
4.63143995988999
3.54040879753958
4.76694603608777
6.76313116449812
4.34006863127122
4.0193472237117
6.36423938872493
5.54038814477255
5.09444534420238
5.25419606095556
4.04737912367111
5.17613713637446
3.42812020600221
4.98206009546983
4.98171643793258
3.70884839206659
4.07621581991911
3.86698499071127
3.45701659975891
3.17452202310223
4.40319147408768
4.3837286822983
5.89456286923367
3.86053122189973
3.30317411571678
5.47434155341157
4.19329062385543
2.25244517045621
1.70031414603772
3.00383375734303
1.9504569631176
1.81358038574713
3.42040867885123
2.13917893074679
4.27946508262627
4.19351436174583
1.79708692133924
2.36672317564022
2.46219605248981
4.80261414624701
5.80279491996778
3.84956381133892
3.68227212614713
2.86443150471435
4.91055184847319
3.97485600939168
4.2991328972462
2.67802417659603
3.5868130341609
3.54659247186048
3.10842588366856
2.40925062484261
5.08769062236318
5.7009472025527
4.23319007322501
5.42236116765277
2.72730355837324
2.76311911450482
3.24700196334194
3.35516977354309
3.52000522252861
3.16915009892818
4.5828820900195
5.60620326480458
4.48869747136366
5.503993820714
6.03590677535995
4.00917006060715
4.44803484531623
4.16642027771204
3.47390592769213
3.22861357119697
4.16005116634486
2.50363843985541
4.1613772384395
4.88142812015368
5.10921564516933
3.57353712923945
2.87699254700836
3.66697865287567
4.88819573184665
2.88977594487628
3.91691900871025
3.05210500418784
3.83263383749976
4.20739539782082
3.2477857705511
3.3272117938758
4.08990950452576
2.87480673856848
5.90686923961016
3.06998366116591
2.91380417719209
2.84224950988156
3.95863510973179
3.98446681297508
4.11200528491455
5.29268776839954
4.29230664644491
3.06198855495905
4.48528541377313
6.3949198273959
2.82637226775891
5.09493529709208
3.09979748667093
3.57222958973894
2.20010669124871
4.26277645156727
2.64028015061055
2.67963410200521
3.10993367407485
2.63897147595777
2.05190827781553
3.44277763611034
3.25117940159426
3.87561818292269
4.09724154734309
4.01336644980142
3.20774321407828
4.68054170669247
3.26649823230184
1.56431351672051
3.0938504724482
2.48178133690861
2.82332377614857
1.12544873201144
3.62493646130349
3.53271525715727
3.75793975091364
4.43940259209279
2.83129269809322
2.04464893036327
1.98282445767297
4.53148250988772
5.16373802312938
3.79551469869668
3.95888159670407
2.09158261421148
3.65890458802183
4.28231475305715
4.10746987365995
2.60902992144847
3.33221905713179
3.16163116293977
2.44776106525235
3.52773615163481
4.19185228948112
4.98436021228734
4.11247315866479
5.44994470807175
2.9458758974141
2.82916732602127
1.8865623021665
3.35581273115929
3.59942399857816
2.29371759914784
3.72283956741576
4.80101411589874
3.61454519225431
5.44812657514289
5.2307176264541
3.29228871304055
3.73115349774962
3.13602487161996
3.70712588090303
3.07517929847084
3.30556962278076
1.96357153460496
3.72173286273789
5.22642637755843
3.54055711241379
3.13389275353783
2.69144375922443
4.01975935167552
6.02065617002305
3.5278414040351
3.40151304609472
2.89119670450479
4.85673935036547
3.02558040560279
4.04875199878606
4.45967223205218
4.49155765528366
3.25922549408114
5.00154068867231
4.20653356187501
2.75426641239182
3.06807560048581
3.33947149049802
3.78863995842516
4.60886842827061
5.32123266992419
4.51054146210903
3.91684807989657
5.23169303004355
5.23454916217266
3.3847876203132
5.45035812440874
2.90023814545422
4.81580377840895
2.30905698140946
4.52273199792322
3.77683005131965
2.63131346062321
3.11112527631913
2.74792176611852
3.13821153494278
2.19597288126826
3.01345232011703
3.69263933737247
4.77954230045173
4.41465275017504
2.79701128867955
4.63627259826315
3.00808023775107
1.96318854189666
2.00731276385871
2.85365807099457
2.41259185074986
1.52432375718758
4.02381148647963
2.44617754856778
4.15973659401369
3.81849737391595
2.88473161252264
1.27913144070267
2.70269881970203
4.9452411964465
5.3965802751987
2.66168452602673
4.36016789707769
2.85170642198668
4.06019088839545
3.68545625140438
4.35519578711192
2.74002534730197
3.85152104736046
3.72103803040982
2.84904736562596
2.93087764998204
4.04796602610903
4.51608412999544
4.13122918633262
4.682719680309
3.46648656229556
2.41689090419026
2.49311091913058
2.88753664886739
2.9597271558555
2.24944849071854
4.4900645951785
4.78666511648353
3.17285920413562
4.77478831207456
5.2163686270389
2.85060272492186
3.28946750963095
2.81476584855383
2.89883474787715
3.3266611800628
4.06569343055596
2.08652350392788
3.95457511480721
5.31609159073138
3.12828069058278
3.36673500560715
3.25085062669447
4.10942456484847
5.44996656608465
4.04714339426378
3.56110408576137
2.99571972852424
4.19312688857393
3.18517144526943
4.08780128333771
3.88898262811379
3.91142109749511
2.68853589014274
4.67318044561861
3.54292110008348
2.15740791073906
2.18752482765805
2.53921494840728
3.07779365694704
4.0381788243322
4.72437416827141
3.79026302961184
4.00523307239854
4.82096110464481
5.186346240044
3.55606460447141
4.85349962275595
2.54551379457753
4.92032680242839
1.90621731900808
3.27557608018827
3.11321758952811
2.22847379822184
2.42590201739555
2.34508210371716
3.24273455896222
2.10228452109271
2.368361795509
2.79613464060903
4.18268379879896
4.28086075651056
3.44614885409812
5.28541016368174
3.76966219101305
2.72477049515864
1.24573081059674
3.50279563641313
3.06172941616843
2.28590571044956
4.67294905189821
1.68459559530582
4.92131854727567
3.05691542065398
2.12314965926065
2.04071339396465
1.94111686644006
5.59437876186508
5.26278828153421
1.90010257276475
4.37370816767593
2.86524669258492
4.65850753553499
3.5516642577399
4.36873605771017
2.60623335363748
3.08993909409849
3.58724603674533
2.71525537196148
2.79708565631756
4.80954797937102
5.11440077713497
3.36964723307064
4.69625995090723
3.33269456863108
1.65530895092829
3.25469287239255
2.90107691946564
3.72130910911747
3.01103044398052
4.35627260151402
5.43580268190211
3.93444115739761
4.7883285826728
5.86550619245747
3.61218467818384
4.05104946289293
3.5763478018158
2.91237501847539
3.92497782720233
3.30411147729399
2.68484015106741
3.19299316154523
6.07767354399337
3.77741825600135
2.60515305234517
2.48926867343251
4.87100651811046
4.68838461282266
4.06068366486202
2.79952213249939
3.59403637566377
4.95470884183592
3.834309010688
4.10134155393595
3.12740067485181
4.6730030507571
3.45011784340471
5.32231801103718
4.14123774722301
2.80654547615764
2.05373283399357
3.18835251382585
3.72693122236561
4.63649547147175
5.32269081541094
4.38857967675138
4.60354971953807
5.41927775178436
5.83548380546259
4.15438125161094
5.4518162698955
3.19465135999609
4.7865348087639
2.66779927227007
3.14178408652378
3.71153423666764
2.99005575148382
3.07503958281411
3.10666405697913
3.10894256529774
2.75142208651128
2.96667844264852
2.66234264694454
4.7810004459385
4.02635313042696
2.62465386017616
4.06519990338032
3.67553139876389
2.55768637853325
2.07231297283028
2.16215841105919
1.27193670757699
2.11882159382419
3.01500922195272
2.51117775753936
4.51233643552222
3.9994373208412
2.41398370731547
1.48230060398824
2.50766060846072
4.37307685712268
5.47890774612313
3.65548677043429
4.32989015233336
3.30880018668802
4.52643592082069
4.1715801472733
4.6233905401147
2.46139839292856
4.49419270529913
3.54405291259448
3.2717745290046
2.60597476272423
4.58669244387162
4.58758059565274
4.03911303232037
5.34072851459155
2.60431615197873
2.56904207360019
2.85072076658967
3.27353712048186
2.32372574189646
2.4706491138725
4.715393863013
4.37911204939022
3.65902313563869
5.42236116765277
4.8088155599456
3.1794957248822
3.61836050959126
3.33674594198708
3.51270023968345
2.81828872799829
4.49197546047515
1.72219612708572
4.20684179441042
5.53623786089965
3.5689006444688
3.61900168521038
3.24380471755796
4.32957083501675
5.68406780725863
3.90960000385789
3.54258645769891
3.13655763132526
4.09762559983066
2.4868248870136
4.10038274909493
4.12308386928776
4.26741368036264
3.03508151916012
4.36655423890962
3.05128315232183
2.13364208509341
2.84489660685855
2.58956799236285
2.62069989224568
3.98858779433118
4.93947407010141
3.73640714391644
3.83052290421941
4.23371355203309
4.85460482669536
3.61992580646667
4.74172159879395
0.907904849217253
4.20662005305609
1.65284440602774
3.8197746458996
2.62157964176647
2.13237181678426
1.56569135572636
2.09170919073681
2.68629874113268
1.61749014356386
2.51924933245086
2.94558426729527
3.74402784904498
3.24998168825964
3.41865058017434
5.06255462818234
3.26046728736168
2.38816189716307
2.44401744232162
3.0191699791918
3.03423114224464
1.94929711245399
4.16640124522382
2.88288222703069
4.68325529338893
4.27014162462278
2.58162313256439
2.10024145498748
2.19339370067144
5.20561082326623
4.23694373693007
3.21397904069082
4.23002467398251
2.79241558159121
3.99423361219127
3.12544042947396
4.23008708766353
1.2887038060211
3.43194137397945
2.39568264363459
1.68437630371056
2.37086182805162
4.26315235715754
5.10560301205528
4.30981733610196
5.21515383546538
2.42477411063756
2.62111204655994
2.91663138120915
3.41286958403622
4.0336892525513
2.95811411715994
3.44835214352049
5.18082673696775
4.27894171026639
5.56169363120714
5.61053024752312
3.95668523105264
4.39555001576171
3.88872794524963
3.82289323738815
3.41395827816083
3.659657804761
1.71254963860113
3.42257333450659
5.85884481407334
3.94549218335672
2.89488152075926
2.61327829333998
4.65217778819041
5.74909189628576
3.97430850628226
3.4747289271816
2.93753008982564
5.43833686860133
3.71178663709391
4.01485617997695
4.18810795831491
5.1059203746227
3.88303516727031
5.47186016577977
4.30368786547491
2.89816549263362
1.73045951693849
3.22099615771446
3.78349037070658
4.74823488682382
5.26307213205222
4.42156918945486
4.0648233017755
5.24054077802585
5.9779247402176
3.54869588405185
5.36138585175457
3.05211980290514
3.76342337801857
2.47296524514811
3.16510673087904
3.87398435491953
2.79522172436186
2.82271073485676
2.91183002985717
2.08583113455241
2.62889971291717
2.78535257356626
2.54374759099844
4.72138176257976
4.77335977790671
2.27096281318831
4.99497962599482
3.13248686792666
1.75846679890811
2.25198866950219
3.27806470992773
1.88654337525861
1.31960201419903
3.81908974349107
2.69085345421126
4.24942505383508
4.57198491180783
2.59039463926373
2.23212830999449
2.96645513693119
4.31766241693104
5.7807635574804
3.86903602617398
4.71887492480935
3.3428670210586
4.41889791612711
3.35882029704991
4.60619608673478
3.2900376934695
3.3939187679791
4.35801850987072
3.20775439335761
2.60424169562756
4.62682421818119
5.08482212256743
4.61166062328703
5.52346603554908
3.47454236905573
3.25464746467252
2.73466426490328
3.45627464143937
3.30770502146964
2.60815551845019
4.73486607784807
4.70641436762611
4.07631537581938
5.6050986886103
5.13611787818147
3.75405889660563
4.19292368131471
3.43785080988338
4.16889606446811
2.69156070293097
4.55685402962789
2.68086935153983
4.3387583970889
4.68144888268366
3.96603725106504
3.75091828788885
3.88783110615537
3.46699941540565
4.95444117730542
3.58954111488242
3.93511100287433
2.43755084359805
3.63498645762952
3.5591783623824
3.31944895100526
3.39345723933457
3.40811326732078
2.19301050136351
5.25993242484271
2.98478066913908
1.83077195638459
2.22621379753979
2.83081420235327
3.32265130528518
3.54265343555298
4.39773821391694
3.80393281004619
3.63054366674939
4.29491262915356
5.755084232616
3.09306864320467
4.5971145068432
2.80927011180669
4.36215791750219
1.68795530542128
4.67809096811951
2.55507715858372
2.01021178463505
2.63458839760933
2.12682009013037
2.68456567403602
2.49849440966211
2.32282921700575
3.40092036026395
3.85604784444449
4.63714197830403
4.16782580331275
6.14115241366702
4.59921599310957
3.09376936791297
2.99698509803661
3.71208444875061
3.29925750804831
2.6549045832039
4.59500609965455
3.43584988274569
3.40950896199546
4.79259820388798
2.26670771767196
3.26463882562552
3.02115602591189
3.84722577936704
5.00855990412732
2.85243913152689
4.353071183372
1.80546570871257
5.20301374754274
4.75059653455881
3.06193778390282
3.55051182363874
4.08960767376978
4.40040808684908
3.47850207403086
3.56580157135625
4.15920879933613
4.94786344975962
4.83227391536717
4.42523648784073
3.24036175860714
3.57123670707475
2.17095593178447
2.60208602075
3.84721359242608
3.83596095918362
3.50683605846204
4.65304006664838
5.1567885522901
4.55211084322879
5.08274357720375
4.78059957752181
5.21946436223088
3.10597352034466
4.36576240965933
1.63092604670248
3.10108537034309
3.37752825539261
3.16937039223424
4.0973033178638
5.39509413625473
2.78032950772629
3.73080816199698
2.74920761184285
4.2553096293915
3.78198976915738
2.73845247191218
4.168970478578
5.17415587306285
3.02892886102274
2.54379107287802
2.69432569142064
3.32337716332767
2.24192063611333
5.03128536447384
4.53790249649638
3.72763494650902
3.65477160454573
4.47246570217204
3.16389021313417
3.47911918245939
6.12236078912118
3.68119619801503
2.67528063235854
5.58262798900592
5.11432520418231
4.09718186646141
4.33425788932679
3.29887555379996
5.03557552245617
3.180963668948
5.15600248750872
4.10819898594102
3.51906239956647
3.91724156220116
3.61982845365706
3.50204697555225
3.68158292235457
4.01533138277501
3.78121895436564
5.25379249385672
3.63922374054923
3.0692965748253
4.73190113167738
3.39555649664861
2.12842312208438
2.93921646562
2.16653561698634
2.6848771368956
1.6895583373753
3.79290940764894
3.37808125032906
3.97378355996731
4.81747024085297
2.50946606749459
2.08540063909246
2.72749725134035
4.62603256199824
5.1002007983235
3.74786532319842
3.95673771424445
2.81488138406063
2.80440367136626
3.92692980276796
4.43081513702929
2.44364587042676
3.76518376580815
3.3122141656912
2.07361835600015
3.17235120134561
4.3209105538279
4.44046478007807
4.85714595233218
5.45945736458759
2.93723573252441
3.1428076701898
2.68117465689134
3.66427433314598
3.72848226292495
2.74121368315117
4.08124073045989
4.88229364989775
4.06204127625762
5.81309838031689
5.31199716045312
3.73978479704386
4.17864958175294
3.70394792067581
4.04217757706294
2.26560503849264
3.97804747435088
1.3527171525992
3.97937354644553
5.18692246416055
3.62132610368637
3.39153343724548
3.16320467048939
3.98025543827764
6.13378139251011
4.01162703099051
4.02205754341179
2.19075920478723
5.05149722591375
3.41325355002392
4.13391757312566
4.57279745453924
4.76794818389317
3.53561602269064
5.16622585872221
3.43649001538394
2.48718801772021
2.59226368514408
2.95196613077387
3.51446034376599
3.92045753484076
4.48548951223161
3.67479830441645
2.91254274445934
4.52458162776959
5.6793916531476
2.41266357363239
4.61461496671615
2.63315975078261
4.59572448609475
2.31768828070369
4.04692008258149
3.00678650482858
2.63994475991746
2.75574032602993
2.75655306541276
2.91813224262858
2.33036662584718
2.17770916242448
3.33725438708327
3.94379914275915
4.54714333640306
2.47306656002648
4.83306062719817
3.45760647514113
2.4127147792867
2.49288672833168
3.05044609992957
2.08864712209677
1.97384999457762
4.47333772386968
2.93175151304074
4.01111589032934
3.82250580611655
3.04389167618133
1.91478425434675
2.24909644067485
5.1043639686499
5.43001000613127
3.33654773861075
4.49265848330571
3.0750845450949
4.19268147462348
3.47801117015588
4.28625427016782
2.86176163385211
4.18062031969797
4.01137510331455
2.98153795185399
2.72343256873353
4.46094107552514
4.0008582814039
3.12897122778134
4.62437260307863
3.79558583463306
2.26306632076371
2.04811730342912
2.37231080027585
2.63185510955444
2.44623651965355
4.49655691434234
4.63804441279919
3.09659113213316
4.88773999235396
5.06774792335455
2.77433465291941
3.21319943762847
2.35388696871986
3.46222792171937
3.32531324995526
4.28907155366419
2.25119112342793
3.98800484573977
5.46815043440253
2.97198284396504
3.40016473653971
3.54118769959919
4.25370096712452
5.62049270542529
4.37624266660128
3.03877701718228
3.12540647972497
4.40575496748867
2.66284437669034
4.12102919564659
4.05950876745443
4.0913941906859
2.85906202948338
4.17596858367917
3.7555491789982
1.94996282949055
2.23165160814958
2.62213604089012
2.87034857569854
4.20870496367285
4.51692908702292
3.62460522614654
4.15729191606969
4.49701637599176
4.2974140265577
3.59479770307755
4.64605454150747
2.58424689318367
5.05001355362911
2.24594626553171
4.27783403873956
3.32584566844285
2.56820274474546
2.76563096391917
2.68481105024077
3.37242131016295
1.83323685235582
2.64794882422021
3.09167559325596
3.97523871755046
3.92920248540383
3.6063529827798
5.15532026682475
4.5460663541951
3.65844558988341
1.24715591773496
3.37270573955615
2.25363583018061
3.21958080517433
4.79559736349626
1.68602070244404
4.77269784359132
2.73404592706257
1.95543179712737
2.192217350274
1.16063656162089
5.75350153406848
5.29621801246677
2.57496578534878
4.17932082811196
3.08862481569315
5.27514697909776
3.82836803382613
4.29979454076606
2.24382078285289
3.90318722377073
3.39343425231532
3.17462388398148
2.26276264927705
5.22252302878712
4.59917492854343
2.04051134872738
4.63791287367687
3.17764498363384
1.01733551016698
2.8096992566911
2.3858510708741
2.90928820548168
2.88094054712354
4.36276492067785
5.28718197821777
3.53129515960315
4.9012802629522
5.71688548877313
3.05176774884665
3.49063253355572
3.11546892198184
2.99161933498287
3.92362989709479
3.52748960040223
2.36535891323271
3.22642289247779
6.22973238766451
4.10526926671836
2.63858278327773
2.29545688900249
5.0152829203865
4.8589107521633
4.06290501140752
2.27719506392031
4.20787198419924
4.6831880634159
3.31198194210891
4.13456946624483
3.29792681419245
4.85297614394788
3.62064398274536
4.82510614909775
3.86971696880299
3.08324925224385
2.58200847181984
3.59815153210068
3.51948614111711
4.80702161081238
5.44212365995445
4.22292187328607
4.75560856320921
4.76845509733929
4.94655159197628
4.51999227600908
5.244371188647
2.90650653281025
4.43207270262988
2.52337936145894
3.65989318774032
3.44001345824764
3.00290677221545
3.08789060354574
2.96224414616801
2.91175139070646
2.80925234356637
3.57314339715173
3.28476152538345
4.246677438898
4.13641394965843
4.72536086862923
5.3242353212567
4.47697252607308
3.74435468157276
2.57995567068465
3.32280012927434
3.85679257336477
3.30548989686369
5.1807924302893
3.01882045539373
3.34660927805245
3.7111660242364
2.64456305592143
3.17442949054043
1.77998320198086
4.61552600826423
3.58448545698404
2.02787878479069
4.18773306767444
1.29053742336171
4.99820958601761
4.99947705862559
2.78233439383205
2.19677290759429
4.02121672489504
3.48017837072123
2.85615819775197
3.73315764918019
3.6798228714075
4.24966067478942
4.02207629081607
4.45743101802597
3.77851466744011
2.16678834369929
1.97031122163231
2.03633681712009
4.70911088489424
3.04985560155549
3.1148222837037
3.97484647517506
4.37068319466195
3.98636163959887
4.40454998573043
3.98588545656795
4.42475024127702
2.31125939939081
3.65268094176668
3.06571992485252
1.72940220807078
2.17238094220593
1.31589111230294
5.19079810622575
4.71690054478142
0.926850227795008
2.44000607845196
3.8427024002048
4.51884462466294
4.48022048763553
1.93807044218997
4.27636078771549
6.03346427020728
2.97285732037859
3.14739695099259
2.95786068669209
4.36203438245934
3.28057785524499
4.20575950873777
5.21999317559438
4.25435827704332
3.66611961565448
4.45394952945747
3.23901607626932
4.46695548331203
6.5856407340656
4.03867591000095
3.71795450244143
6.18674895829241
5.23899542350228
4.91695491376986
4.9528033396853
3.86988869323858
4.98471036348087
3.23669343310863
4.75981957923322
4.790289665039
3.53135796163406
3.89872538948659
3.67555821781771
3.2795261693264
3.17452202310223
4.22570104365517
4.20623825186578
5.71707243880116
4.52750415596233
3.87889812540917
5.05464307432167
3.35815844116325
2.67927309226263
3.14421244614513
2.96832709238122
3.01032983014472
2.24040830755355
4.25186902926772
3.5830772308542
2.76583283092489
4.74398253259886
3.11148048065795
1.97398275256938
2.54156515524284
3.6091563111978
4.07550958229638
2.35059595334359
4.44542735217668
1.45780265889789
4.65719115151749
4.8992293441183
2.92938545621364
2.72757759222764
4.47929904210885
3.83455642984113
3.26118474651693
3.68207923415158
2.47937613343644
4.00208874246313
4.78365824407804
4.00502596271866
3.60880702505644
3.21085146084192
1.20872926837033
2.37354126133509
3.70801171522179
2.66781896677705
3.36105866521157
3.67645362456972
3.98864655988351
4.32356608381387
4.10615713512509
3.66316828801504
4.10203307272413
1.9885422308379
4.07800545587752
2.16099206434419
2.67178966746717
2.07073415081902
2.43470519721276
4.12143538562072
4.40639010456918
2.04566431270483
3.38239353784835
2.77333967959976
4.97401536455612
4.18689438143429
2.69965239545195
3.48071896277447
5.0745571391438
2.32371975496002
2.84232415994801
3.41303142658526
3.29404121582856
2.21258468861421
3.99548672802828
4.42435135065335
3.39651522999647
3.60258643151747
3.6199415553458
2.28209774350771
3.56222762280369
5.80245367823297
3.13257849551837
2.81185708795886
5.40356190245977
4.5898578580837
4.02397373810488
4.04670592520272
3.01522115965243
4.92117717934386
2.27778630204516
4.45474678818863
3.99464784009798
2.58490559967901
2.97883562896089
2.71665108675423
3.22844775429779
2.79661901278415
3.44251398782255
4.13450027736266
4.93388538296852
3.6289077967558
3.19072972787338
4.45335398518959
3.20978869297199
1.82834520471361
2.20345786951778
2.25459361540574
1.83801257527419
1.38948042000452
3.07794136616985
2.64232265422686
3.96317325887264
4.26588787550368
2.01653837364432
1.33370900113051
2.17591488599106
4.31136534054606
5.31710123233226
3.6499289624287
3.73169387520119
2.31169978355312
4.2427436496457
4.27858721173498
4.26083308286285
2.27803928365888
3.59625074512487
2.89759947494668
2.87432919533344
2.71298182718589
4.05336777320069
5.13772342149023
4.30556358698288
5.30435897180379
2.24160987073773
2.44470867297565
2.40653065627659
3.50917594036217
2.9110910137615
2.06652987764497
3.9429567367574
5.00624762385774
3.38735747075143
5.65336008310189
5.4359511344131
2.90783005999492
3.34669484470399
3.35614204096161
3.32266722785739
2.488456984222
3.5256867921224
1.63258089681537
3.87509607194077
5.00630920821678
4.12439617403766
3.28725596274072
2.42741207123134
3.79964218233386
5.43393385577419
2.98084630890146
3.91067884891949
3.1552283924979
3.78586817878188
3.53474620842756
3.82863482944439
3.87294991780334
3.90483534103481
2.67250317983229
5.21455663802641
3.13566239029144
2.75053887106965
3.14598071222485
3.39122081971037
3.58026532198427
4.02214611402176
5.16023419705927
4.21820326157543
3.69673091055492
4.4036527607119
5.80088431155125
3.50748141862326
5.01138495837244
2.39998782696249
4.11153775173255
1.54977952749506
3.77967165925551
2.70595887973607
2.02930693825158
2.46094493264545
1.98864431220415
2.59121643980913
2.66541146497781
2.91538599146926
3.81533313568254
3.96478797600282
3.71984950676383
4.63102702664823
5.74173066303437
4.94734638645061
3.46449923113222
3.51491367522313
3.54297029325051
3.76245873138377
3.02563444642316
4.77443197326298
3.9537784599322
3.52921759246669
4.79114235913858
3.19896550699873
3.37237923182266
2.54434880867561
3.91483345124866
3.81165130304927
2.81284727346131
4.75382498804122
1.67512201667611
4.9482502880302
4.45023151611981
3.22457525001614
2.35360322256069
4.21063402484965
2.93235952298139
2.53505454356126
3.20762590711958
4.26694920553328
4.41348386070922
4.46421292571057
4.81402206823587
2.81087616357887
3.26152368055421
1.6859430787926
2.72075043269017
4.86634890465329
3.63729015201195
1.93906334369466
4.28990836092957
4.95811774511844
4.67077525516896
4.71961187148494
4.58192877035015
5.02079355505922
2.907302713173
4.44813677668566
2.54565476047927
2.5423642398459
2.80685862142838
2.85965736571369
5.05624090759329
5.03196243053593
2.47061648120575
3.14995517268678
3.70814520157234
5.08020089974099
4.43611054043723
2.30551987579436
4.33905961371551
6.07825790212291
2.54257758570667
3.34607539881141
3.51921696177013
4.29560069793989
3.21414417072555
4.63186361384118
4.94360889899647
4.22295657927945
3.28550460717474
4.7275383726319
3.41896288359403
4.07934389027905
6.42671413691219
3.98575136442972
3.26221939529545
5.96489021692187
4.79791313754504
4.49026908730119
4.71913703414994
4.0508405134428
4.52228683537135
3.63678728286885
4.22921505488563
4.5139053884411
3.97488601348731
4.17231423266103
4.07565206757792
3.01195283252468
3.62670839840691
4.26641853393367
3.69940701864925
5.55814584164775
4.02926390059897
4.59892344185749
5.97127981204385
5.35241944656374
4.49966713374714
2.98110427720792
4.18866528477524
3.73035514659303
4.06080234903808
5.80959987587789
3.41996906191699
3.83863198630183
3.42645737453829
3.80475933050306
3.46687704857266
3.37656923990378
4.98759720658135
3.84104791701371
2.51925570610666
5.06323938187636
2.30050346428439
5.25766468186534
4.20878980384768
2.89987959534434
2.38197244219783
5.28339778018235
3.53158591166027
2.8444689373964
3.11230139626269
4.77995868145005
3.90933553233971
4.54514029179253
4.79348660181871
3.81523233141158
2.75737535218474
2.54318269946817
2.21660210432069
4.51246280453773
3.86683930102144
2.33159763690441
4.18317691224945
4.79025001443853
3.8778384939537
4.61288042280482
4.41406103967026
4.85292582437933
2.73943498249311
3.99395387635119
2.96933028645115
3.16774568745418
3.17150843875513
2.88802658535082
5.49189370379513
4.52781410216643
2.4989857008429
3.74918156136565
4.14379799777417
4.56988673845569
5.44625925360474
2.53375148455559
4.74416386644614
5.63606524638978
2.7708091944679
3.80592788746905
3.00890280048482
3.78528653665459
2.70383000944024
4.46399588316128
4.65993345246569
4.10791166677471
2.92019650758273
4.49137326983129
3.18279778079339
3.56902972899374
6.25348074593036
3.60915011307969
3.6965919708263
5.87459815365403
4.77198398924249
5.11849320492917
4.45498017064332
3.98312408735706
4.98085910335801
3.7980390597576
3.93562348753098
4.23022994191032
4.13613779037608
4.05118241302758
4.23690384446668
3.42415830524287
2.74366184188099
4.05831858100684
3.15005216448917
5.38491245066592
2.69878038728665
3.97633929798194
4.29681191768126
4.1693541227106
3.31117553920686
1.93313616287589
2.51419739041268
2.62362214538276
2.8723107544978
4.27838810414091
2.37200094758497
4.59896610169837
3.51354783804585
2.67761745893583
1.65882072334342
2.15699216399001
5.69663494857858
4.31503333304082
3.35701789515508
3.83609430455227
2.86717808962274
4.41133002588776
3.68580737590857
4.35065827125114
0.843459476056893
4.47407330642302
2.04523228612259
1.94420178586429
2.12020199135949
5.09815380088501
4.63617303077784
3.70055581378775
5.35819268992966
2.43295805326792
1.47171446845481
3.16965613613701
2.93709848902377
3.57493756603738
2.19237140665888
3.47100842399435
4.943511027646
3.19869499380815
4.99293028573678
5.37321453820137
2.71916758305166
3.15803236776073
3.15819608371295
2.58537558938718
3.82915704359746
3.73442031279253
1.18567265557571
3.46147786187713
6.30041757508086
3.76439231992106
2.96663000313497
2.26282793582799
5.09375054919795
5.85475216619358
4.20541365559911
3.22170417225374
3.9113646501485
5.05984828117441
3.45876188216605
4.54213773568284
4.29376822822272
5.21158064453051
3.98869543717814
4.74351056456091
3.92519927804798
3.45853243906821
2.18787595216224
3.73251990949849
3.89476932794145
4.85389515673163
5.66616814694408
4.40517908249251
4.50639606278303
4.98720271270672
5.69554114369539
4.29579896503028
5.46841567563663
2.76255543884248
3.76896022367195
2.29659715515641
2.80531865229622
3.49549576749263
2.77612456591291
2.59884598199559
2.73546193986549
2.24863891174853
2.50470991661876
3.12280846794253
2.89602268761124
4.47072192588764
4.12202990017558
3.18446116275272
4.50885803501278
3.96566123908262
2.92076954322818
3.36623796252758
3.01503194058993
2.80004172482302
2.48190475851911
4.58525582879277
3.80510274723665
4.07044566873783
3.74938201318476
3.38868113400036
2.70522261481046
2.96049104340109
5.21628207357298
5.00489656990378
4.07875407611917
4.4395438738708
3.02196993565998
3.28720983099262
4.18401209099674
3.86653451582571
2.43664819762462
4.52540977751701
3.58626166708706
2.5564245156265
3.42943348957438
4.96899583946663
3.8594086623696
4.60438785510416
5.78400500377329
3.81919738393856
2.84286284239371
2.92277721227781
3.08321821543751
3.9039318980925
2.52064384967774
3.70483833320765
3.93463238728209
4.12778661243878
5.23204226260842
4.36433589783745
3.80553013322502
4.24439491793409
3.36866554461849
4.1079229132441
2.86856659185739
4.18513602595023
1.64711220106733
3.88406931802582
5.97620519834403
3.3213812758903
3.29622920882575
3.43725217188526
4.76175573106601
6.28106638987248
4.77185304269936
3.9599586441264
2.66994004229808
5.22959395805832
3.35115465073852
4.51663957174466
4.72008245190161
4.91523318125554
3.682901020053
4.78067415809836
3.61458674752849
2.744270305949
3.01928518205166
3.38827887954336
3.74628870521818
4.06774253220314
4.7425718004604
3.93188059264523
3.7018254786428
4.63974621569704
5.53995930098457
3.13933126565067
4.87169725494494
3.01066900406392
5.0749053236056
2.49719317543241
4.69886246773444
3.18488323697312
2.81944965464617
3.15993266536446
2.93605796014149
3.39731308013943
1.44432883279588
2.57522759920266
3.51270402225084
4.20088143098796
