4.37339931800945
3.53890809325489
4.22390489517938
3.75495592150791
4.07500223495316
4.42931701385275
3.02648401129209
3.58530791787726
5.01199629531157
4.90193792280419
4.32699949338707
3.02646580274438
3.48390746531377
2.51543917408402
2.61234703664369
4.28552855074263
5.8788331737944
4.56477932044298
3.91768408654637
4.38866341215231
2.4918409456814
2.8954013292879
3.28349261154059
2.51543917408402
3.91768408654637
1.73942084143031
2.4918409456814
3.48390746531377
4.39821609890769
2.3497180652872
2.50302466716195
2.97197364083342
3.86057939699806
4.17681164811432
1.2730550006753
3.73700008935792
3.2530335395108
3.6975225442814
2.96212245406346
1.66244146362943
3.19109242347611
0.927041373411488
2.47923647974786
4.21919020027715
5.60484758354421
4.32887625797612
3.62486904470871
4.17389615501414
2.18410911962518
3.09011472763926
2.98520490599898
3.42681044492805
2.36860309788313
4.04530025417995
4.22392802172362
2.00413375305234
2.30202332750708
4.03921483370431
3.09011472763926
3.76657290025035
1.15655339018126
2.3841946983007
1.73149181959838
1.67233875457245
4.38624301199195
4.85305240018526
3.57708107461717
2.81797131953329
2.66559722693994
2.35116193133999
3.50954609145414
1.42267669187571
2.50302466716195
2.43658771165655
3.32519346782118
3.64142571893745
1.2730550006753
2.89714170267787
3.2530335395108
2.98100748665939
2.03508108065197
0.945926406007427
2.60060395248276
0
1.88874800875451
3.58213698498814
5.06946165436733
3.79349032879924
3.03438057371535
3.60899764640612
1.54705590433617
4.4716845238134
4.184888397869
4.3936185305662
3.92466955689471
3.03606380073009
4.25793182209486
3.1399054441656
3.68359312368121
5.17498652481757
4.97297979800119
4.97297979800119
3.03438057371535
1.22186802136478
3.03438057371535
1.43562072308331
3.82415520086228
2.82317248078416
2.2107680920079
0.788091400132195
3.46984042196268
1.92936556336866
2.98100748665939
2.32220327326075
2.90553668532803
2.43658771165655
2.77811424961357
3.0369251825027
1.62550236385273
2.36860309788313
3.65554555767689
3.50954609145414
2.93460766203702
1.47446501080217
2.05352473427516
0.899526581385047
1.36020940395977
2.89313671939258
4.52238243615972
3.24641111059163
2.48730135550775
3.2902640343884
0.858055638740606
3.83906312539999
2.88101163334562
3.26811573698451
2.79916676331302
2.2107680920079
3.0369251825027
1.92562221045424
3.22665873662373
3.96070329110622
4.12921620319574
3.58213698498814
2.09413512254377
2.05352473427516
1.54705590433617
1.96133890228851
2.03508108065197
3.96444664402064
2.54693084107904
1.92936556336866
3.2902640343884
0
4.03790790258081
3.75111177663641
3.95984190933361
3.49089293566212
3.46984042196268
3.03606380073009
2.706128822933
3.24981650244862
4.74120990358498
4.53920317676859
4.53920317676859
2.60060395248276
0
2.60060395248276
1.00184410185073
4.03790790258081
3.25694910201675
2.28008140844113
1.22186802136478
2.2479724005979
2.05352473427516
