12.7760553375922
12.8475984569973
12.4145586940081
12.8857157875425
13.0216270281516
13.3383906899662
12.8662410395509
13.1830047013654
12.6171249402666
12.2897066317601
12.607401682647
12.300361278452
13.0928189994068
12.6206693489915
12.1343206431594
12.451084304974
12.6884558925098
12.3716922306952
12.4557472670528
12.629693664361
12.6064702935747
12.7725109288673
12.7850796529617
12.9464573261755
13.1018433147763
12.7313223558227
12.5308347951827
12.5689521257278
12.937433010806
12.9241653444616
12.4530082509272
12.7697719127418
22.3586122034335
22.601337653871
22.8393016136453
19.9969589271584
19.3591047860377
21.1827960146759
21.034915386654
20.163280318205
19.8924604914356
19.9890679277015
19.7182481009322
20.4450072773304
20.6846282627721
21.426071277412
20.7680088411094
19.7311806613832
19.822746536655
20.5187206397887
20.1963025846219
19.1846656518193
19.5362138066479
20.9415394300741
19.6450598587819
20.3623085005319
20.6192196678339
19.8192722492854
19.3153319889026
19.4895443794061
20.8604762524357
19.7106529408664
21.3572351488943
19.5569682708797
21.1037515151718
21.2516321431936
20.9293123809534
20.2374191533217
19.6857532005897
21.4615404822554
21.3127513089798
20.4037405443683
20.1329207175989
20.2308761711908
19.9600563444215
20.7339079113709
20.9482634321051
21.7039071997378
21.0569094751499
19.9716408875465
20.0645547801443
20.7747328431404
20.4517312793613
19.5128888274123
19.864436982241
21.2304400641146
19.8868681022712
20.6259436698648
20.9081203018744
20.0597324754487
19.5571402323919
19.7300046055694
21.1385389184763
20.0373013554184
21.6350710712201
19.798776514369
21.3815874374975
21.5303766107731
21.207375046994
20.4733536666837
19.9216877139518
21.63715867891
21.4883695056345
20.6396750577303
20.3688552309609
20.4658055616589
20.1949857348895
21.0159510576209
21.1836735354554
21.8809832719134
21.3389526213999
20.2075754009085
20.2994841706123
21.0101429464907
20.6871413827116
19.7478182178804
20.099366372709
21.5124832103646
20.1217974927393
20.8613537732151
21.1901634481244
20.2956669888107
19.79206962286
19.9659391189314
21.314157115131
20.2732358687804
21.8106892678747
20.0337059048371
21.5586635096731
21.7074526829487
21.3844511191697
