10.7740404061142
11.699215984562
11.1528369078412
12.0148549690952
11.2738307257235
11.0335345881895
12.9720323260856
13.2326345670146
10.8489057055563
10.5769092117725
12.1037814345731
11.6247363045396
8.99532622773765
9.90205296921177
12.9270872614178
10.1703203947203
9.8581812680532
11.0616748788627
11.4651159337542
8.73192478363711
9.61794062043333
12.4688372135263
9.48858045495285
11.0712206088203
13.2616016800937
10.1049991064474
11.4014593617403
11.5616959500709
11.3611765430314
11.4914434304729
11.6599769709914
10.9051117988946
10.3556679787192
11.9143056585477
13.0358163567505
10.7061834059815
10.2645683149354
10.014780571209
12.3015379219387
11.6595780180211
11.4758678023061
11.4757898245394
9.99948360769699
10.6978656894158
10.7983766829448
9.55994579805886
10.3843218705145
10.4080834505315
11.0990858477627
9.98424102357214
9.95809739549861
11.284707242041
8.80335349911478
10.5702850820806
11.2417368511506
10.1638143001872
11.87657537749
11.2720134088964
11.9608193102662
11.6695949370045
9.76443058376501
9.54070585178204
9.95572929563795
10.8161944469035
9.95360384737333
11.3478826087301
10.2622977230345
9.68915958656858
12.078426015335
10.9482491507723
11.493099669657
8.48363018958896
10.7533485731985
10.3168827154271
10.2271072594381
10.3367874689733
11.0655192248769
11.18303215488
10.0482239012723
10.5764174853039
9.92615995221077
10.8075201758315
10.3734682386884
10.4594598244387
9.03557557198108
9.92272196218835
11.8473146418192
9.17272515234269
9.84724759515858
9.43923482734795
9.74463774503927
9.28795549287787
10.4258300497741
9.24152965745344
9.78730714418865
11.3368185535067
11.3293468834843
11.3343146714239
11.1627477517847
10.4603622563324
10.6338731074891
10.5173199003198
9.49808077832496
10.6041904535238
10.4730899114376
10.2884919212324
9.24766078503548
9.8914351948969
9.25086879253445
9.88108794526836
10.3330904764869
9.21320396968017
10.305565910758
10.2229831512378
10.2062507730264
10.5173266616839
10.4294509196596
9.33563441628772
10.4470382107554
9.2516655081417
9.78303769541672
10.2879786196622
9.47648876412286
6.99862550994672
5.77917589386507
6.4684662086064
6.28659816303518
6.65238247450451
6.66019264033105
8.65186695707325
7.26959518889939
7.34129484605323
7.46801375565056
5.90275479995182
6.77607525022896
5.22164001853827
6.06194301021822
7.46356226404986
5.38892703168763
4.2881869562118
6.9423707951165
6.44366261856638
5.17178243143013
5.45223353188749
7.10674536169067
6.54381512704971
6.22264743604903
8.07011238903084
4.76179934320558
6.5995892053274
6.56283089467524
6.71994964538229
6.05935537339897
6.46142251584081
6.12802332865488
6.4767154433451
6.19996725536677
6.89932360003343
7.60791166015363
7.07919149071387
6.74226943772513
6.05489583901173
7.33214347069432
7.80083720995489
6.14786665948699
7.04485638698608
7.46513152273155
7.08015256351173
5.57845711184224
5.5907651280377
7.59779424945889
7.18806442281861
6.45118313837402
4.91473009720893
7.77854987879405
5.56618864303252
7.40671295826924
7.02984985857655
5.05402823154402
5.95398261276104
5.95252353421012
6.30715391649748
6.85480414502184
7.37755038656545
6.36141907637383
5.17641324477458
5.94426785375192
6.2570531720893
6.66937417262062
6.53415792893757
5.52389961555792
7.58332449291507
7.05107432968632
6.0095789001617
4.20762967885678
6.53334411373338
5.12916892358027
6.82241300354055
6.56067952615815
6.31023844942941
5.95647865633693
6.54792145805902
5.36652216547732
6.02059749280176
5.94776854912743
6.15654574851521
7.57602827888029
4.5532900970274
4.82668555208225
8.81178521003548
5.08257022270047
8.17125200681873
4.60210951452814
4.03186652561837
4.46081861184125
4.47712928946716
4.38142278823346
5.80604588669584
7.654917242206
6.85710446743045
4.78945106821303
8.54485659432498
7.32989375061483
6.20046653393499
6.114374876996
6.14037780473997
6.73733266404703
6.56898431407714
8.40069850345753
7.37825913940861
7.19067460270452
7.34605671223927
5.9705508909924
6.48186478711077
5.16680524750689
6.23800670430643
7.34562417780485
5.7109520725831
4.14034195552897
7.16160684402021
6.47065049116867
5.21836530015929
5.30438853120464
7.45247571063125
6.52707559411358
6.23978374892229
8.06851763846512
4.76932323347808
6.66906403670924
6.97542522132622
6.51630846801957
6.51444482319872
6.31377399489807
6.13526963940357
6.23896744741394
6.14269154043942
6.93152765919751
7.45746641276695
7.03369433864768
6.61508815170751
5.74415452574239
7.50549680573195
7.89223320088541
5.8628993961414
7.31895379133769
7.52242069509364
6.70206999973551
5.22587101846598
5.66563026881707
7.53942902286751
7.23464729154776
6.52202932198711
4.7541309293487
7.65604594902908
5.82847486580791
7.51565437997756
7.10471499935593
4.77708572800452
5.5667814081466
5.98472759337423
6.53701001421075
6.82259192148854
7.42413325529458
6.13804989000771
5.20848635880243
5.88494427528012
6.22648721274753
6.48011180482293
6.86017138935986
5.46553438896655
7.33215603929932
7.08327838885043
5.57849165304279
4.37989350223039
6.19064802248172
4.87800046996455
6.68689894887825
6.42379678682813
6.23340893274055
6.32154570673488
6.82090848766165
5.18096524920165
5.92346725266965
5.91611148464173
6.13600634486446
7.454071235469
4.68772809746038
5.22984784057545
8.78093895025246
5.11477428186461
8.14068604747695
4.77437333790175
3.99830723922122
4.59525661227423
4.49925096743162
4.78458507672667
5.61164790910574
7.56370891595209
6.79873924083907
4.73217535328568
8.23009632388934
7.0159436708513
5.79649405476967
6.44243435116992
6.39052100130755
6.76682184680422
6.74884842475683
8.72421791337993
7.34194614520604
7.34936980718518
7.55666954007631
5.9200729608564
6.78415021136092
5.17133934941216
6.01109545473841
7.48088042495445
5.3970019928196
4.24982415275477
6.95044575624846
6.45173757969835
5.26043821585588
5.41387072843044
7.17909631799733
6.49296757156991
6.18223676904752
8.08743054993543
4.71177625360329
6.68824498975317
6.5709058558072
6.72802460651425
6.17406954933426
6.50177370486253
6.07772265952879
6.45068358590864
6.16160445190972
7.01403777596873
7.56694860999275
7.02889082158778
6.7503443988571
6.0722139999163
7.29378066723726
7.80891217108685
6.16518482039157
7.00500371157413
7.43909966529506
7.03012947390947
5.52815644271614
5.60808328894228
7.68645003388465
7.28047898652557
6.40088246924793
5.02944427314425
7.72770232331426
5.6210077573047
7.35641228914314
7.04716801948115
5.16874240747931
5.97130077366563
6.05802983662451
6.32447207740206
6.80450347589577
7.4662061709912
6.33538721893736
5.15093937892765
5.90385718675044
6.23102131465282
6.67744913375257
6.5081260715011
5.63627182851391
7.69803866885037
7.16578850562162
5.98301101856181
4.32234385479208
6.49293344673188
5.24388309951556
6.79638114610405
6.65548365926087
6.39889423385517
6.04513444076268
6.50695840789814
5.31622149635122
5.99512362695484
5.89774545952515
6.25134988161793
7.66468406330604
4.64194588145315
4.94139972801754
8.76120973727382
5.17122600712622
8.14522014938225
4.71682369046343
3.99350372216132
4.549474396267
4.49444745037174
4.47513416879069
5.82336404760044
7.70973635647815
6.9457602518562
4.75108826475598
8.59967570859715
6.88291538968549
6.86911729848255
5.95714037520197
6.90598124658948
7.65670704260538
7.47508364746231
9.31952049885649
8.29708113480757
6.76114951171679
6.86527954158008
6.91072661363123
7.1274825235412
5.43967496943189
5.47078822487477
8.29852256245751
6.64977069024785
4.36209996058739
7.81486182500529
7.12390547215374
5.42056609948114
5.52614653626304
8.37129770603022
5.75985711468194
5.85712514621166
9.02169082675334
5.00815927572199
7.30391599152698
7.62104295775666
7.04599778991241
7.02413752282577
7.24363935143359
5.88468522070723
5.94194526412859
6.82910046827864
7.85062723412031
7.21459549154766
6.80018795713684
6.70193314702769
6.6967753308712
8.19190573357118
8.42192252277823
5.63721483637724
7.07608287011838
7.22539851180828
6.45148558103917
5.49874074039099
5.74181524806274
7.43160746067956
6.75387012088858
5.7218086782834
4.79651709886453
7.28619692961249
6.03067566512975
7.38927096630752
6.87903043959176
4.81947189752034
6.11027291750352
5.6446634005864
7.20566077875833
7.52975399989481
6.69105907212308
5.16908082925919
5.38380659927184
5.50228567256949
5.92946502946218
7.00980112671576
6.70293688756585
5.50792055848237
8.25125561422212
6.82379501935641
5.31611231248927
4.58209430155222
5.84688168605616
4.92038663948037
6.38987676559289
6.1643134173341
7.1522309281395
7.24092008529324
6.61692983272745
5.32590829525606
5.6264450693843
5.66552706594538
5.87652297537042
6.60188658181393
4.88992889678222
5.27223401009125
8.39950707706093
5.31697508118644
7.17155124807415
4.81675950741757
4.22006524427964
4.79745741159607
4.57543594667729
4.91686330769359
5.68783288835142
8.47036063249662
7.30843194046614
5.71764556891078
7.77079193472535
7.07896931753027
6.03449436272592
6.46334733686831
6.61975106011887
7.07736525054737
7.07962035376907
9.09010220818313
7.70783044000923
7.41239545386416
7.58215637296395
6.28838370365996
7.02215051931718
5.19225233511058
6.08566356848523
7.84676471975763
5.86680106012055
4.27073713845319
7.1884460642047
6.6897378876546
5.24381238776297
5.43478371412884
7.5449806128005
6.56753568531674
6.20314975474591
8.46755644873193
4.73268923930169
6.8887064839181
6.80890616376342
6.69687370762551
6.07932144514469
6.88450875506807
6.0986356452272
6.47159657160702
6.39960475986597
7.31632486547105
7.58786159569115
7.04980380728617
6.7712573845555
6.45494905012184
7.53178097519351
7.77776127219813
6.18609780608996
7.02591669727254
7.46001265099348
7.05104245960786
5.54906942841455
5.62899627464068
7.66982420579171
7.30220704013202
6.47545058299475
4.98676005354179
7.79072796999324
5.63821859936536
7.37732527484154
7.06808100517955
5.12605818787685
5.94014987477691
6.02455349054294
6.56247238535832
7.042503783852
7.50323547094669
6.39607697860383
5.17185236462603
5.92477017244885
6.25193430035121
6.64629823486385
6.5290390571995
5.59592957189076
8.03226776095967
7.12310428601916
6.00392400426021
4.27965963518963
6.5138464324303
5.20119887991311
6.81729413180244
6.63270948249098
6.69632217791035
6.39033067717689
6.52787139359653
5.33713448204961
6.01603661265324
5.91865844522356
6.22857570484803
7.6876692705269
4.62532005336023
4.89871550841507
8.82423538395278
5.1546001790333
8.20574417039442
4.67413947086098
4.01441670785971
4.53284856817407
4.51536043607013
4.45345274456629
5.84427703329882
8.07434495564401
6.87707053917615
5.22088733205696
8.65899921163842
7.03499782693505
6.08054527153247
5.95413768354149
6.12601948587017
6.85391372802073
6.62744332148493
8.53117042106331
7.50873105701436
7.00203963350435
7.11437973353665
5.96579095342302
6.46820447918789
4.90255566439367
6.15624033694368
7.35358690224933
5.92909052400498
3.85901433523026
7.14794653609734
6.45699018324579
4.94457566047609
5.0230609109059
7.57691175361298
6.44530922675082
6.04145131737256
8.09936699293597
4.57016072762063
6.6123617192839
6.96176491340336
6.23349695325174
6.18689967899094
6.44484842922451
5.9366651251357
6.07873025395946
6.07845124239853
7.00101770868169
7.25968636437661
6.83508982437981
6.38434052152681
5.76896800558916
7.44125650769105
7.60942168611757
5.52589081148106
7.12006336819837
7.36218350163912
6.50290749387808
4.96162143535277
5.32862168415672
7.26563938318432
7.00127869290768
6.31143486692233
4.47864966972806
7.56273711459848
5.55299360618726
7.25140479686434
6.76770641469558
4.50160446838387
5.17770893889913
5.70924633375357
6.41708875180825
6.77542966063319
7.20399874365981
6.01758947052129
5.04769117375837
5.68661184373039
6.06625001929302
6.19730029005508
6.69993419590536
5.22814836744115
7.43358809139045
6.8077971292298
5.28536911088689
4.10441224260974
5.99231559093199
4.60251921034389
6.52666175542376
6.15615549582191
6.30459060216214
6.40957813155883
6.62312843927131
4.91671566608844
5.76267206762559
5.71694897878432
5.86836505385823
7.21989263109958
4.41393845777719
4.95436658095478
8.55880202811983
4.8409846421814
8.02005988933624
4.49889207828109
3.71697961892249
4.32146697259103
4.1622423827713
4.50910381710599
5.27463932444542
7.62047630342241
6.47288571656875
4.8997338145895
7.99672772524927
7.16026006576696
6.04726928004568
6.11437487699598
5.79319840876416
6.50275762049527
6.60652312786847
8.34368439154574
7.39949312508082
6.90566132253876
7.3835955260306
5.97055089099239
6.40361668952674
4.76681998389313
5.9529934241407
7.34562417780488
5.36289397027591
4.06209385794494
6.8761767098468
6.26346845457928
4.85591885033686
5.2261404336206
7.12661767447401
6.24206231394784
6.23978374892231
8.06851763846514
4.76932323347808
6.42117271632718
6.76824318473683
6.51630846801957
6.42484477461028
6.33749042342831
6.13526963940357
6.23896744741396
6.1426915404394
6.99512486449841
7.37921831518292
7.05741076717791
6.61508815170752
5.74415452574237
7.29831476914255
7.81398510330139
5.78465129855738
6.97089568903046
7.44417259750961
6.70206999973553
5.14762292088194
5.66563026881708
7.49871973907482
6.90574203260717
6.35239563713924
4.81772813464957
7.48641226418121
5.67897975555634
7.40000547782977
7.10471499935593
4.84068293330539
5.56678140814661
6.0391169251542
6.25157988003734
6.66217369804497
7.09146921707278
5.7678470379946
5.20848635880243
5.88494427528012
5.82650194913379
6.08012654120918
6.74452248721208
5.44854153370409
7.31750514701618
7.14687559415131
5.57849165304279
4.09543260522405
6.1123999248977
4.86334957768139
6.60865085129423
6.49120037782664
5.92385572470239
6.011026418219
6.47285038535446
5.18096524920165
5.57540915036245
5.76291423075246
5.83163540502554
7.49161004926033
4.64701881366769
5.17637932742664
8.78093895025246
5.15231309565591
7.77048319546385
4.4899124408954
4.02202366775144
4.55454732848153
4.52296739596186
4.71153058450167
5.61164790910576
7.5674110595898
6.75802995704638
4.73217535328565
8.23379846752708
6.68345135026755
6.68608969002315
6.02432777533889
6.57149176317517
7.38003733683396
7.55499370961302
9.34486341956718
8.40067215310226
6.54332363168798
6.932466941717
6.89361892107496
7.14869805398385
5.04574823992188
5.27284030897761
8.26869220788741
6.39194537531428
4.25402150843325
7.62125807430394
7.00854981903639
5.08776823600429
5.41806808410892
8.13112964225563
5.56190919878476
5.92262092641113
8.99186047218323
4.97832892115191
7.08567325749047
7.51332454919397
7.13623057728603
6.93643604913593
7.36681940799048
5.85485486613713
6.00913266426552
6.79927011370854
7.91612301431977
7.20184317416309
6.79407403109697
6.7691205471646
6.66694497630112
7.95489334241169
8.43390721256783
5.52913638422312
6.79352054801063
7.21433781436117
6.42165522646907
5.42655117691069
5.71198489349264
7.446605154742
6.44916304907491
5.52234463886545
4.86201287906398
7.20839572211925
5.9429741914399
7.24379170958964
6.84920008502166
4.8849676777198
6.08044256293341
5.71015918078587
6.89040029001481
7.37375310956958
6.38804362024688
4.86606537738299
5.45099399940877
5.56778145276894
5.59666716598535
6.70004865047564
6.65447538555499
5.53326347919304
8.23850329683754
6.88929079955587
5.28628195791917
4.29953197944447
5.8341293686716
4.90763432209579
6.3788160681458
6.28127563751079
6.87232630644695
6.96004938312296
6.3343675106197
5.30149569172625
5.345574367214
5.482499457486
5.62171066470967
6.6951323734604
4.87886819933512
5.22208088814294
8.37688923630017
5.38416248132336
6.86853579619795
4.53419718530981
4.21395131823976
4.78639671414896
4.56932202063743
4.86671018574526
5.65800253378133
8.54857907470992
7.29737124301903
5.68781521434067
7.83628771492481
6.82492331648055
5.88690719203656
6.22927008292037
5.97266805306737
6.39560717267743
6.45196055899349
8.61250291856308
7.47550842507381
6.91442738288207
6.92617430903138
5.93807278983022
6.58735741114732
4.26932634814894
5.91442322474907
7.12034284961834
5.58563022421684
3.54752218501524
6.67431097741866
6.44720917619986
4.35638497235706
4.71156876069089
7.20152363570152
6.01068888753186
6.14448434407768
8.05892616732935
4.60388059102056
6.52433261465394
6.75918067933304
6.04529152874646
6.08753302888823
6.26175763626243
5.97066829154933
5.96825619928963
6.03801041679191
7.02881516951781
7.09194847853909
6.89280941932364
6.19613509702152
5.92133040700691
7.00083041847068
7.53577139105263
5.60000511531476
6.87475498958261
7.36626457640963
6.72943058430236
5.03573573918648
5.28818085855011
6.99918586109501
6.49080640080652
5.90855712944347
4.35324442233383
7.60089986046673
5.22193146277513
6.90251184208557
6.72726558908897
4.68866027127908
5.33007134031688
5.77487185939732
5.89841456500386
6.76737383860733
6.6455904671414
5.92251901788704
5.13030075817863
5.78964487043551
5.55579070100944
5.99471605598478
6.6663368865883
4.92387441089218
7.61554120046091
6.87342265487355
5.43773151230462
3.5784892507797
6.20990374707745
4.78447231941435
6.33793960316989
5.984101334868
6.15982614573471
6.0661178317707
6.37838377573499
4.68347161345746
5.69002677676303
5.79027481531929
5.71014281611561
7.03168720659431
4.34028816271224
4.90469884213525
8.51836120251319
4.8455824447005
7.53938298265328
3.95228332482039
3.70025522184609
4.24781667752609
4.14551798569488
4.44728551874482
5.04139527181442
7.45533407591338
6.20643219447946
4.85929298898289
8.20446928977515
6.72606576383691
6.72870410359255
5.99904855524201
6.61617333608829
7.42471890974707
7.59995008616173
9.33663204160564
8.3924407751407
6.51804441159111
6.97742331826569
6.93623333464433
7.12341883388699
5.0156036519441
5.16931299129671
8.31130662145679
6.36666615521742
4.29663592200264
7.59597885420705
6.98327059893953
5.12158704938072
5.46068249767829
8.12289826429407
5.45838188110385
5.94657450758176
9.03447488575263
5.01810690152905
7.13062963403918
7.48804532909708
7.11095135718915
6.98139242568462
7.3415401878936
5.89746927970651
5.98385344416866
6.82412636398627
7.96107939086846
7.22579675533372
6.83668844466636
6.74384132706774
6.70955938987049
7.97974959268942
8.40862799247095
5.5717507977925
6.83847692455932
7.1890585942643
6.46426964003847
5.39640658893293
5.75459930706202
7.43837377678044
6.47181981339526
5.56495905243483
4.90696925561268
7.11205806455975
5.92803550632547
7.28640612315901
6.89181449859105
4.9299240542685
6.1230569765028
5.75511555733455
6.93301470358421
7.34360852159183
6.41960999524223
4.84078615728613
5.42571477931189
5.59173503393957
5.63048597936177
6.67476943037876
6.62919616545811
5.52503210123149
8.28345967338623
6.93424717610458
5.32889637148855
4.34448835599316
5.81919068355715
4.95259069864449
6.35353684804892
6.27304425954922
6.91728268299565
6.99386819649938
6.31942882550526
5.27135110374849
5.37939318059043
5.46943290669377
5.61347928674812
6.68690099549883
4.9238245758838
5.26703726469164
8.3467446483224
5.41798129469977
6.91349217274664
4.57915356185849
4.25656573180915
4.82021552752538
4.61193643420681
4.91166656229395
5.70061694735071
8.53364038959546
7.33119005639544
5.69758021741377
7.82134902981036
6.83440601136721
5.73849326283143
6.0892264294109
5.73085193516862
6.05480469285104
6.22251325033579
8.33381196561047
7.1968174721212
6.91760312570305
6.99958564849794
5.66177487377814
6.39374426359146
4.24034088072234
5.46657326172074
6.84404493356625
5.16021831731626
3.53561475477414
6.50251205896238
6.27541025774356
4.45009474370464
4.69966133044981
6.92394202151438
5.56283892450354
5.98373683621762
7.74908336631198
4.43564735733166
6.42276929284321
6.56556753177722
6.1208295880356
6.14869227861234
5.94201154344432
5.80159376325715
5.82821254578015
5.80901566429299
6.71897236850046
6.93036817545386
6.72373489103147
6.24142350082309
5.62818173555249
6.77183566597176
7.63312367944131
5.68047343022467
6.71484877632578
7.22622092290015
6.56119735061345
5.00675027175988
5.4328996629327
7.11470986154215
6.40352624432032
5.82591653396847
4.42816980451911
7.19279532878561
5.25284105701165
6.87352637465898
6.80773390399885
4.83337907566168
5.45080861795671
5.78396722453432
5.75000063579873
6.52130104892288
6.63138224979795
5.72259300711625
4.97042910089974
5.62889736257542
5.41574704749998
6.07025411527391
6.52657081260263
5.09275181825328
7.27207867911257
6.88251802001054
5.43761900392073
3.60939884501622
6.04915623921735
4.85939770159965
6.19789594966042
6.08537627119442
5.92545230121843
5.79800553861115
6.21680347264977
4.65448614603088
5.55026070277735
5.62204158163038
5.81141775244204
7.10760017172767
4.45581216315938
4.97962422432056
8.44726307410603
4.93929221604806
7.35972829383003
4.09700212920299
3.68834779160503
4.34152644887367
4.29023679007749
4.45638088388179
5.18611407619701
7.14127236104513
6.35220585041417
4.39849947713924
8.1932662230311
6.73872812762509
5.60930091094525
6.20835709722196
6.10082884794699
6.5083363983581
6.27887949121464
8.3019800913175
6.89393427321986
7.13641501636884
7.05595188937677
5.37938526800266
6.42760520077509
4.84120185308866
5.93206516414361
6.94726178183949
5.27108603219872
3.79766052392523
6.91454403066018
6.41639090483298
4.92826047729679
4.96170709960089
6.96815084444252
6.41393728097512
5.93076813135492
7.47735201547539
4.3901643782978
6.5717624408711
6.53555918094183
6.26924565465954
6.07907795464189
6.0330181373464
5.75695207882656
6.14014644061557
5.60720688181131
6.44724101766386
7.34208681744909
6.65537677807065
6.36802533834748
5.53859535680137
7.1628153741282
7.45236716050101
5.65734022720039
7.00909687916706
7.2307964612709
6.70851759860396
5.09307085107211
5.07446464582733
7.24932420000501
6.99078683316503
6.19642592756887
4.52513466365977
7.7075078986356
5.54701895799037
7.19005098555932
6.5135493763662
4.66774728558067
5.36122223920559
5.56115564667458
6.13864761824537
6.68979175409466
7.13402843243207
6.23203211023369
4.91658454545589
5.57592865771275
6.12766620594915
6.42585221848725
6.56854715553713
5.17401274980216
7.29596300063476
6.65970644215078
5.41681852660622
4.09843759441286
6.26723885896307
4.84180743129997
6.58807794207988
6.13227514766375
6.13610733690237
5.83863765684802
6.51272566531944
4.85536185478341
6.01717189337182
5.92255908351018
6.03728793272442
7.1639664126065
4.20482004757352
4.80804834786215
8.26253232880985
4.63186623197774
8.04186504067857
4.47223166845355
3.46282258059311
4.11234856238737
3.9080853444419
4.34921820816984
5.21328551314038
7.28225300813455
6.50863441797657
4.19669069465756
8.14144364309618
6.93778190233159
6.94042024208721
6.36520059994768
6.95709821722389
7.38003733683398
7.55330208967558
9.69237463552066
8.5553801420314
6.88419645629676
6.93077532177955
7.14794947313901
7.48957087859263
5.03451656341444
5.34266180897801
8.33021953292712
6.5400149728987
4.31554883347296
7.57652444486399
7.34942264364517
5.08607661606683
5.47959540914862
8.28583763118476
5.43892747176079
6.11542415343548
9.2461910242473
5.22982304002375
7.46958809160174
7.66139414677839
7.0914969478461
7.12923927616029
7.32208577855056
6.10918541820118
5.96439903482559
7.03584250248095
8.10892624134412
7.20184317416307
7.04840458316103
6.72438691772467
7.11407875538953
7.99866250415974
8.58197681015226
5.97627016331154
6.98632377503499
7.3624074119456
6.8687890055575
5.80092595445197
5.9663154455567
7.41885514329499
6.44916304907491
5.58387196390515
4.86201287906398
7.47821010926539
5.9429741914399
7.30531903462933
7.10353063708573
5.27057413176853
6.52757634202183
5.90296240781022
6.95192761505452
7.74812788711085
6.38635200030942
5.20693820199178
5.59906359699319
5.7605846797933
5.59497554604789
7.04092147508442
6.80254498313941
5.4951682410978
8.62410975088626
7.08209402658024
5.73341573700759
4.29953197944448
6.21973582272031
5.29324077614451
6.33408243870586
6.25352562606379
7.25624114055822
7.15116099020986
6.52717073764407
5.29026401521882
5.72948920132525
5.8739522722128
5.9795671073114
6.6673823620134
5.06997980642201
5.41488411516731
8.55846078681709
5.57527408841025
6.86684417626049
4.53419718530982
4.46828187030383
4.97750832123587
4.82365257270149
5.05951341276962
5.71952985882102
8.54857907470992
7.29567962308158
5.90929635590847
8.22189416897353
6.78108915602419
5.84371463780712
5.78731117061263
5.92415619692363
6.67488199293955
6.38882384140526
8.2757224588746
7.25328309482565
6.76342015342468
6.87576025345697
5.72896031969768
6.20777077000865
4.64864699348281
5.88757755210841
7.11675626852399
5.66865681482572
3.62218370150491
6.90932705601766
6.2183707031661
4.68414195129684
4.78623027718055
7.32749966604831
6.17664644191554
5.88934844293414
7.90957229753913
4.42487374716985
6.37374223920422
6.70133120422412
5.97306324407249
5.9850363900444
6.18441472004527
5.79194770189156
5.91190374103059
5.84162060867318
6.79915441973515
7.10758348993816
6.69037240113566
6.14572104144713
5.53213737186381
7.2044258739657
7.37080220603789
5.30085509961289
6.96796049375993
7.19535698871026
6.35762051342732
4.70771276444191
5.16783646176125
7.02701990310463
6.72025268438634
6.05752619601145
4.35618377367337
7.28232460085128
5.3340522800552
6.99749612595346
6.54267070282741
4.37578659076722
4.94087830517378
5.51917796666422
6.1802581180829
6.52152098972232
6.87503675072125
5.84453572837951
4.86103948960199
5.53450896929195
5.89942350636416
5.93686658087584
6.53310768297648
5.00506185981577
7.25455635630927
6.61772876214043
5.06033339901872
3.88547091647769
5.86202694559312
4.48005331428919
6.35983524249488
5.89572178664267
6.06597112208246
6.14914442237958
6.49283979393243
4.66280699517758
5.59612596676247
5.57166199833354
5.60793134467897
6.98127315101991
4.1753189776975
4.83190068490011
8.30489335720895
4.58055093300216
7.85323337640737
4.37307420066443
3.48014898519715
4.06103326341179
4.00480914193778
4.30724052815947
5.11385410204994
7.40153497729037
6.21245200738952
4.66290318086415
7.77778639911722
6.5442710685886
5.589818513186
5.98011439763697
6.11517061096562
6.6712644214699
6.37455841828854
8.46442015849638
7.05637434039872
6.94195795733232
6.86149483034026
5.47506419507658
6.40057399703301
4.60463213307156
5.69477432508405
7.05566337092722
5.47585358780137
3.56109080390814
6.89506163290095
6.39690850707375
4.68414195129684
4.7251373795838
7.12455503699732
6.17664644191554
5.69475640292741
7.6086402345895
4.1902502041
6.55228004311186
6.50852797719976
5.97306324407249
5.79044435003769
6.18441472004527
5.57942765542695
5.91190374103059
5.58772448405206
6.57852923677798
7.10579467695581
6.45603812557148
6.13145561833042
5.66384770129142
7.14333297636895
7.16373355589681
5.42077050718331
6.77336845375322
7.0025537616859
6.53041765350574
4.85650113105503
4.83789492581026
7.01275447998792
6.74385572646825
6.01351133560021
4.29600036317723
7.47512782787564
5.31044923797329
6.95348126554222
6.27697965634911
4.4311775655636
5.07258863460137
5.32458592665749
6.11916522048614
6.67030935633544
6.88930217383796
6.03733895540387
4.66823626257764
5.33991692928524
5.89942350636416
6.1296698079002
6.34030445595212
4.96859487784985
7.44374201186399
6.42313672213371
5.18024880658913
3.86186787439577
6.03122713053556
4.61267313081741
6.35983524249488
5.89572178664267
6.2445089259901
5.95634119535524
6.27643352482616
4.61879213476632
5.78892919378683
5.74445913841195
5.80073457170334
6.96700772790319
3.96825032755643
4.5789140473796
8.06807526977335
4.3877477059778
7.85323337640737
4.23566194843646
3.22625286057603
3.86823003638744
3.67151562442483
4.11264848815276
4.9767157931233
7.37793193520845
6.21245200738952
4.40900705624304
7.94698658405967
6.56728060575983
5.34783098967819
6.30163969567754
6.05506228072618
6.43136312622288
6.37090411897688
8.39231346748197
7.01004169930809
7.05200632469906
7.17872523429639
5.47140989576494
6.47923792289194
4.79543528586784
5.79328022538293
7.03221735986297
5.09208970435061
3.85684205202492
6.65308227376232
6.15437409721221
4.87494510409311
5.02088862770059
6.84719187209937
6.27515234221443
6.01628170096798
7.63876748484394
4.51177550214057
6.31030068397322
6.26599356733823
6.42311231804528
5.81760803337485
6.19686141639356
5.9009529534675
6.30988893041624
5.76862235117987
6.60865648703245
7.40154592507258
6.83030688642691
6.45298091637096
5.62355093482483
6.90079856650742
7.51154868860071
5.71652175530011
6.83849065190503
7.29830500980269
6.85194295154628
5.15225237917181
5.1594202238508
7.30850572810472
6.89254621828395
6.02497840570361
4.69398555256288
7.49813736504686
5.28554903672332
6.98050822559881
6.59850495438967
4.75270286360416
5.52263770857415
5.72257111604316
5.87580901231058
6.42859941235143
7.02645019858582
6.17448698015171
4.98976156061821
5.73790211867089
6.09022665916044
6.37253684528361
6.36733141600871
5.26434612596663
7.362579948269
6.82112191151936
5.5782339959748
3.92699007254758
6.32697837865233
4.90842437893421
6.65558649061167
6.2699905474981
6.02094992807523
5.65964132899991
6.34155572297799
4.94031743280689
5.85405139193864
5.71955893716198
5.86585676985516
7.28673975752612
4.26400157567323
4.60594100743619
8.38530567372948
4.78573289536345
8.00442549388985
4.30078414658827
3.60052162143147
4.16398128450423
4.04578438528026
4.13967544820933
5.37470098250895
7.3742776358968
6.56026714009343
4.35810616402614
8.26421698801578
7.18573736070442
6.23128480530184
5.928105826105
6.25782610452265
7.00672314205126
6.75250272406848
8.58063474734357
7.55819538329463
7.0465182127941
7.23943913612018
6.11653048719239
6.51268305847763
4.9805361966159
6.10539278146388
7.50432643601869
5.97356910329469
3.954072904638
7.19242511538707
6.50146876253552
5.06963506305964
5.11811948031365
7.63241195451728
6.39446167127102
6.05351469803131
8.24146150067224
4.58305418258709
6.73742112186744
7.00624349269307
6.27797553254146
6.33970909302147
6.48932700851425
5.9490005885126
6.05269839652297
6.17350981180627
7.15382712271222
7.27119736187598
6.84742528775669
6.42881910081654
5.91970753935853
7.53631507709881
7.65390026540732
5.67663034525042
7.13268474044669
7.33615164420266
6.51580094884454
5.039601967575
5.4793612179261
7.39069878576785
7.13178849470988
6.38941539914454
4.6314590837586
7.51188955911867
5.64590795855466
7.32938532908658
6.91844594846496
4.6544138824144
5.32844847266851
5.8528478742632
6.56782828557762
6.85341019285541
7.32905814624334
5.99155761308479
5.02221730791145
5.69867522438915
6.04021816185654
6.24177886934481
6.67390233846888
5.34052058039713
7.58639750542099
6.96060654326033
5.3922226021518
4.25722165664028
6.00437897159075
4.75532862437443
6.50062989798727
6.28121489840544
6.42965000474568
6.53463753414236
6.63463943677067
4.99469619831066
5.73719820177868
5.72984243375076
5.99342445644176
7.34495203368311
4.53899786036072
5.10717599498531
8.63678256034204
4.96604404476494
7.99402803189976
4.65170149231163
3.81203818833023
4.44652637517456
4.31298191654065
4.64091043575849
5.42537885821477
7.71339065578981
6.59794511915229
4.99479238399725
8.08964207761667
6.8672531790356
5.82277822423123
6.28999851918702
6.45090141426513
6.90851560469365
6.93346512323086
8.91675339050182
7.53448162232795
7.23904663618288
7.43600114242575
6.07666756516529
6.84880170163588
4.9805361966159
5.91231475080393
7.63504858126295
5.69345224243924
4.05902099995851
7.0150972465234
6.5163890699733
5.0865195940525
5.22306757563416
7.37163179511921
6.39418686763544
5.99170569896938
8.25584031023725
4.52097310080701
6.74255125337987
6.63555734608214
6.52352488994423
5.93147459466901
6.71115993738678
5.88691950673253
6.29824775392572
6.1878886213713
7.16847801499536
7.37641753991463
6.83808766879149
6.59790856687418
6.24323291162716
7.32006483669885
7.60441245451683
5.9743816675953
6.81447264149601
7.28666383331219
6.83932632111318
5.33735328991988
5.417280136146
7.52366897525351
7.13206057742802
6.26373444450007
4.83891320306611
7.61737915231194
5.43047668722656
7.16560913634687
6.85636486668486
4.97821133740119
5.72843373628223
5.86749876654639
6.35075624686363
6.83078764535732
7.34723949408649
6.22272816092251
4.99850354694475
5.71332611667231
6.07858548266992
6.47294941718255
6.35569023951821
5.43299020500007
7.884420910484
6.97525743554348
5.79220786576553
4.13181278471396
6.30240237665376
5.05335202943745
6.64394531412115
6.4697701156003
6.55016694737213
6.23303788346642
6.31642733782
5.12541834355494
5.84268779497194
5.70694230672888
6.06563633795736
7.54151403998868
4.47916482282203
4.75086865793941
8.6125192454581
4.99730738532284
8.03239535271312
4.52629262038532
3.80270056936503
4.37555577446361
4.30364429757545
4.28460309871257
5.63256089480413
7.86660304350522
6.71977774546568
5.00917119356228
8.45125729949959
6.58790633847491
6.48408584787019
6.06059080671287
6.93981809002962
7.59023550748252
7.59832579072577
9.39578006414175
8.39911475001658
6.69523567353444
7.0062701604633
6.89191237406199
7.20374208882643
5.3062357615396
5.42447477130025
8.25991661113567
6.50126161211968
4.29771995934178
7.59653390492997
6.9050225013555
5.39329438574772
5.46176653501743
8.23626492280786
5.71354366110741
6.0081167590526
9.0595447667766
4.96955332440017
7.06094908811652
7.37610418732142
7.23035170301807
6.8268748778889
7.39841642945746
5.84607926938538
6.12185558698458
6.86695440830189
8.0291589653295
7.33981305446481
6.81432546862989
6.80538357853858
6.65816937954938
7.80632739660508
8.52264429160205
5.57283483513164
6.97067138307057
7.30307489339539
6.41287962971734
5.47024962781921
5.70320929674089
7.49752179931656
6.77284277163494
5.42679962707282
5.03753597889407
7.15788933845234
5.79634951239508
7.0561666770017
6.84042448826992
4.91088548244554
6.14812685752676
5.88568228061595
6.81926064347823
7.17924781649472
6.66023810315835
5.1418091155258
5.48725703078273
5.72973717675551
5.90219331572878
6.98697300323204
6.51188898109275
5.58418012376761
8.39004055298278
6.9916684956267
5.35396625251254
4.43779054821933
5.93320698268825
5.05917157824105
6.46755314718003
6.30874526870976
7.02465083584306
7.08796741691539
6.47262607939456
5.29272009497451
5.47349240100644
5.28049561533304
5.71180826404245
6.73139273727085
4.96760527836933
5.14229466079173
8.40565382692076
5.49688540404242
7.14427953434075
4.65176999245401
4.23420275577269
4.87513379318318
4.58957345817034
4.78692395839406
5.72568682837469
8.60225169080509
7.38610832205325
5.75549950893404
7.92098385181292
7.07761224050445
6.12315968510185
5.8583480267184
6.1499730670408
6.89887010456943
6.67239969803364
8.51087694795696
7.48843758390804
6.9767604134075
7.15933611008535
6.00840536699241
6.44292525909103
4.87241107641593
6.03563498207727
7.3962013158187
5.90381130390809
3.84594778443801
7.12266731600047
6.43171096314893
4.97839447385253
5.00999436011368
7.56265415513069
6.32470387188442
5.94566166054948
8.13333638047224
4.47492906238712
6.65731809583261
6.93648569330649
6.20821773315487
6.23185605553964
6.41956920912764
5.84087546831262
5.98294059713636
6.0653846916063
7.04597408523037
7.16334432439413
6.73930016755671
6.35906130142993
5.81158241915855
7.42818995689883
7.58414246602071
5.56850522505044
7.02483170296486
7.26639384481606
6.40767582864456
4.93147684737502
5.37123609772611
7.31059575973302
7.02393545722805
6.28129027894457
4.52360604627675
7.44213175973206
5.53805492107283
7.22126020888659
6.81032082826498
4.54656084493257
5.22032335246851
5.74499483678139
6.45970316537763
6.74528507265542
7.23911437388652
5.92179981369819
4.95245950852485
5.5908221869073
5.97046036246995
6.17202106995822
6.60414453908228
5.21991698947959
7.47854446793914
6.85275350577848
5.28409748195182
4.14936861915844
5.89652593410891
4.6474755868926
6.43087209860067
6.17817938734116
6.34954697871083
6.44339694493526
6.52678639928884
4.88657107811068
5.66744040239207
5.62171731355077
5.89038894537748
7.26484900764828
4.45889483432589
4.99932295750349
8.52865744014207
4.87480345555785
7.92427023251315
4.5438484548298
3.70391306813026
4.35528578596747
4.20485679634066
4.53305739827665
5.31725373801478
7.60553761830798
6.5067045299452
4.88666726379728
7.98178904013483
6.62406949610796
6.62670783586358
6.25353462052102
6.80239022829475
7.4181325749292
7.59139732777079
9.53766664659155
8.20786892607791
6.77253047687012
6.96887055987477
6.83423706691538
7.34562867127622
5.14328072411283
5.09711511913876
8.40211358075219
6.21250037921098
4.38744288129804
7.63302270912658
7.2131176808834
5.12417185416207
5.55148945697371
7.93832641523127
5.57898723597027
5.76791293748201
8.93247861802365
4.91894706699235
7.3148801026726
7.32464871243762
7.1495888082071
6.78172806020682
7.37094679825849
5.79547301197755
6.0455362824233
6.73988825954898
7.76141502539066
7.23993841225831
6.7346921769374
6.80552416532238
6.99316957619025
8.08831471527648
8.25446221646453
5.85536098411227
6.6388125590815
7.05793820549458
6.74787982635823
5.716886888126
5.65260303933306
7.45695038139024
6.48725828717014
5.65576601173024
4.90010811715921
7.41295749008367
5.98106942953514
7.37721308245443
6.78981823086208
5.11586614283939
6.40666716282256
5.55545119185673
7.0238216628796
7.66573002177027
6.42444723840465
5.09527222256513
5.29459439054219
5.41307346383981
5.63307078414311
6.90621010842106
6.49807577668841
5.53326347919304
8.46940176195714
6.73458281062675
5.61250655780833
4.3376272175397
6.06502783379118
5.13853278721538
6.41521968630357
6.29162086415903
7.10153315162908
6.80364977425639
6.17965952169058
5.42949931355076
5.57478121239613
5.80872405737514
5.82485911838226
6.70547760010862
4.72246859046854
5.06737289921382
8.31029486833125
5.22776287245676
6.90493941435572
4.57229242340505
4.1545694640802
4.62999710528238
4.50994016647786
4.71200219681614
5.79142390664612
8.58667431280514
7.33377486117681
5.62843336018111
8.0671861800444
6.7115970006755
5.5986062149542
6.16638344852797
5.65054291520714
5.97449567288955
6.03577559506417
8.20458317267214
7.06758867918288
6.801101067077
6.81284799322631
5.52188782590092
6.29150762808212
4.19811269332445
5.73517819478522
6.70415788568903
5.05798168180692
3.47630853019074
6.38601000033633
6.1589081991175
4.27762251154972
4.64035510586639
6.79804616833621
5.83144385756802
6.07382868084277
7.61985457337366
4.56932248201535
6.23603163757159
6.46333089626788
6.01859295252625
6.06838325865087
5.83977490793497
5.95849993334228
5.90536956489721
5.74970943970956
6.58974357556212
7.0210124032384
6.85882683201704
6.12492144219702
5.48829468767526
6.71252944138834
7.51662162081524
5.52879146049028
6.80438262936136
7.30337794201722
6.71668670439671
4.96452208436199
5.2169672037256
6.92797220627052
6.3250060373412
5.78368834657056
4.28946618704384
7.44965053293818
5.15071780795061
6.83129818726108
6.65605193426445
4.61744661645459
5.31092157007949
5.70365820457285
5.6101135879215
6.47907286152498
6.45891001764303
5.7997500262333
5.04730854049299
5.71898920720056
5.49290406661704
5.96801747976457
6.60345025219588
4.88381260413244
7.17484965345918
6.80220900004906
5.36651785748013
3.50727559595518
6.1392480838425
4.72069408412437
6.27505296877749
5.91290403903952
5.7387146459468
5.62553330645623
6.30744770043431
4.61225795863297
5.62714014237061
5.77753093541362
5.63894552028712
6.92086251645605
4.26907450788777
4.84092060684529
8.40503488670812
4.76681998389314
7.4368853129471
3.88106966999588
3.6290415670216
4.16905421671876
4.07430433087039
4.37607186392032
4.97018161698992
7.03914911198409
6.17973361825925
4.33919325255582
8.09114297397007
6.57073009455534
5.54333317693651
6.21896166308123
6.22508454414798
6.68269873457648
6.6498892666025
8.68159890141946
7.29932713324557
7.02570637620006
7.15242528579736
5.79722251787055
6.61364721255352
4.7567721136828
5.76425732083507
7.35560353396822
5.45829775335687
3.8352569170254
6.80175698654058
6.3030488099905
4.79226707149682
4.99930349270106
7.13647730603684
6.24612943766657
5.93539248135403
8.03207622730415
4.47091778558976
6.45897539675151
6.40040285699976
6.28837040086185
5.68465492917379
6.47600544830441
5.83799174031147
6.22721089781994
5.96412453843818
6.92165834950015
7.32065670545867
6.78915990237044
6.38456830689138
5.96378786433245
7.09630075376573
7.39107219453402
5.70673154215773
6.7576014322911
7.2156269772064
6.78927100589593
5.11358920698676
5.21388050018116
7.24009311862513
6.82837780458632
6.03997036156697
4.67149093046274
7.45757199343116
5.22647404620895
6.94184505341376
6.58871474124732
4.80743708323583
5.44898868898751
5.64168189642922
6.07131119956891
6.60702356242423
6.98316187092122
6.14546407560384
4.9070835280219
5.65701289905697
6.00754862656413
6.23779492810017
6.28465338341242
5.21813507533626
7.66043279885412
6.74023269190542
5.56844378283243
3.86791508203322
6.26790338813797
4.88592975683406
6.57290845801536
6.18731251490179
6.26659109074377
5.93878536091074
6.2824807324636
4.90165426062184
5.77137335934236
5.65688699151163
5.78317873725885
7.2579381833603
4.19558896619364
4.58344638533602
8.38875516252499
4.70305486276716
7.96135849660735
4.35551836621995
3.57893648643193
4.08130325190793
4.10359664317257
4.05878622859539
5.4291612588393
7.6626004024876
6.42552522291001
4.78540711062918
8.24725465848199
6.73193818237623
6.62811769177151
6.15958402248846
6.9760111286942
7.6264285461471
7.69731900650136
9.532593714377
8.53592840025183
6.79422888931005
7.10526337623891
7.03594421796329
7.33642834879367
5.45026760544091
5.52346798707586
8.40394845503698
6.61885662488231
4.44175180324308
7.69552712070558
7.0040157171311
5.49228760152333
5.60579837891875
8.37307857304312
5.812536876883
6.0578771735607
9.20357661067791
5.11358516830148
7.15994230389212
7.50879044728867
7.34794671578071
6.87846405088428
7.5311026894247
5.9901111132867
6.22084880276019
7.01098625220321
8.12783915281445
7.38957346897291
6.95835731253121
6.90437679431419
6.80220122345069
7.9503592405064
8.62163750737766
5.71686667903296
7.02043179757867
7.402068109171
6.55691147361865
5.61428147172052
5.84724114064221
7.63433544955183
6.82390000299331
5.57083147097414
5.07372901755865
7.25688255422794
5.88500219318826
7.20019852090302
6.98445633217123
5.02022392486937
6.29215870142808
5.92187531928053
6.96329248737953
7.32327966039604
6.76278057416529
5.2408023313014
5.58625024655834
5.77949759126361
6.00118653150439
7.10456801599467
6.61088219686836
5.72099377400286
8.42623359164736
7.10100693805055
5.49799809641385
4.5264432290125
6.02185966348142
5.09536461690561
6.56654636295562
6.44555891894501
7.12364405161867
7.18696063269098
6.56127876018773
5.43675193887583
5.57248561678205
5.42452745923434
5.84862191427771
6.86820638750611
5.06659849414494
5.17848769945631
8.54968567082207
5.59587861981802
7.24327275011636
4.76110843487785
4.378234599674
4.97412700895879
4.73360530207167
4.82311699705863
5.86971867227599
8.69090437159826
7.48510153782885
5.89953135283534
8.00963653260609
