1.7982805014861
1.29156746275307
4.82975615649091
5.17047841644727
3.16667772140123
3.06751881412371
2.62205982558197
2.30575733504595
2.45824393406225
4.59889311856442
2.80582090240245
4.82556241106752
4.66413296314913
1.95153089532922
2.39694162923442
3.76913829410353
4.72184220421078
3.02468313182177
4.66401122027284
2.24135629745538
3.33505491250015
5.44208777057906
4.94677453227964
3.4432915170346
4.23377944536145
3.52622925552399
3.50180948610364
2.70761443637735
2.40831917637438
4.03370608908384
4.23491082562317
3.21882577824174
4.2777465079251
5.0274636558321
4.125076251551
4.24337302663888
3.72551337027127
4.20716102474618
4.39877497177942
3.55875879666778
4.17318738327411
4.51152462125653
3.15488240926527
2.51053649531529
3.49465033234478
5.27244718254002
2.12032783360105
4.17318738327411
4.44980117890747
2.92401937133877
3.05690506181057
3.86106632226802
2.33791735055325
4.27774650792509
3.40615045477518
3.16185379879863
3.64586024351954
4.52014708355763
1.56526618298149
3.93741681006786
3.00621650929587
1.60673663282578
2.52125565968548
3.05128196310793
1.77629237850921
4.55159922540907
3.34673046393672
3.84846245591763
4.4404290789815
4.76497034898017
2.62205982558196
4.00291640743496
2.11840721180901
1.95165263820553
4.07847516872681
3.89129813821956
2.8132341686058
3.12953665914181
3.28202325815811
1.38006734032267
2.99699524542628
2.11421346638562
3.13922545008725
4.66287984001112
4.51809292617742
1.56526618298149
2.51797009308873
3.34098562235778
3.16185379879863
4.43678075719923
3.43941224911455
3.26811991738832
1.72794875403789
4.35508896436018
1.01495366711971
3.84253174606
2.89606024746347
4.11760251674375
4.61219128749641
3.84253174606
3.70854623201619
4.51152462125653
3.01801332887513
2.81436845462442
2.65345604626244
5.44242569591171
3.05690506181057
4.09481094436392
3.81819714873055
2.92401937133877
3.31904257754123
3.36924644788618
1.10345354468932
4.2777465079251
2.89867362121533
3.02761783531922
3.13838340995969
5.27244718254002
1.56526618298149
4.31921695776938
2.84486670949798
2.28419197975731
2.51877609345987
3.21803653671142
2.65437696523878
4.52014708355763
2.83332292051924
3.33505491250015
4.4404290789815
4.04412239184922
4.45128187375642
3.73589619307903
2.22189177246444
3.23684543958414
3.84846245591763
4.44980117890747
3.3675778689535
4.32715467713936
4.68214491168291
2.57688200700799
3.49170506557057
2.243527206126
1.50301642596904
4.0125099887124
2.99433265254379
3.23684543958414
1.91752781449631
3.94232434534762
1.50301642596904
4.00404778769668
2.90441846279426
1.79904429631292
3.06785984126227
3.95218266277436
3.23684543958414
3.94232434534762
1.88946479567456
2.39119678765548
4.00404778769668
3.81819714873055
4.56845599218369
3.50180948610364
3.04158633226907
3.04158633226907
4.31780886055082
4.35700702896772
2.3450765043121
4.39556240340706
4.79931903011018
2.38858341390362
2.51797009308873
2.9657207676221
3.11586742601023
3.61759941799114
3.92798898648651
3.54906316582892
1.79828050148609
4.35700702896772
3.11586742601023
2.39119678765548
1.79904429631292
2.39694162923441
2.58237113067932
4.39688171532148
3.04158633226907
4.35700702896772
1.29156746275306
3.92593482910631
2.39119678765548
3.21792616523095
3.66719124456321
4.51998682227224
2.06940517344814
3.63467135642963
3.23133470564341
4.86442529365443
3.2150912699372
4.17466807812306
4.2749854297757
3.3609726362012
3.89704297979851
2.65437696523876
1.22047192047805
4.1649965877287
3.61759941799114
3.63467135642963
2.56038300770241
3.66571054971425
1.60673663282578
3.7274339920633
2.67064034946283
2.21366841105988
2.84499799722219
4.01542533483663
3.08435884056784
3.70854623201618
1.10537416648135
1.60710615846225
4.15653438671297
4.21602306557604
4.67636994446381
3.49465033234478
2.30575733504595
2.73485772969562
4.43341166266616
5.17965303260027
1.61093037824917
4.67636994446381
4.95298374009717
3.08984796423917
2.33791735055325
3.52622925552399
2.54942822825072
3.05128196310793
4.88753545112312
3.62872101847951
3.80877376101498
3.94518922673633
2.54954997112701
3.46941713509281
1.90084234281452
3.13671483102702
3.19164601074077
4.19963354933472
2.90173404617541
3.95132824190947
1.73387946389553
4.03292125323249
3.84253174606
5.17965303260027
5.15801759893872
3.49465033234478
2.85606985090774
2.30575733504595
4.20704328591034
4.45266606029618
1.95165263820552
5.01709220442017
4.61926628757468
3.08984796423917
1.61093037824917
3.19164601074077
2.81156574398138
3.21803653671142
4.88753545112312
3.40921087973527
3.80877376101498
4.45880507546932
2.63050267087707
4.01542533483663
2.28419197975731
2.20013760281749
3.57499564768355
4.0784214281226
3.24245630613177
4.33467787885226
2.28419197975731
4.72415916361281
3.84846245591763
4.79931903011017
5.34963154597196
4.12507625155099
3.94688908267441
2.38858341390362
4.20815794383645
3.5729163997745
2.23542558759775
5.30086515381239
4.6896681133958
3.17267404309683
1.89470332764139
3.24233456325546
3.89704297979851
3.84846245591763
5.10189948974403
3.40353708102332
3.08984796423916
4.50949362798402
3.34673046393672
3.05116022023162
1.70619157750003
1.10537416648135
2.48951841186642
4.166018677395
2.93193541555471
4.26415431015483
2.21366841105988
4.79759780771517
2.62205982558195
3.5729163997745
4.00213853730047
3.49465033234478
2.22738089613577
3.24233456325548
3.69956645235049
5.34963154597196
2.33791735055325
4.3884032496482
4.11178945401483
3.08984796423917
2.60005486628392
3.02468313182177
1.10537416648135
3.05128196310793
4.38005861756327
3.62872101847951
3.30129692745513
4.67217619904042
2.54954997112702
3.72131962484788
1.89470332764139
3.89704297979851
3.18550699556763
4.15679786703279
3.62872101847951
3.94518922673633
1.22047192047804
3.56828010197457
3.84253174606
4.45880507546932
