19.654207959994
20.3277598542514
19.9481757462759
19.9086766442553
20.2180731396595
19.9692195870956
20.2638196513121
19.8291757623927
20.0929504561655
19.7493032079547
20.0657111345863
20.2943021382534
20.0529709674837
20.2707541463828
20.4772028349362
20.2155394146655
20.1691154955048
20.6168305976936
20.5226185237993
20.0709191708032
20.325917608257
20.0439032721711
20.4288043066776
20.5037267988206
20.381039176038
20.2990005735861
19.7857144765344
19.4663706557391
19.6932024967789
19.5285036547475
19.6858405917526
19.7238664530526
19.7897468703961
20.4827181231769
19.7443578615935
20.3131576923857
20.2756921643716
19.9864053862739
19.5066124535805
20.518916952727
19.8883003575554
20.2700634001632
19.8698117837819
20.1522451758626
19.8776020678846
19.6769910121973
20.1401750457661
19.6526858297891
20.19947033351
19.3830834491106
19.7108320622415
19.6492835182121
19.4285537914436
19.437841260652
19.9273709139251
19.9958474318745
19.6127107631384
19.6554813027771
20.2092963014262
19.9431145645205
19.6511594806252
19.482737463225
19.6064683322949
19.9651600381234
19.8712187785464
20.0940306799264
20.3241500836433
20.3716050624253
20.3133485576192
19.8325174100348
19.5111698700109
19.9457394812787
19.1039608627672
19.8220086122088
10.9053237585731
10.2475267772554
11.1090212908153
10.230107138512
9.80294989506328
8.98862446767261
8.40624404168409
10.2915816326
8.54657888568559
9.54939807976491
8.59091458998935
10.1587194376656
10.2452296109989
8.59091458998935
9.56475629141971
8.90128366799976
10.9961328938673
9.80294989506328
9.9453784929577
8.80410836546864
9.58393772145789
9.12653392781607
11.1294302370569
9.17862913399382
11.0183627378302
10.3740394549674
10.3772757035426
10.5378822746568
10.592696481622
11.4195053576192
9.9341613737751
10.3762069557621
8.84992787059738
8.20372267227528
10.7968320501684
8.46790155608169
9.94281344827949
8.46790155608167
9.13412377694081
9.8769455320666
9.35726616221093
9.06262010467594
9.27157209126833
8.2025465094419
9.11916160937392
9.68505123116586
10.0618502143205
10.1672686837538
10.2283453472172
10.0337771471847
9.79372926588607
9.94502334600688
10.0933940576118
9.87906357660697
10.1938963068642
8.92397310109943
9.08819269458989
9.48590257227316
8.94315453113764
9.3024519552458
10.3783660006171
9.63494034365148
9.03337848762474
9.53016705622801
10.3463958395652
9.55245467048542
8.66491022699267
7.95371995703566
8.70609515972525
9.08812147424096
10.3545028779783
9.47479398169421
10.2541952355507
9.51897523989668
9.40893254458109
9.00527141073573
8.92129214849166
8.84957915868318
9.83496668339302
8.98991400268467
9.48206576058398
9.00213109292748
10.2649322855393
9.51123081586287
8.84261481888778
8.76707780709214
8.89846728809162
10.3606233929794
9.32430395881509
9.68992851994076
9.3854927614432
9.10529178520972
9.56986904481516
10.3896968617336
9.63375268767763
10.2227046760229
9.79955693387105
9.92066075433564
8.94783622373819
9.3216829787827
9.82945930670054
10.5206431192595
10.4790425296176
9.34826756965535
8.67945511448623
9.36630227328945
9.12633111234935
10.2836222441024
9.07075294712047
10.07466890562
9.23878332177873
9.89154879837611
9.1548040595347
10.1248872755129
9.10806080300571
9.59489405158487
9.77723518602461
9.64688396726382
9.30245195524579
10.5540463535918
8.53089532251801
8.68223203708652
8.35497729508826
10.1962296314673
10.1414154245021
10.0563139057366
9.5824026573671
10.1010241528741
10.3392177565177
9.76110036144497
9.83673459141096
9.10735249777787
9.7624936524474
9.83111550664043
9.68775108230409
10.2088134384375
9.75400875675757
9.07612672993081
8.71608762211416
9.20500844195324
9.58646117329894
8.76445682705975
11.0753354529955
10.0695305215719
11.0967445898475
10.2083893637682
9.94147238261199
8.70609515972525
9.0078058977108
10.270587846109
9.1481407417123
9.26686877181756
8.14886900800229
9.5571575816389
10.2242358245079
8.308385282042
9.7032787789684
8.87331884815258
10.9275110396743
9.78195610857229
9.92438470646672
8.36206278348159
9.40342766092721
9.40906323576343
11.1084364505659
9.78019099002054
10.8378526772995
10.5125619425161
10.3562819170516
10.3660892996493
10.5804197806541
11.2704845039622
10.3762069557621
9.77464509973539
9.29197345258443
8.33527412646779
10.6250390751608
8.75043086402904
10.0989575301237
8.75043086402903
9.73568563296753
10.0154680196153
9.95882801823768
8.78009079672859
9.55410139921568
8.96362463950832
9.25071306356642
9.24300564917883
10.0408564278295
10.3057911713025
10.3693816396131
10.0127833606937
9.94096883895791
9.93274664503903
9.49183220158505
9.11798544654053
10.3324187944129
9.68505123116584
9.68975455061661
9.76843188022052
9.38520011312465
9.74449753723285
10.3660892996492
9.03337848762473
9.31590779557209
8.76908892616159
10.3254020530742
9.55692162058678
8.54189719308501
8.55528181306239
8.98862446767262
9.53016705622801
10.5017424510502
