14.5608911514954
12.5504957307228
13.9276554919815
15.1705032901107
12.9105264304067
13.2312189606972
13.1067289483942
12.267583101286
13.2989144651067
13.525623201532
13.8726616345121
14.6772664750155
14.0132474519947
13.9086170904015
13.3647526117439
14.8006278441677
13.1593660338852
15.153782697645
13.1949048853407
14.2493599054884
13.7312284109313
13.965868739992
13.3213220423239
12.7280138436407
13.3906303403913
13.3092984152056
13.1983333954456
12.8369117516026
13.8358587725245
12.8557673926733
2.23508540932793
3.08249830637334
3.54116939954152
3.23528171341319
3.10261259417523
2.17876992944891
1.62021486637499
3.34650953364073
2.00752233430709
1.88220158765699
3.80750744963698
4.1715512184969
2.20915173521379
1.42475070571359
2.82536699269949
2.29581427085369
2.11812397372481
2.79448636931628
1.83238621455312
2.96968282328805
3.16687778172848
2.38752315213246
2.84619424530065
2.30348934101264
2.77332939496212
1.24697755704836
2.0167030142628
4.04148468788162
2.40834298393516
2.27868973554479
4.23020034393367
4.58217907655745
3.00655935141125
2.35654307811415
3.62277460889695
2.00033599148488
2.10840999356351
3.48946152355717
2.02470684171262
3.19580837029187
3.38832061707107
2.05916778828847
2.94268966315283
3.55757458561445
1.51924415036029
2.4347796675215
2.03717011474947
3.61133133831935
2.43674863656343
1.44945527263914
3.83882121688974
3.75294461365181
3.59048557170793
3.00811914952852
3.33716265313495
1.63914940076295
2.85267555424082
3.92179900428172
1.19547237880698
2.37489805558147
3.84369576590505
1.22539018434166
2.43197216358374
3.69579986396018
1.75510742601788
2.36593577942576
2.72598229596445
3.26885246176375
3.12365854918147
2.66602918508873
3.70179517771832
4.39204899105919
4.00749974819762
3.67026136017149
2.79170125085379
3.12422676258358
3.19929080365993
4.73395106020249
1.90222660733205
2.96017789407372
3.05364606658419
3.18039679110576
2.3883480453585
4.11628042523119
2.07383196326735
3.19744102277129
2.05742964132325
4.08334293243017
2.45700816313721
3.21827709094447
2.9579977239423
4.21489740859209
2.64436711489942
1.9844222856463
3.92670516382745
3.46303889774451
3.00512039561178
4.32517507955762
2.28653590809301
3.04615571526822
3.86818961206666
3.96886919915677
4.26876688576685
4.12374085088627
3.29905676004892
3.56106264912614
1.8871709629884
3.27002970893323
1.38817926838487
1.56058965528823
2.39116667861789
3.11960346042995
2.59593560799744
2.81025790587153
3.1935056959176
3.62199339412492
2.8869085110308
3.1413821883103
2.74924301474108
3.78604226263478
3.5321100011385
3.33406959043559
3.86597871270931
4.18020590206956
3.3511197611457
3.75845965420159
1.91113584022396
3.2000066458732
1.08670653671384
0.906684292631979
2.48877911704015
2.44298775087035
2.75375386745311
2.71343455576334
3.24637002349306
3.47102501154836
3.09460628445739
2.721483492212
1.9055642812742
3.06383791920072
2.84642508399784
2.48841344707522
3.15057628326833
3.8585057164836
3.33745128186175
1.93101680431346
3.08884470532828
2.84776900115818
3.44366089440732
4.06010361332567
3.88002961424124
4.99475051579242
3.15620562865993
3.06076833504597
3.77660193553417
4.38057020173296
1.42119712038895
5.01092547160061
3.02753152316281
4.16482813189775
2.33772348053058
3.41317692147074
3.45355700587148
4.05323659180507
3.42806683975325
2.9967248078408
2.04506564807117
2.95340543694502
2.21578025109164
1.66787928978291
3.15724382901045
3.94136488138846
2.10651366401115
2.37709034030858
2.29787813980067
3.01321017586675
2.97290263271003
2.82623305431674
2.15784046013114
3.26222794660496
4.30530462915343
2.13656215702053
4.49699264982537
5.29841254555568
3.40504394092181
2.21818017525072
3.17359629244471
0.829234462905617
2.95016066815734
2.36334541630124
4.27858568729696
4.25770767407071
3.06646256949628
3.12507608251689
2.50143731882733
4.49635050972179
2.36627402540529
3.17619154352592
3.03111464615189
4.13624350507344
