13.1638491845688
10.6263750580933
12.7109118605755
12.7656288351854
12.9451085616727
13.32591834637
10.8605717591905
13.1464386198826
12.9296524834716
13.3926131905857
13.3601817091856
13.6093993269967
13.2829735925788
13.3806353209798
13.8053247823212
13.8435960280939
13.7888790534841
13.4627862433966
13.1738725676896
13.2285895422995
13.5117375985958
10.9309761166495
13.5722587912861
13.5546823523869
11.1651728177466
12.9998255362825
12.8972210020715
13.5943784102828
13.7459342996929
13.6268098916829
13.3423640752071
13.109298084172
13.0487768914817
13.0917216452728
13.1314177031687
18.0237287396586
8.8703201533384
11.2514907716707
9.10111917674496
8.63689083698404
9.39722346216038
9.95121120804454
11.5475950570862
9.33648804807497
8.57421586792296
8.54220599867653
9.00643433843744
9.30608946845497
10.0138861771056
9.63259233349043
9.6648687229315
9.60219375387042
9.92081262842456
8.90098525315304
9.06910930749854
8.60488096773761
9.68738331207021
11.2280699430676
9.36876443751606
9.62470834300912
11.5241742284831
8.93299512239949
9.03844420768388
9.30253862385288
9.98348759748564
8.83831028409196
9.69526730255151
9.39916301713606
9.71778189169021
9.65510692262913
9.3345484930993
