8.49061804483947
7.04519371865906
6.14471098368865
7.79243314435426
5.7105296764168
9.13004744027803
8.33190134666006
8.67661042533454
8.37056257392971
5.18146353605386
5.9354119099066
5.15578647688245
7.37727233971825
7.3783351186926
8.41039236202734
6.32573376161247
8.81446603193113
6.22762405339784
6.79045886409412
9.38741833325231
5.92655943076893
5.40855960393984
5.59158102667877
7.78845260931749
8.08598229900254
8.92015635566739
8.32687153417555
1.3702243339909
4.82933762790212
3.92848139283676
1.56369104576162
4.02639597984729
2.27316598204573
1.47022433399091
2.93391537975255
3.13182996676309
3.45911329391118
5.02280433967282
5.02280433967282
3.49226886310621
1.00085623506533
3.40328347867813
4.82933762790211
2.47108056905627
5.86154053752396
5.29870572682769
2.60478970586313
4.82488975266228
5.48115782302647
5.05859888946914
2.60034183062329
2.03542160693756
4.62738780259026
3.89268684304044
2.03305914468718
5.06096135171951
2.60478970586313
1.43442978419458
2.73196555444069
2.59825641763383
5.02725221491265
6.05736971154506
5.05859888946915
4.05746613605287
2.5689951560668
3.76653092631292
5.53032945064509
2.60270429287367
6.22478798515876
5.66195317446248
2.40478970586312
5.75750529922264
5.38115782302648
5.86154053752396
3.40328347867813
3.06998697880978
5.09675590151583
5.39662031383824
2.59825641763383
2.89183060797507
2.40896053184205
2.93836325499238
3.20133365336627
1.56369104576161
3.89268684304044
4.82697516565174
4.48923079054357
2.82707159015956
1.43442978419458
2.53613638041961
5.43032945064509
1.37230974698036
4.52502534033989
3.96219052964361
2.30896053184205
5.092308026276
5.95052592195204
5.76154053752396
3.30328347867812
