12.1391168025709
13.1115222676878
8.96438494550992
9.89913358587529
10.813585537696
11.4191624887435
9.85320808954374
11.796304608271
12.5409833929424
11.7864673132216
10.801302059432
9.59548219396416
11.9746078065223
12.3334025520192
9.10512337495874
9.6528152733153
10.5775754629048
9.65037176712843
9.80441424290641
9.09350245112169
10.6212428311467
11.6000086816774
10.2693743412675
10.0359780764883
11.1392016864445
9.69451254686986
9.99450536296783
8.17556636047459
9.88945511976905
9.7025659533016
10.2197173499103
11.5655555165993
11.8882186498119
13.0114839932559
8.62851318161526
11.4114517299525
11.2641282992086
12.4641959707097
9.31574670065423
10.5290794267212
10.3537526403466
10.2997812768907
11.0847938700845
9.78925521527576
9.83234230864375
9.71765694560418
12.4901956654621
11.0834985104082
9.33084329926608
10.3105531804617
9.16361514698501
8.55241086837911
8.89572058517953
10.0821548194097
11.1636143517719
11.7600802023004
9.29838663499455
8.98115079325322
8.82286301611637
10.759351770462
8.23650386768463
9.15605815305682
10.5566329672414
9.66729112244815
7.69606519919689
11.5600006319949
9.52500896755106
8.90213541522021
8.4527356634583
8.87875014007682
7.42987863716924
9.40511081727945
10.5905166622681
10.0456653547979
8.36451992945995
10.2105500056998
9.44566849437166
12.3118863086001
10.1269482490228
9.85667990009571
10.6052305734589
9.70601634147569
12.2940488362918
9.68414369642296
9.62901190445344
9.80255114318949
10.1872744423178
11.8398458850234
11.614080907767
11.3727501039766
11.1326607492968
13.6951048191565
9.18192569104127
9.66849611274604
8.40478561719931
8.09284611623091
8.43773174169655
10.2601959562458
10.1435533808366
9.45112687506655
9.09250533368831
9.23664700301289
10.3371880590414
8.72654559049822
9.86102461789924
9.97271243950685
10.4944605364845
8.58021434017546
9.28362024010336
9.46062182395751
9.24049887813287
8.46774942645698
10.6459329826385
8.68310793833922
9.00478769551199
9.33407195087599
9.16710527833791
9.43560835160734
9.24452791586712
8.88708682975619
9.03668642688375
8.56800218001756
9.55702987286958
9.49718745002367
9.5132054350877
10.0965210616074
9.75551625615746
8.9464180699765
9.0874276568948
9.07795755451498
9.35075529431262
8.89531350213491
8.39463175989773
8.77272602610113
10.0770774373294
9.10752757006487
9.28512379554755
9.97282892114799
8.94866068160134
9.51410958952849
8.54425547462553
9.06884224051261
9.01153583498643
8.45073606432438
8.85619649353329
10.0092922762345
9.25456241921879
9.62283961759972
9.3095589600499
9.47842026069198
5.32324875914397
7.33467395266449
9.9945031145215
8.0017327286063
9.52601283796562
10.0233360760903
9.80808406805509
8.93352013415578
7.38517474498384
9.77227648462583
7.56762105751324
10.0648791842242
6.01889718916335
3.03784132139552
2.99626881770648
6.6455139301238
7.83921100332086
3.43404256843107
8.42849839057707
8.96442973003218
4.38746705501433
4.35182213489288
8.52371291764008
11.1330495797819
10.3416497324522
3.97408411899993
6.5857515310099
8.00488221192478
4.11978941397234
9.22293089592634
8.50787195680064
9.42070865240191
4.37554756888061
8.92799156671721
3.07851723801025
9.00663450371754
1.60911977839096
8.24139745054946
7.95693234434212
6.75718765951944
7.30153183949199
3.51132309683977
1.76438274362444
2.28147130616705
9.94770294217672
2.43524294050785
9.23826159079261
9.26464250806435
9.58364941076142
6.55464560368013
7.29048944122263
10.6661731303432
6.56723750763091
5.95763259938633
8.98700768128825
9.24880046534846
6.50941336321219
5.75799571276202
4.96655194166249
8.00730225148023
10.8785864474266
6.77098492407551
10.0869313161641
8.06170174712423
6.98545407317627
5.62738610698915
4.92550376182977
3.82580969317887
6.63934462081569
4.63622216830805
4.62720027382592
4.22036913170361
4.46087702004547
4.24312039570823
3.54090030538556
9.9559911394539
3.26231639488481
3.9401437893403
3.01644002930985
3.83206622704486
8.32661133342529
9.48835590927678
8.63576643750737
9.00816993993072
7.60280995617208
9.8854635039098
8.0457971818863
7.37964821648097
8.50199706817321
10.8386258407568
5.09777515458801
6.86409689840156
5.9079186091264
7.05981044335343
3.68132187753282
8.07469183875838
10.061461673788
5.52865627232195
7.81899684288011
10.2396701401535
8.35924208008576
9.26746396155436
10.4697829383015
10.1449901287524
8.57383037516773
8.24945421456256
9.42634975189483
8.40555505101454
10.3002892199971
4.95765477083643
3.2933993928238
4.01629067821688
7.32940008379363
8.24364495740733
3.60325837965958
7.5132035540304
9.37320679835494
4.83372462335254
4.71066496629561
9.1453955451295
10.3823125181917
10.7868546733044
4.16007732330129
7.45543289710882
8.6936829068808
4.97150741151945
10.9774956984799
9.59265453853763
9.43844182393324
4.97369621345904
10.6144175782553
3.34119892931552
9.18009939081803
2.34256041290067
9.47532539704311
7.57616050191758
5.49795923340957
8.15533634829741
4.34061702088488
2.55929506254469
2.50496539707262
10.0664823035051
2.98370535483448
8.63628880206054
9.80257265129643
9.7097941781245
6.8833846721804
8.09456684208624
10.8057517749978
6.20342850812044
6.37977529939668
9.2101411364327
9.73995852134834
7.07049778894351
6.07389975351053
5.12125417346427
8.53735285691278
11.2742735193867
6.96120119420075
10.2335793323889
9.45608475848429
7.04576883149183
5.59638953391203
5.72638262101266
4.91002285562504
6.65869863994121
5.6357756421888
4.82407232249344
4.58037537322538
4.39279312605642
5.9722278074948
4.01394871775665
10.846330979005
4.14480911425423
4.13701583800783
3.91798265489805
4.29163480091202
9.65360269082819
9.30233101350731
9.1450143193607
9.91792923701954
8.78409852695356
9.3643348991295
8.88318265810776
8.97838356682418
8.88070646645082
11.0566051938101
4.91788791979425
6.4975798722422
6.61019388148306
6.94311309386124
3.71702665939736
8.78402556494063
10.3760105552081
5.31437564267057
8.19153440697312
10.1706898300994
8.40545097201205
9.46168809515018
10.1448263319002
9.93070949910104
8.75842453771745
8.14769050498265
9.8141375685568
8.23011111450697
10.9358909332279
4.92581056175891
3.87504176614961
3.38160296971954
7.10485326033884
8.65692289325222
3.20119418504079
7.33541176317263
9.07840023785434
4.88144060127837
5.67443518762722
8.4021899496854
10.8887063353842
10.6085479196236
4.56923250341521
7.31959270144131
8.25388600794771
4.33941499156793
10.4098992327707
9.4143477848568
10.0327254920265
5.26103715311402
9.82865042029998
4.17861685241729
9.31824098203362
2.06909667239135
9.06883103799088
7.54629957703956
5.52112867811202
8.54132074059596
3.95001445879223
2.5856922803809
2.14468125615379
9.76320958109346
4.06080820879752
8.83612126120779
9.17046303369371
9.4732396936598
6.37083023810729
7.40802374634011
10.5844665015581
5.97646643026208
6.69671897998258
9.00922787819467
9.08457392376578
6.62822413118244
6.08215135084882
5.12716408004492
7.73483639941756
10.4452544423902
7.15932662872947
9.4671395575847
9.07947795463249
6.27575583288659
5.59853723475355
5.10664156215236
4.53341605177326
6.00822820061117
4.56664196481046
4.72898017807501
4.06474698135115
5.06838534691209
5.80886770345106
3.44728386097476
10.5698674492283
4.36431486582565
4.0419236935894
4.1316957935117
3.77924955167957
8.88684940481584
9.01415434527573
8.52084309606695
8.8777810993133
7.94184402976595
9.09376565344031
8.5770386780818
8.44670136684806
8.62038907991073
11.0273229199012
5.5614326973586
7.06852663089457
6.41837746553709
6.00815801736604
3.09382503974717
9.15597924305966
10.1503750004148
5.32869654111866
7.93996836608922
10.5605217684729
8.47687130709482
9.16641868153203
10.2374741926947
9.8135318500298
8.66593385736305
8.08413921923521
9.80025008543494
8.08681809995124
11.0060417155978
5.00843615430333
3.54055424970666
3.66566434318797
7.21953391881786
8.48192507049194
3.18606060087539
7.44545368194538
9.63321158977185
5.35514026945592
4.96802551899594
8.48503177038291
11.2132955917332
10.7465776785486
4.51838608910521
7.39612209521923
8.72397491127487
4.58523065730597
9.90757667397679
8.88930256467286
10.062369427272
5.47808826616658
9.31262472924277
3.3958292674114
9.19706343812618
1.24334583274005
9.01480407525496
7.096769084486
6.30692367026063
8.05516889898254
4.03082374220971
1.75994144072959
2.08914363158434
10.1142528308084
3.6366907392363
8.88459233950899
9.52833673675143
9.6505970426246
6.28330776124537
7.595504910985
10.7033169191288
7.01443986212217
6.06566075244757
9.13000057978212
9.34251901171857
6.75785733933031
6.46436591836586
4.88310047091558
7.3703030886686
11.4955162314366
7.14647645713649
9.58040361885016
8.78362900416669
7.2573345069935
5.54732213038018
5.60723097061747
4.54773695022135
5.98956358105244
4.85070333827889
5.03759762598813
4.26662736373468
4.73066607046856
5.51019582387313
3.93373930552009
10.1607840477985
4.06483468263133
4.35054114150252
3.29597971916807
3.98198096889344
9.07166692741291
9.02379765332151
8.57556803491909
9.63716142500817
7.68726648356891
10.0543013709572
8.34292740754047
8.20807405661549
8.34536005637436
11.046809895762
5.24804019379296
7.34767147469812
5.96311303609824
6.2808634233916
2.85050385021033
9.48348909292025
10.2564691473856
5.77732747018816
7.50278601077486
9.72300453047336
7.74923155152723
9.38788799177551
10.2218076808948
10.5645629728521
8.77718621209456
7.38458875124319
9.65156180148152
7.16761041098442
10.9675365400337
4.64957534726027
3.60006969533748
4.4082096101189
7.26304909979386
8.31725741316026
4.36426319922121
7.03352753833549
9.63054262385808
4.90683150999128
5.4854110961235
9.05540550268142
11.2752555085818
10.9324696926041
4.27931378296606
7.87996424057633
8.68656068434362
4.36480590028086
10.9498309535007
9.3129071742096
10.5102355684453
5.30166683074053
10.2719134058514
4.32516623232857
9.00042888949972
2.55276369834681
9.76245063139093
6.80784401605402
6.05808897838438
8.69561071296501
3.71558252525875
3.06935930633634
3.09007340609273
9.43021444931682
3.52508286241644
9.31515352127625
9.26260408967103
9.91549365001586
6.78030034890531
7.87824719964935
10.1313323717383
6.40728885609859
7.27628431906651
9.58280349932173
9.19910656911452
6.87629172832932
6.53125508000075
4.74647267409199
7.85436104130163
11.7104853605171
7.26766262526969
9.81536599975277
9.7933485092303
7.49210785685246
4.93952319063274
5.79617918274394
5.02022345776038
6.0535655831536
5.49708746511233
3.77967330914257
4.66909365585364
4.83381731650402
6.3487994241811
4.93019164334326
10.6798301290327
3.99775090575537
3.09261682465696
3.96394225594321
4.37622492021828
9.67130473539001
9.47502289585873
8.92561515776484
9.55523443095581
7.74126392848785
9.74015938150548
9.49251939514018
9.37824878568739
9.2425182362845
11.3379348798131
4.94164132626032
5.7633992674447
6.83063956733218
5.54716612568618
3.64870341011428
9.22742416449302
10.7956803766435
6.27575020347012
7.46689115266774
10.4840379224236
7.25901033898582
9.83052395673781
9.13941525386082
10.2914997240393
8.80104001262665
7.28732511845399
10.2963960192187
8.34420834367955
10.7871118575462
4.76163732392725
4.42975600030145
4.33316831461782
6.38636088216634
8.96517254835935
3.97817364223673
8.08277152088428
10.4496638836871
5.39181006918838
5.20923769407347
9.31837587810379
11.4369488580093
11.6332279193982
5.26577983015565
7.42792023953666
9.29347075911544
5.47393856438228
10.5867341734042
9.82840097869152
10.2645598565883
5.72079014460721
10.178955391836
4.01704448093085
7.9028079084557
1.98828783110783
9.66835094102534
6.34630807226512
5.78134099701815
7.80427257628821
4.83956521811739
2.50488343909736
2.67379412734019
9.39151874984148
1.91186325770434
9.48237946410906
10.2480696933618
10.9039606202521
6.83315983262139
9.01192943562487
11.4916726869892
5.80091411371961
6.29989765106541
10.2936524819529
10.2978165976923
6.73992280729703
6.37441455070579
5.91126581700702
8.29205925651586
12.2382980398559
6.96863089163992
10.4543848541373
9.56384165857354
6.9497003338611
4.9985343589867
6.11893090448591
5.30257113909828
5.8800112624801
5.1280592588783
4.90943850911822
5.58191098362609
5.49872728333149
6.08767826367551
5.08861645972591
11.0815987360795
4.7963557683116
4.22238202463261
3.34548225225957
5.29518185646076
9.67035080921763
10.1761794918404
9.67000122183389
10.3665382231181
9.1312022037877
9.0458036215973
9.42589034837732
9.32788570906018
9.46491954422775
10.7367779311707
5.92751568130127
5.72460563774442
6.55549789283543
6.92912853776157
4.16969585164506
8.45533457313856
9.64994176218194
5.26677307446259
7.87308706942745
10.2041700423215
8.45427624120072
8.27987366582018
11.0878351303352
10.6444665637748
8.30751142904191
8.19296900048928
8.42875222576637
8.31940066601517
10.1620278869286
5.39571355351057
1.9212004802334
4.74422636450875
7.63467359929232
6.98341380015221
4.02847358671859
7.80531475492429
8.01214390398354
3.83045839982717
5.09318304794049
8.78057287324259
10.7676530321293
10.2367782387417
3.15680642540782
7.82921389679426
7.61296645600825
3.18308451921293
11.365828336793
9.27451511846768
8.92882498085277
4.74351483603296
10.4052031415745
4.25013068722252
10.2191390282879
2.72613442171176
8.9532810964464
8.08032041553543
6.34912492617644
8.91837822672568
3.61046161975325
3.24273002970131
3.14224826213812
10.8496522020512
4.21592104520133
8.53131902834921
8.92914784150551
9.50663826119188
7.15773636845979
7.20060017929556
10.0559640411692
6.81320903168258
7.25630768105499
9.49106534652343
9.84764139092691
7.38628344796902
6.16149761524484
4.26510500541137
8.62613793382682
10.7931107040542
6.92167728370904
8.79655084869148
9.12107602555531
8.00511938858344
5.35789300764156
4.59963964201704
4.10629361994781
6.44041326292178
6.01950153977438
4.84959030277318
4.31816151849561
2.85615955341842
6.53762700033955
5.27154518592039
10.6133448585901
3.32780956951389
4.16253381828756
3.68780308334293
4.02529278286025
8.63974334632588
8.42992525697866
8.65024589477828
8.83017853110531
7.51299934021921
10.4582138706283
8.83403554089189
8.75432904887599
8.40441878206185
11.9297590432662
5.06107816468764
7.08364538509217
6.71203120021623
6.04821836143405
4.47838030370434
8.99116065707841
9.95141096493772
5.98005768479261
8.30119589439549
10.2475818975506
8.30116069650377
9.7876949048119
10.5114546629426
10.7672931874566
9.32911535707111
7.04985524803286
9.98025761832096
7.22296110102552
11.4127906078451
4.59657093416999
3.60006969533748
4.28659107925444
6.85131829273286
8.76312188277321
4.32385915881717
6.95231304787507
9.16871469315416
5.35208557780264
5.87190509314614
9.28267910331938
11.3809105783553
10.8363085525067
4.29365003080153
7.97216415825866
8.59198713250877
5.02875364378764
10.5847745646958
9.75877164382254
10.5102355684453
5.2204523402801
10.759729036174
4.2997088415616
9.49558249017208
1.64568169983154
9.60012445719052
7.67452197416526
6.0984930187884
8.49909493623061
3.87750228980681
2.16227730782106
3.13047744649678
10.0941621928236
3.28154219775561
9.31515352127625
9.87049113055247
9.91299205701972
7.20070742775127
7.5634951905769
10.7644760071752
6.47253988546805
7.16940198581185
9.54138264746377
9.83759692185433
7.55425853258912
6.54085181639721
4.77193006485898
8.54144508839885
11.7880638190497
7.38238378790109
9.86059440320089
9.63102233502991
7.9697868618133
5.53185318007554
5.44163353506903
4.85789728355998
6.676702876604
6.13557781785212
4.67089465328731
4.15696134541733
4.57573641185849
6.3487994241811
4.72746142873881
11.1178782200424
3.73967000110981
3.9838381688017
3.70586135129766
3.86409260978196
9.91382858859693
9.36783821954756
8.09974764970997
9.90978007863072
8.48694341335201
9.93953386437562
8.86938210168979
8.77192909206616
9.11071742092364
10.6395466748847
5.58338181579333
6.53454007141059
5.71421743703733
6.71273543849935
4.5153813682255
9.0132183079381
9.39516740717729
5.35106619971516
7.27547364303858
9.56132504490784
7.27378937010683
9.76646836491253
10.0017412894827
10.1383017023791
9.04384542619902
6.57826072126184
9.69205388552695
6.66285242310232
10.7938022688164
4.68222672752526
2.55379369282612
3.96639128820728
6.65718403176871
7.79493780931024
4.49636815255197
7.03796884123035
8.84912530390858
4.62703575934815
5.06690989225487
8.99619384721657
11.1829423495469
10.0761750340389
3.69276670503496
7.02813769554606
7.77592209504818
4.1566279037017
10.3296185469286
8.8341974293572
9.72892105521623
4.15841849011863
9.99335471270396
3.51869793126443
8.96384437278991
2.69994031514472
9.47188792361993
7.67095220446303
6.3465684799953
8.19949667141194
3.4948704278703
2.85520328037819
3.52502774060277
9.57122572729398
2.92470780383682
9.2316279766551
9.16032203045086
9.83455631397426
6.90425866677671
7.23332912891721
10.5488353270087
5.69055148933542
6.48892736274296
9.46496438866293
9.82468645629231
6.73802795306167
5.55002931064735
4.71891916182481
8.74923711660959
10.8523502534157
6.8646016806837
9.99169461374505
9.11131769751075
7.38143790060685
5.6324556230679
4.65293084212206
4.23213116661496
6.86795921066519
5.55316085900358
3.89513084951031
4.05535242334514
3.96188274183901
5.89213725935284
4.20379876474226
10.6711395049207
2.59642166048791
3.2080743650247
3.19303153951728
3.66863391101127
9.33970029382738
9.18685392008784
9.13288948198457
9.11846241935287
7.75001531205031
9.51054084293065
9.32360073764424
8.64623257419558
8.78898474022195
10.4855341502096
4.62702912010148
5.74744638330127
5.95235422565794
6.88338900792739
4.74364746165372
9.59295799654781
10.2111448088782
5.88248220107162
7.611755193143
9.36105271454275
7.46035305918907
9.89996046630833
9.38828504133653
10.3953408863
9.23336707442567
7.29571206303467
10.1507450978844
7.78527770907587
10.698959572629
5.51039911372503
3.58698796209343
3.88184827820805
6.10791084198317
8.62674234310606
4.38679765492502
8.34976799939621
8.91046078874296
4.71408446882911
5.52311486065943
8.67819518868009
11.8740337020613
10.8054742040878
4.12939805620762
6.97909599865258
8.32577740777959
4.44701722958868
10.6418178909869
9.42183405474277
9.70808355882342
5.31545151452356
10.0872667907191
4.08207408500888
8.56756185391811
3.41223860642535
9.61728957688198
7.61858315270535
4.66573765252113
8.40281448862187
4.37484362262526
3.60741479904345
3.44675634500987
9.5831367811209
3.25438100099731
9.50363896176029
9.47856763035385
10.1410093507706
6.97605987641434
8.01448995673209
10.8351831219694
4.58737365302972
6.2961106112497
9.63083830341441
9.98620715077456
6.40385148259348
5.16638218179953
5.79534809757091
9.11389217306096
10.167260257445
6.47649311281457
10.7357407390592
9.43016349145874
6.24647207438318
4.82425789290262
4.94090898553812
4.88486209590398
6.81615007816696
4.71375412096604
3.83912393807661
4.61274145333996
5.10286587692249
6.40527415203702
4.20530731890317
10.7008252415849
3.2845505157517
3.179618841883
2.82023316248642
4.22443854868123
8.9178995798809
9.50565680169156
10.1689143773266
9.18837141162174
8.4134538856819
8.45671078993668
9.88911497061942
9.25479478244443
8.79363430242593
10.2014458983035
5.5999319297662
6.28996525527543
6.60265271599884
7.33668065022307
4.92842960350116
9.98047626653429
9.83282861855911
4.45624247861156
7.38873165233219
9.43810042538348
8.4661394965042
9.04023091757452
10.5783034209233
9.80754185865268
9.26347394108643
7.9809002607494
9.36861668699592
8.0348090565557
9.96727321912037
6.13796055588678
2.71541999166627
4.00026820181287
7.48760227432462
7.44253582928249
5.02849605380408
8.56514195015615
8.10822088124663
3.54653233864833
5.60494072159523
7.79384485184754
10.8853568928873
9.58918671400373
2.92337482519015
7.68633092621959
7.33811288333603
2.99441986620108
10.3940304612727
8.13141759738832
9.66508849172948
4.05721773737727
9.60776037172596
4.3493821339723
9.35325107553722
3.39105002986167
9.35946226781373
7.83095631958037
7.14282375996116
8.71339600329125
2.32243284739612
3.54631299509516
3.87592479154006
9.6731982015549
4.37793698038074
9.24740610890262
7.66277684961324
8.05197666190689
6.62625705348765
5.98028745978419
8.50016959252663
6.52821576362977
7.25395808205314
8.01011570406293
8.03307210456447
6.11093021612096
5.58207282948057
4.11609683977709
8.17960251807964
9.8405597859518
6.84801574234376
9.36356746755831
8.55833630847563
7.04261057692344
5.07460241310237
4.25314553354845
3.80111755661677
6.36400551359598
4.83843994609373
3.55625476006421
3.2672816225617
4.34087910605101
5.99436600272139
4.86152769753663
10.4248342722228
3.66833636646196
2.86919827557858
4.55158485252755
2.88056311022783
7.89394566751125
8.28141866910107
8.75770319376602
8.02056193998776
6.40065388791281
10.1014011014952
8.80280730000779
8.03172498513447
7.74962726161877
11.7845458273255
4.8523014744882
6.96007080453771
6.53067517030075
5.22793317226799
4.43424799669191
8.80882619947863
9.93664169872494
5.10009980529232
7.75265507966969
9.85800425599442
9.06495959900948
8.68874643468263
11.1073663199685
10.461926180356
8.45563817607047
8.27830787799734
9.09456518862109
7.90715600848136
10.5323038281885
5.64875936441086
3.00924079269029
4.66968547178372
8.18901177927156
7.45578968186698
4.12422029830012
8.0419683845398
8.40432210669183
3.80222952368949
5.96468720680916
8.90703300272451
11.0217932514574
10.8596345892579
3.74393837708037
8.36031480967128
7.87005122226923
3.46293412858353
11.0894874880896
9.68021185563933
9.7185939962251
4.77967458818762
10.8577380129851
4.39182567141339
10.0795303101096
2.77383551960757
9.45647283018643
8.31566097231628
6.79009268396948
9.4838619317713
3.29634267248011
3.29043112759713
3.10811140981716
10.555953885046
4.61545846921432
8.42096165701764
8.92449714360374
9.27265937167996
7.39826136526837
7.13465860140181
9.57063708995086
7.34174127611022
6.63881908087562
9.29600571587336
9.62454021079576
7.41314106095238
6.1892330948901
4.42674382702526
8.94180721774175
11.1400062009533
7.55306849554258
9.44329724271446
8.71208935520539
8.0686195660449
5.67904917744372
5.233782899787
3.95487060334652
6.99587534498556
5.97634299773911
4.54360652316868
3.21461575825641
4.20228077052087
6.67785694775603
4.58467470438336
10.4080634046568
4.32467541901025
3.85655003868307
4.59899338789457
2.92174702262105
8.92117862170363
8.66973442847384
7.56117996505789
9.1501801816044
7.47160114835895
10.1346917538195
8.24741203430669
8.15214849085216
8.3805356596202
12.0278449798764
5.00143133294816
7.28840833259243
6.63477619627464
5.48628860531517
4.0168511530065
8.65538846216684
8.95034933449445
4.85545845362664
7.30902049995505
9.74610079505018
8.23336015166305
8.98990061418382
10.9087896410068
10.2172848286903
8.97590047544355
7.52885139731187
9.11637702282961
7.62242320465856
10.0305353213981
5.6315430580693
1.5942229112699
4.34373574355044
7.55504495022452
7.01837005858154
4.87371260789511
7.99753962278655
8.07255755317985
3.85046800861944
4.9913075233562
8.82197665091973
10.8973319209631
9.80104618457539
2.73319592347873
7.49989205292259
7.20561319355916
3.380060152973
10.7069630022718
8.68319592282232
8.85268310536338
3.68148098587149
10.3706991680471
3.48520067733769
9.86170529124574
3.07728477048786
9.4258585939687
8.63052298601927
6.93250410463379
8.57684112675512
2.95439579388182
3.23254773572134
3.90237219594593
10.5303826696301
3.810004108877
8.90890820590998
8.62413556768091
9.30658398728194
7.14144040843362
6.69285449492874
9.81074042491765
6.55974390920854
6.76782102650685
9.29302855685814
9.79402008609119
6.97520969471859
5.66833163521017
4.27795553354825
9.12658157195274
10.3972460737934
6.69400835680933
9.52714004264222
8.60219224186498
7.85319225798339
5.84870243133608
4.17599333787491
3.73891201058028
7.10514095232208
5.93050531434673
4.12453728838092
3.47149316917667
3.0023119602828
6.22235427347041
4.67555312211881
10.5820939703367
2.94232422633139
3.43748080389531
3.68754981265047
3.0847746568428
8.75584103965892
8.62894399596087
8.63984335475654
8.62159412487382
7.37245949895666
10.3837502429657
8.84270520691975
8.06978406423653
8.20512548605348
11.3534213118633
4.49818578242895
6.70701716485748
6.08431065839608
6.40645150368026
5.12099191699687
9.81616481047181
10.5648400642374
5.57101504549208
7.81115692762667
9.05383725838721
8.37769118027742
9.22703857037699
10.9005477200916
10.6795618261622
8.85178102500058
8.19032120383086
9.63097364218396
8.01405050690803
11.0676401434737
5.39179422302709
3.55899036455421
4.62134336884645
7.88871293691224
8.23404098658783
4.53699291754472
7.77574641410231
9.44833979765009
4.75416043683269
5.69854485485105
9.15550910612141
11.0650053299582
10.9508181412677
4.03419699278702
8.14627672262819
8.62461289194713
4.28158947370841
11.1629647122282
9.41301077764959
10.5477791911783
5.27262722988188
10.4850471645789
4.53829999105611
9.61690529354989
3.02535437501579
9.86255423483091
7.39589960440019
5.5448865244074
8.79972141985675
3.63354217332493
3.24208902465983
3.04375024687882
10.058674078067
4.00300847337424
9.17318667795896
9.09181537956029
9.42213156417561
6.5217983277102
7.34739475299193
9.69013653267091
6.96318478556593
7.48941807779406
9.34850968818479
8.8591204733967
7.0560088350226
6.45962295841066
4.57392405630782
8.32695171797064
11.5549688725933
7.39876071828405
9.83434175306978
9.54340146304339
7.63024886336345
3.97722714476012
5.58986675804785
4.77350699266023
6.44412059410944
5.57060007273839
3.11050603705644
4.66029449943778
4.78618038264894
6.56193318290865
5.14975457549761
10.7799337324727
3.15131080983177
2.42344955257082
3.59449602769379
4.36888189952053
9.53200785917053
9.04037375784449
8.97768724064618
9.3489220062597
7.53495150379176
10.2450846709073
9.02652190057393
9.20338743673522
8.78528179710541
11.892525551061
5.02714527050837
6.42685732958729
7.08118885640837
5.777583442769
3.60238025090035
8.88263084608135
10.3785075068587
4.76381397238096
8.17018871068386
10.4161011403182
8.52098620521909
8.80373334070552
11.3091057290823
10.1256403474446
8.38065004335185
8.51984978888713
8.856453956492
8.71957109016492
10.9721117249977
5.35837550822312
2.57153623499664
4.57437662597098
7.91426973281173
7.51687340737175
4.08634818433981
7.78555690249249
8.31316652073303
4.29380719077702
5.91821353564659
8.2637236777652
9.92381206961859
9.81976739448586
3.48784687955482
7.81203665315654
7.34659222619206
3.67583328715875
11.141309445918
8.80123957943727
9.59152929435847
4.11904000980732
10.2531196626545
4.61572873350883
10.3873334249566
2.48379560823356
8.89659287363007
8.32690596531155
6.17262728222623
8.43445487422524
3.20623600459008
2.7005302578776
2.81078237791539
10.9958511700117
4.11185427383424
8.37176272786193
8.55258376319985
9.06983734131735
6.55658417201892
6.74250896154994
10.0570311268433
6.9007367339528
7.44844735580643
9.05628191089356
9.23872008083102
7.04654541979948
6.15480980468152
3.86660771549853
8.42381672350485
10.3485333917745
7.32589428291684
8.50499095611694
8.85346294099743
7.60537372284008
5.58369776826962
3.97546841872328
3.83450662378459
6.36345321995043
5.68834444717042
4.79453763364891
3.85788381666248
3.55957151026007
6.27820856291878
5.16007603978558
10.8233522563335
3.41673350408338
4.10748114916331
4.01770679253251
3.56501508102713
8.53090882610358
7.64665029320958
8.35042341695347
8.32721942902369
7.19214644012308
10.7489753642975
8.27475614512559
8.36995705384201
7.62114381829281
12.0785945546819
5.14178285622073
7.22748959329734
6.24189530391548
6.007546002681
4.23609034004818
9.72949187005051
10.1696031269774
6.16784901276947
7.40311399346692
10.1412853149793
6.95887089749509
10.5354943062483
8.86630802736785
10.3585281585068
9.14604138164725
6.67713383181122
10.7312188467345
7.88674012605278
10.7896710950378
5.03460209714115
4.06324363545099
4.45104088372091
5.48018560733638
9.02178352600317
4.91473406307841
8.25976148556498
9.00747007923663
5.14064296831808
5.71888983305335
8.60941456450367
12.1665790305594
11.2465510907067
3.98449999704202
7.16584691104717
8.93192137633858
4.53336632923819
9.98776999724475
9.64380617214132
10.1544900937481
5.88348516421132
9.83064950880843
4.05032844922209
8.04558483994943
3.44428181770569
9.75991863503275
6.74700962777142
5.75664807463939
8.10512964686259
4.32881856453871
3.61021905460063
3.80274189210678
9.14201777391378
2.55381074880538
9.8704112073433
9.80739095106956
10.0252375633641
6.61314531456644
8.00253383129727
10.5527478868228
4.4081136577057
6.14145731706138
9.50402872540142
9.70382990637395
6.42154716505131
5.51736990279389
6.45964569407658
9.00582430080381
10.8280171952864
5.64259479364338
10.7806857890555
9.88011599023848
6.11335923194143
5.31857350023104
5.64797788950968
5.33405408737926
6.48721756723775
4.47983818375832
4.15960668121701
4.96949044485415
5.80756751383223
6.55405967870395
4.6518252444469
10.5011959645425
4.54388935220979
3.4725501967314
4.13101713155696
4.58118754019542
9.34986670980066
10.1682577178767
9.96643120900063
9.49802055373205
8.18703773312396
7.5780281521416
9.68663180229342
8.99365358702836
9.48939020225264
9.66611904470722
5.50863517709922
5.96738720154099
6.55647830119767
7.29743766083095
5.0661558350146
8.93596678669506
10.4318434474724
5.03482677723616
8.22352465129757
10.4694370809319
8.79199901007431
8.81780595156849
11.327739906275
10.3966531522998
8.65166284820705
8.57318572950084
9.12746676134721
8.65128849991417
10.9855608761043
5.41171144883681
2.84254903985185
4.58844923683395
7.92897254418958
7.78788621222697
4.13252660789479
7.83889284310618
8.58417932558822
4.56481999563225
5.93228614650954
8.28117623250056
10.1391705815008
10.0351259063681
3.75885968441003
7.87653171038671
7.39992816680575
3.94684609201397
11.155071993971
8.81468873054387
9.60497844546506
4.17237595042103
10.2671922735175
4.62917788461543
10.4523343129623
2.54481841014038
8.91590885236149
8.39338761536133
6.19513095657618
8.50549897298802
3.13795341433931
2.76155305978443
2.85696080147036
11.0096137180648
4.12530342494084
8.64277553271712
8.82359656805505
8.79882453646216
6.29418977745155
6.47149615669474
9.78601832198805
6.91480934481575
7.51187532594099
8.78526910603835
8.96770727597581
7.31755822465469
5.88379699982633
3.79832512524777
8.43726587461144
10.3619825428811
7.59690708777205
8.77600376097216
8.86691209210403
7.68540623950425
5.31268496341441
4.2464812235785
4.10551942863979
6.63446602480565
5.73835627500492
4.84787357426264
3.78960122641172
3.83058431511526
6.29961914413149
5.18148662099829
10.8371148043865
3.68774630893859
4.16081708977701
4.04129006159182
3.49673249077637
8.54435797721019
7.9176630980648
8.28214082670269
8.5982322338789
7.4631592449783
10.7636781756753
8.28820529623218
8.38340620494861
7.63459296939939
12.1498162420082
5.19511879683444
7.28082553391104
6.29523124452918
6.0608819432947
4.28226876360316
9.61245228723685
10.3333291549597
5.49164846650804
7.50102874455738
10.1141150725149
8.25240167738362
8.99996297116671
10.5100396654433
10.1079823229385
8.52442019998716
8.1196367394553
9.40757661120594
7.97111620512795
10.7764275762007
5.27992747043162
3.56234719493582
3.86827788938886
7.49820488226396
8.19488770645881
3.78392743808715
7.71694499807368
9.50850039993915
4.78446180328983
5.18588931776578
8.41805060405594
10.6292494174427
10.4870321954796
4.14027644912153
6.86740157964749
8.65934643715661
4.24243619357939
10.4098992327707
8.822017795414
10.3191266046123
5.26103715311402
9.58551616529148
4.08501492656117
9.22491768428942
2.12582337572837
9.27156125259533
7.01120954436912
5.42979054732875
8.04665594039917
3.68525234382072
2.3425580253724
2.29068476742124
9.70663482350896
3.61250041872596
8.9519382116226
9.03729313529455
9.48822321873311
6.20941772926923
7.61079083638082
10.1074846651276
6.32535210188648
6.96292653944241
9.024211403268
8.68002715991925
6.45916628061981
6.39017262282896
4.57789103097859
7.57388623851307
10.8507148715991
7.10169857884394
9.72659647552616
9.2418041288329
6.52378868968125
5.06179664291976
5.51210199136126
4.69574222597366
5.84727803970668
4.81753459328084
4.17078385118413
4.56636855065753
4.84583645145973
5.80886770345106
4.01734495234678
10.4318710130964
4.14510053709429
3.48372736669852
3.91889753749449
4.28087112098595
9.13162070519928
8.79510146773831
8.98165421531695
9.26829487888514
7.4546518591997
9.60725198722783
8.77839287939034
8.9475632656535
8.40133620237332
11.2311629540564
4.81255357134212
6.33899705226393
6.49959195599752
5.76599336600114
2.84931477144278
9.63924128633666
10.1357742770704
6.20794168723215
7.6247081445712
9.82765892745611
7.99067351277837
9.67142628718805
10.228219970462
11.0107342413347
9.01467014686833
7.28735079312227
9.93510009689405
6.92417255304403
11.0082441833697
4.87684894789824
3.58451583983663
4.63548321075686
7.18224101898577
8.7071639868683
4.55143955832482
7.26080113897345
9.46852005258958
4.94753915332721
5.87531766983155
8.69065271680847
11.5836407929597
11.2661115715376
3.91456099709309
7.86441038507547
8.7673687651517
4.34026251424734
10.5512425999992
9.64654905314307
10.6974119275489
5.61005211511848
10.2737641290889
4.39052006841847
9.21234779769145
2.40003426054285
9.94962699049451
6.98603084462496
6.1890006427134
8.99649817332966
3.57810334002376
2.91662986853238
3.22098507042175
9.60840127788776
3.83346814679439
9.54242712191421
9.66806451887993
10.0201480469986
7.00900913350844
7.31076419917196
10.2875216078724
6.24526628483008
7.26073046356565
9.62351114265768
9.37729339768546
7.21763773100805
6.45044699919265
5.05496076519037
7.85436104130163
11.5801132192483
7.17766585087432
9.75984702712415
9.77779465372946
7.50927934549522
4.77750061936423
5.82072256877747
5.00466960225953
6.15000074095902
5.47254407907882
3.61765073787406
4.28817661267826
4.89917115259392
6.81961368947989
5.0359495198372
11.0293326623367
4.06310474184525
2.93059425338845
4.02929609203311
3.99530787704289
9.50928216412151
9.16098409530828
8.54469811458944
9.57977781698931
7.51399032784989
9.51781492230728
9.31433256656925
9.10925073025958
8.91256424003429
11.3789557818968
5.33154789996838
6.15330584115273
6.71078146309495
5.72535295425712
4.21618641059169
9.36585891355419
9.51914383714066
5.4844359907831
7.61068272713727
10.2329604110922
8.91230542218705
8.87112282761912
11.1742328686758
10.8621294800953
8.29902597277065
7.85329991217244
9.19572709109714
8.53580328068313
10.8366023549214
5.99315832861582
3.15090954229082
5.25762510064956
8.20946840765998
7.80049224900388
4.92973398468699
8.38636734874476
8.42477873508023
4.10652805042234
6.30938977394606
8.9537407511522
11.2288566131107
11.1636295130589
3.3438851199024
8.54269120260776
8.2546910106919
3.56450244071192
10.9478187384891
9.66016163690325
10.144408247102
5.06784963358091
10.7580204240943
4.58440920254789
10.149173262837
2.61630931157428
9.63961964517306
8.41722928444468
6.97277267983787
9.1341162502635
3.23548200368764
3.13290491956381
3.65554419155849
10.8111423023535
4.66096607871735
8.70990712446108
8.83069317523288
9.5095458021154
7.31058928873408
7.35784544439467
9.17058383277291
7.52442127197858
7.20119851225402
9.54889933473186
9.26566141607196
7.13997966298263
6.29069860029804
4.67498165113277
8.52448622375017
11.2510112292295
6.99068906416418
9.58496599231501
9.21834767449254
7.88806160246178
5.78061748957211
5.45609651400925
4.46112892263365
6.51460759734717
5.98175016977002
4.35152761530333
4.12739425893153
4.36940691088839
6.8457535101737
5.25331960733682
10.1032410289503
4.49180155937778
3.66447113081772
4.76611952826208
3.83452552329616
9.17031298180387
8.76548920418115
8.20513789929451
9.27643546244962
7.30426455596418
10.8593973593983
8.68863975393887
8.59337621048434
8.4948122294291
12.008108019888
5.00653490204719
7.25310786128739
6.64245556251461
5.32900559074786
4.76610014461879
8.81811933294317
9.98818313595305
5.5605469121445
7.73283639882178
10.4301029478462
9.11526717467964
8.2372284488972
11.4500895040947
10.9223732872081
8.46554171133659
8.33353932190774
8.64304720283563
8.48988926152771
10.8152317217995
5.35705818221858
2.95616459061191
4.87241568638818
8.10162971767946
7.41538564146294
4.50422333674202
7.75026720234753
8.26684292145683
4.08515741730045
5.92428316640512
8.87671582505729
10.8423739922739
10.5208060132702
3.91318287850603
8.25845100334508
7.77342645899127
3.35636505407656
11.373329386434
9.35663353222057
9.75930163956104
4.69799327860893
10.575036825294
4.87850059108271
10.574683910782
2.7344010828471
9.41606878978238
8.49303660287418
6.3686131947595
8.97589649152857
3.20292283946357
2.95113573249117
3.01098066607609
11.2114991624634
4.34371135613762
8.27008843854463
9.32467697008746
9.65019769256203
6.92754956731889
7.10425218522829
9.9048893706859
7.28537377461521
7.43901874613624
9.63462477789358
9.77726930922859
7.81578006652317
6.07690123761218
3.90369859077609
8.98126618426517
11.0547916661672
7.51236085220663
9.17801296989293
9.18979920568746
8.10492629352663
5.46045830846873
4.71644425879342
4.42840654222324
6.97138755786216
6.17632084467552
4.85723594225479
4.12218788311206
3.74146965127088
6.79977908155239
5.39787005076386
10.4892778951172
3.94141904783737
4.17017945776919
4.13818226864457
3.8293191474767
9.02865726026057
8.77490482094152
8.25017868967933
9.16466001212319
7.97399313971549
10.7443360317667
8.47422362638222
8.66790676237266
8.49183469227611
12.2619961642303
4.87302541252325
7.4156531768069
6.45089345526205
6.36851880430922
4.47669266861293
9.34573156097711
10.8364697307722
4.97565349516795
8.20672833732962
9.0001977148416
8.16659749374228
9.49072030798692
10.9688271144045
10.0997573272767
8.71428406006518
8.48144975608255
9.73451021859552
8.50274017600475
11.2237296411984
5.44778004352351
3.51244898545316
4.33889616231204
7.96535194212348
8.17711183055902
4.31285212172754
7.80352215722859
9.298539114007
4.67391720649618
5.90864006681031
8.97849991925646
10.4432627283178
10.8162677101936
3.96561079960433
8.5403986850067
8.41885431239914
4.60537656464354
11.1330314469947
9.5615841978115
10.4193680874266
4.89494254379927
11.0393878128194
4.24946571073396
9.64128431826003
2.75309805278685
9.92991316453239
7.81779545591206
5.28003808525429
8.57655828509158
3.78232924145186
2.96983270243088
2.82726727823585
10.2224846928431
3.90834483180723
8.77699840657641
8.95767135813848
9.73354840943485
6.87761191370146
7.77971692059361
10.2807682273718
6.94880857177107
7.27812821478557
9.70033057384806
9.47003907515946
6.83002033587975
6.76559167681249
5.04776988248793
8.47552513813256
11.4934478766033
6.9051990179765
9.47219403776485
9.3676261377364
7.59524065241169
4.58417225631659
4.7361207001463
4.34016801360463
6.3479275152006
5.6943265039349
3.09696373504519
4.41917499385666
4.82095630072872
6.6701025626665
5.00682827014086
11.0512501402598
3.24545720050185
2.4099072505596
3.91347679966411
4.12776239393941
9.63925017624013
8.72128910810586
8.62556275205098
8.89012563643712
7.88861005473782
10.0771383667663
8.59266567062137
8.82885628275393
8.7237608011154
11.9431296506887
5.04272010164742
6.49061798469883
6.73729829355466
6.06415329906285
4.12329888232995
9.18376226265366
10.3271453231575
4.7105808384877
8.33966821747011
9.9626415056274
8.59785424197983
8.98082944019627
10.9443914303986
10.0724072135513
8.52121800299631
8.47462772759093
9.48280613829442
8.61139205459127
10.5374439911197
5.58467350023746
3.39911776142871
4.52258780566292
8.12918137112622
7.91050246451295
3.86352855246697
7.98817308460667
8.83327389563888
4.09508295125329
6.13237125974379
8.44380920557063
10.4954055012193
10.2123987302055
4.21462342662689
8.11200179502821
7.24719872900178
3.48672909125359
10.9678956348674
9.01741894514832
9.77969205506116
4.30924473385444
10.0740523354315
4.85848696617877
10.1206821035816
2.75719203351642
8.6319641472966
8.4010950850265
6.55019854922519
8.98012953713906
3.32789839985112
3.27378764150595
2.42691031385286
10.57951355598
4.57148551950173
8.55209611624483
8.38224227911715
9.06264819130273
6.80540842252552
6.89257956862644
9.76137858911211
7.20324989479937
7.75702596153513
9.12513802750962
9.07336268512042
6.91209779544579
6.29398969873881
3.82021561130884
8.5581155980438
10.2819055036988
7.77645727145397
8.65055280929087
8.21146259866623
7.60064419794971
5.21971002225948
4.26142787321555
3.45424384680734
6.75531574823799
5.59403272104151
4.66162087570831
3.78960122641172
4.30861944384677
6.17800061326702
4.70483288476778
10.2707562606699
4.13316807883436
3.97456439122269
4.529563047415
3.49673249077637
8.09746686402387
8.46209936562889
8.16052229583823
8.55782819347486
7.05790280791864
10.4673214366771
8.42604368330919
8.34633719129329
8.20364537601317
12.0191942686563
5.87604359935894
7.48899718471133
6.60844526291602
5.11201989107948
4.33889266021971
9.70153368332552
10.0054441218377
4.01361036609137
7.6500422776413
9.69892957837033
7.97452730981203
9.40160835712292
11.01979716489
9.37543674115502
8.73489748248261
8.15242747481066
9.46944706341833
8.29643238110393
10.4010518927377
6.28094109648583
2.50233883962851
3.92033415977889
7.85183236477401
7.06655887720563
4.71392678068506
8.68444068085504
8.25808197435563
3.69592661263907
5.54536786642869
8.41405339113706
10.1991841157063
9.51100058848687
3.17596776143345
7.87867892534901
7.14851856109048
3.57532489322853
10.3339040324849
8.21555764607186
9.58825606550775
3.57377517480073
10.3623929841332
4.20198267997196
9.7389670384413
2.61567283343044
8.82862118450978
8.73137071011843
7.11984426874777
8.12510390572345
2.34990498759049
2.77093579866393
3.52095147801698
10.3766876517387
3.64710536786714
8.90174633449298
7.83855217492021
8.78246233852243
6.75630459976083
6.72181092700627
9.47786172834722
7.13979319710393
7.17592038537937
8.76688942385397
8.78984582435554
6.34061139168807
6.37200494982574
4.29629841777543
8.47004817100606
10.3746602326845
6.57175474308521
8.97080400743204
8.23609226740098
7.39611077203168
5.94082460747325
3.7800097199526
3.2213098617935
6.33612696374925
5.45752951193762
3.70565549393297
3.63475917044626
4.16881239621885
5.21860286079732
4.42495714399811
10.3175605749024
3.46396636060399
3.01859900944736
4.63718553558299
3.2480406581124
8.44736911508048
8.75958920112747
7.97486168140641
7.76479938770152
6.85923044446187
10.4242159563522
7.93027261618468
7.25983710440424
8.48664266502799
11.7913081493226
4.88938728023251
6.66925092915027
6.26486642438054
5.66035814659014
4.5812030513449
8.94045926393711
9.78648758022577
4.90068275581439
7.73694760427854
9.389721698115
8.88117056281308
8.75793569351129
11.1223845404415
10.2783762451266
8.84036063445988
7.93147782592169
9.09770022080887
7.86340387318362
10.1312044164011
5.7312911808758
2.85723595095358
4.39773045782765
8.03672891621834
7.59817161452022
4.11310003832875
8.15847257514519
8.58649767794752
3.65956622313587
5.88873322339732
8.29410813271021
10.5330847796118
10.3716965394624
3.53556603384865
7.5525786635496
7.17891613875103
3.54006503186729
10.8589054012807
9.27287469856489
9.71335827725017
4.11934361273921
10.1426385286141
4.58911291095342
10.081973785873
2.31735838510443
8.88450290271185
8.30539142051013
6.70608560145682
9.1471300858741
3.1228498328874
2.83395399309396
2.86436763596723
10.5358706986051
4.40926922970517
8.95810675434137
8.57234419644384
8.88433798809024
7.35533381283338
6.75843554720465
9.95158331315925
7.02287911379095
7.30402071381695
8.85351482085284
9.30458185137317
7.10588881016855
6.48139321396776
4.13163245656808
8.47397235342251
10.5008628798041
7.68500835887073
8.94545565765283
8.22348049414241
7.84795543574255
5.2043051316293
4.57314832140671
3.36020026285772
6.552313869513
5.7909814572788
4.13160670159604
3.09787773977867
3.96946784797609
6.22676812560177
4.76854704673958
10.8496402949438
3.82662984179939
3.44455021711043
4.2811974526917
2.8050090041433
7.81028660592844
7.76407440389053
7.80839780724304
8.52994964362815
6.96477322870246
10.4552404088515
8.23563496711281
8.14006136084835
7.58706575465095
12.0008153151059
5.34603588512471
6.93957946880856
6.08409106485431
5.00394366222626
4.37078728183999
9.34845632298874
10.4282845395517
5.69263357635655
8.2855216687103
9.03858700581826
8.19447604358899
9.46335900903712
10.5515003572503
10.8011803570266
8.78256665031591
8.07326456486201
9.96471257339433
8.21678072151247
10.9382874376031
5.22503056292017
3.8415756135735
4.67699766181946
7.73629029797796
8.43317798577716
4.17193652873985
7.58077267662526
9.32641766385371
4.64603865664947
5.90776602803624
9.13903478600905
11.4864848191681
11.2346600396122
4.61609138954886
8.11783804432409
8.26946003840839
4.00940461251783
11.3243704218171
10.0053407670924
10.2300870239288
5.27262722988188
10.1715322130022
4.64354136003881
9.72779103043328
2.80660510041029
9.52295523679305
7.97832925451465
5.57679687508521
9.29438622005354
4.14742949465331
3.32320070839981
2.72047391177392
10.2766545452404
4.17859444635344
8.85958903479866
9.39258693279249
9.78684747461229
7.00755958201718
7.7121106634286
10.2824697180515
6.76015096802958
7.6307422696362
9.75362963902552
9.64367027568515
7.32030023679864
6.29184865735284
4.78359810733627
8.82750087691299
11.3041668131054
7.65267960430297
9.67281411869747
9.20380246500553
7.65512431472071
4.2295871498786
5.22481036924299
4.43390799462236
6.95746690772965
5.69971048270993
3.69293568717089
4.55362261821037
4.68640586965459
6.5469865332716
4.78242369873004
10.48196603832
3.11090676942773
3.00587920268526
3.55409198728975
4.26221001829312
8.86652587700923
9.2113547904985
8.93728320024213
9.33841126512976
8.03739392692698
10.0242225099073
9.24557477811136
9.16586828609547
8.95626282975942
11.5760953418865
5.96545317100011
7.06623135419947
6.8408311947523
6.07540238710691
4.44457042188817
9.46099156704731
10.3697025688066
5.29758563417917
7.53729935168394
10.1542679225628
8.85225408022839
8.99479937386708
10.1604782425442
9.77189394806782
9.00428579320645
8.2732660978767
9.51848312943184
8.33056275676131
10.5219477587048
5.37729722115371
3.8938687354632
3.24495366141012
7.02337448905965
8.48254193217155
3.2924288791709
7.78740699421149
9.3253371644153
4.84453562949491
5.03112693971414
8.3233128020463
10.9783820598252
10.7310238230478
4.25916423977833
7.83992473799836
8.75447541641279
4.23725899041504
9.86809309818425
8.87374870917201
10.292227186624
5.46222761179605
9.33566752213062
3.90891852330634
8.87399166161373
2.09513274012431
9.1615763939545
6.53419073722915
6.29015281442634
7.92278736876292
3.46642204442639
2.31186738976837
2.01686307274649
9.56355094931307
3.52696619742812
9.0987917637334
9.21666015295686
9.30932103871025
6.02605449533007
7.1498781130198
10.1910015937928
6.72130638238487
6.38172282285363
8.68437378181691
8.34564225842919
6.50851258719129
6.27810675993354
4.84504572755208
7.08743079396773
11.2104857204468
7.07180415186755
9.90469635069914
9.13313153747069
6.70583362217121
4.99021077424744
5.75400328931701
4.89723948352535
5.69389413167373
4.10380554809755
4.52699298602712
4.65683754037462
5.22089260696293
5.33200899530219
4.22955523494413
10.6215951670485
4.55172665240468
3.83993650154153
3.7764556162273
4.37219114553338
8.99325042519631
8.94423824932596
8.76274439402268
9.41918095783477
7.48545027369794
9.82633985354107
8.27064684870258
8.34546346844827
8.24988545667904
11.676166468942
4.96356052704016
7.13296935427894
6.62049228213611
5.9330437022532
2.19518323945644
9.10774687154496
9.95629077481209
5.4173329530374
7.43202540346649
9.92574707925539
8.47894651125029
8.92860470476006
10.2180847000348
9.83682088573667
8.68339264750347
7.89005499363246
9.21078902941989
8.37283481323382
10.1316350371586
5.64144603028269
3.95107438361798
3.27823938328775
6.99854479292517
8.37803840600425
3.01631250521667
8.07846355792475
9.32659151474195
4.4807335910167
4.86413885450825
8.12871771742218
10.4602558876232
10.8606714812344
4.26010519315852
7.42693958061071
8.56947706818513
4.61912678098517
10.062994981678
9.01895341879721
9.91777511944834
5.09025689661401
9.32127071824449
3.49467281752815
8.92186752878345
1.88518459621079
8.91091741076728
6.84712691275267
5.97942501302583
7.69975168930654
3.33727878538319
2.10191924585484
1.74105030172417
9.86430705614322
3.13943843080745
9.02461187511136
9.04612843461146
9.31338722843424
6.53846670047056
7.75064683537484
10.5096391031784
6.46468553208379
6.26604704255102
8.71674549896107
8.94641098078424
6.145120163795
5.86402107440392
4.85307805081196
7.30617899363621
11.0159386012521
6.85967825889225
10.2614854851171
8.679742339679
6.88901095368827
5.17545102598081
5.43778647789064
4.44385028573367
5.84869557769538
4.50184405584814
4.46299630698432
4.46193565688084
4.95102534472935
5.28469062852099
4.37445634163744
10.6704379403648
4.28519395689212
3.77593982249871
3.51633899342886
4.17728926203959
8.51403770893607
8.52789736020399
9.06966487604672
9.4524666797124
8.10177604749161
9.83586684506434
8.57756733072663
8.72825172362991
7.82484362420716
11.5895085821058
4.93950106928314
6.59394653760803
6.30509084122349
6.12835199539933
2.94868139961545
9.24011346614772
8.98782978664107
5.71511861681621
6.77309122077496
9.40216002171645
8.18645624539772
8.84930339147682
9.8853316705563
10.3473195874952
9.18750800288596
7.21244505595192
8.96428009293004
7.49801862825446
9.24159752260911
5.75491123014878
2.8505704985883
3.60537672295963
6.32889221908277
7.73566160139279
4.51829784076969
8.35598121564914
8.29956845132993
3.7750329259646
4.20268161028106
8.57177174518931
11.6845448802405
10.1846698834362
3.28285342152682
6.72113164972062
8.3883506550095
3.57321671609363
10.2030587689668
8.85729442886571
9.33591889712758
5.09115577022018
9.4186531052847
3.50737045500576
8.65914805392897
3.16312956384928
9.50141488489201
7.17575177740513
6.34482219712007
8.34234357747627
3.55224122734529
3.31839252908277
3.48795551117171
9.27047559978492
3.27404584401231
9.37778816167946
9.10887831409918
9.3437197640613
7.22393510577089
7.27626087383628
10.0470035222621
5.19041161542442
6.55653049442438
8.77458673249515
9.38805660298337
6.50525799618238
5.21690905427128
4.97337819465778
8.4801543232374
10.1693709826581
6.2989890633291
10.4859794966775
9.24950236864622
6.73054401204023
5.11517272859147
5.30212336693307
4.70344046578697
6.55741914475885
5.04840580518076
3.97684487773509
4.53666072860011
4.08742754713533
5.81405058771614
4.13407729014337
10.4162100047151
3.36490822979189
3.28978839324947
3.68339343740213
4.14994221626624
8.48947349477676
9.33121305564754
9.83825355066552
9.48155789099529
7.71601624564508
8.92226956709639
9.55845414395833
8.84437921125154
8.60079107059122
10.5976576471099
4.74556976242236
6.54001671645959
6.71306321100386
6.77843942405434
4.26013581793316
9.45612910319057
9.69586706065606
5.75070874313215
6.77768533248569
9.92621385989293
7.92343665955813
9.18731208275432
9.82313431476999
10.3829097138112
8.4660909982529
7.72281127761424
9.30226811496386
7.81966460892176
10.1778224019955
5.62918931482183
3.34123770723146
3.8023790187425
6.59933806893889
7.8946090843587
4.51389353227172
8.17721687774043
8.14880703959433
4.05518933420488
5.0176975643931
8.0172096896349
11.6949812187214
10.4680872561631
3.43361483326245
7.01038758039368
8.27696766641445
3.24518248052055
10.0017795101178
8.84099959306187
9.58314824783034
5.26331107703766
9.45511646037124
3.67338211931035
9.00241112735156
3.08877445933021
9.53741461679807
7.54955281856594
5.99140312565233
8.46150949462469
3.6223806739642
3.2440374245637
3.30505757523309
9.51135515494667
3.7945817412724
8.72510157770556
9.14239392631501
9.7216986801342
6.71787078633608
7.2149842569828
9.54169646285158
5.35038946980707
6.24486548486591
9.20048984217148
9.16526222172189
6.32354242221648
4.86140809454537
5.59700496722415
8.05983031385509
10.0596563603654
6.03540495520043
10.0653518843632
9.38186403686122
6.14858699525813
5.43572169252982
4.90618527147157
4.83580213400198
6.28980453108429
4.46028946616217
3.79731735405088
4.39406402634511
4.93233360458375
6.22974655919445
4.25098471364018
9.69888605711355
3.93943857061815
3.11026086956528
4.24519298648673
4.00734551401123
8.64668215195717
9.4452312759126
9.71131351063183
8.7158238952899
7.48944917422712
8.80424866930785
9.43151410392462
8.70249571751856
8.70509396066914
10.9052936541678
4.40403319079742
6.78476550396685
6.80091329357811
6.71797121699325
4.50375955205764
9.82273318192473
10.1145004635437
5.67435176290627
8.16724476153708
9.22677424562074
8.46681089598684
9.62748628469991
10.7562412657829
10.7726849455003
8.98530818474279
7.6911207936042
9.7751182511488
8.36597419929176
11.1353026761071
5.66894930906064
3.5146049128134
4.85102847274835
7.46948349977227
8.60782885432344
4.82437722630006
8.07905908211842
8.76073416657792
4.56425931571748
6.33935709057472
8.8973785797007
11.4582994704517
11.2064778868335
3.20858273554306
8.35419904777132
8.61137738880556
3.95698267663761
10.6219159480123
9.91016307056623
10.6807987558394
5.56818342077062
10.600909473873
4.50899018557901
9.68345034935453
2.57394162057236
9.95516975908791
7.53445795671099
5.87005013095515
8.92922644146547
4.16036139486297
3.09053722856187
3.59855290368174
10.0607657245065
4.44817599557825
9.22466639924172
8.89306346980361
9.59503167597285
7.31475809506908
7.4159440707383
9.56418536114025
6.62476342923405
7.41043625215863
9.45746304633522
8.88699936261455
6.73637701648848
6.48750150825738
5.36309900328988
8.25677586352704
11.2488214060175
6.98438817141472
9.66936734235424
9.67642102770446
7.36925761578
4.55655785063871
5.34370413809584
4.64896290357268
6.11638108591723
5.21982885536251
3.30060795438312
4.60665495589215
4.6022626250333
6.85697212290043
5.23152377988421
10.9044074561159
3.02676352480643
2.61355146989753
3.69478312396869
4.3152423559749
9.31387159126007
8.51204885577585
8.86849621084801
9.03720155806856
7.11870044258787
10.2851181315314
9.09505604735986
8.92330127099137
8.5114654268561
11.4559406760602
5.65393671495819
7.10843256773114
6.63395364175868
5.64297741278479
4.55437510793638
9.1407715153996
10.082957775848
4.62966995095917
7.92859664191087
9.6714322097977
9.14715186361305
8.9961793035479
11.3684475496109
10.0950435967868
9.0068157017458
8.2279480215439
9.40199805748634
8.17512432137479
10.6618225324369
5.64020265714015
3.26325972162969
4.60369948940291
8.22868475272034
7.44908094346139
4.26929258460777
8.06738405140951
8.91328505123691
4.2410816519649
5.63389113572258
8.70676214142705
10.3415971931733
10.455532985214
3.89633886964504
8.11996956832711
7.64336602474614
3.98300074731937
10.983762749116
9.2357062111914
10.0256891272429
4.17237595042103
10.3333573076204
4.88756239219288
10.0875815270893
2.50441436973634
8.6322677502285
8.25651883192791
6.8239162730149
8.54162101925403
2.93552680266677
2.72114901938039
2.77564403972477
10.6700147200269
3.59822446486747
8.84580935025348
8.78179190508597
8.68066454405244
6.89333108592373
7.09524385194672
9.73571074631788
7.67542582350114
7.68945175271037
8.63880358620847
8.91205298300279
7.28084328164671
6.96845542511096
3.79832512524777
8.77716847558122
11.1509045489866
7.67238006159296
9.31577375937313
8.56802073740209
8.01005858790506
5.33875275598298
4.99154065082527
3.80662807393786
6.96157147109756
6.0881624112408
4.46848093762229
3.57192436217022
4.42856782073058
5.61051761278961
4.93824955926935
10.6496587709698
4.2857298145539
3.78142445313668
4.63927356720713
3.27905562653486
8.62608006275175
8.5038548895659
7.6181930831959
9.08521075648013
7.40770894415453
10.714191453834
7.84223801989881
8.03592115588926
8.21465612071225
12.0126438556429
5.2210663139418
7.11880296264253
6.19859128535857
5.54401012141936
3.87670552767382
9.0076775903411
10.4373596242876
5.15402414902091
8.04025727036214
9.8538673401615
9.39666084858721
8.98212663419386
11.2061111017893
10.5317176383331
9.24640753685159
8.58848999238849
9.38921971764724
8.32421499243361
10.6664182446407
5.31550095465136
3.23170715659668
4.45400161248025
7.66774086136483
8.0193491154163
4.14444169665056
7.71900053902057
8.2127585574797
4.21885661829069
6.24053337572586
8.39108047082073
10.6787814920095
10.3462391486954
3.60204322714685
8.34830913591179
7.4373006463285
3.652754441665
11.0374022926616
9.31358553783862
10.0395779729112
4.69642334961307
10.3360820696321
5.18038354744876
10.3307055084766
3.205430989834
9.10509676495468
8.10584249706967
6.78963843857845
9.23067660358445
2.70502084493604
3.42216563947802
3.04635324164805
10.6487101509642
4.75762077151415
9.11682215510871
8.9732944449777
8.45175293832426
6.63188879564137
6.19088661544307
9.85463195229828
6.94779094544503
7.6665873763275
8.36809438428517
8.7936668092311
7.4709451989734
6.35936793386973
4.09388131613649
8.38423353692964
10.3877351554059
7.60607122825476
9.0431281313906
8.98519545915526
7.51116178061032
5.34425411134703
4.9226508547107
4.22380279569106
6.56863653244598
5.36158559365576
4.5532378479854
3.44768387601457
4.58479882066496
6.43315276375169
5.01612888591657
11.1089484630706
4.37337357968197
3.86618136349979
4.7697685482626
3.1548151403792
8.3448601196985
8.14614592519404
7.85870538291323
8.65156817449261
7.12709940290286
10.2959586716097
8.0827503196161
8.18374808261979
7.81170058069566
12.4044211230407
5.33323664323909
7.53154824323722
6.68198808266925
5.62845696897256
3.75276864445007
8.68352217850999
9.43226489794044
5.56556162244408
8.10127467479889
10.3108419235489
8.99660545384302
8.7679928990747
11.4689979297127
10.9432551117562
8.80943660128019
7.97529213624777
9.17381165301315
8.26374637304218
10.4467934458223
5.7227137562616
2.24812731659692
4.86666574920204
7.75836664425688
7.68776558406303
4.40241506617885
8.13231495767532
8.39214694242545
4.37278761246948
5.54059463785907
9.0534811813945
10.8319279979772
10.7278833228445
2.81463182491922
8.06886468371569
7.76004237763971
4.13087416106413
11.0424130458879
9.50744614702027
9.21328693681457
4.68786054305997
11.0960525894335
4.04884478620326
10.3894821862127
2.70319375489399
9.23917971559956
8.47237698332263
6.36366940952411
8.72643657138295
3.58757657580722
2.91992840453803
3.32957947435889
10.9727150465009
4.10712016394243
8.88176377625067
9.28846998209193
9.26343807489921
7.29541601053512
7.12415633163678
9.73161529570029
6.93627187613224
7.13753657262053
9.24786516023077
9.37239662182354
7.62752386822345
6.20220525858079
4.27310207455078
9.04843827686564
10.9155500887475
7.18006179128649
9.80549735831318
9.11350143603559
8.09206525646115
5.72325299937833
4.97964268045895
4.35210877257136
7.1202772597092
6.08966321589861
4.79423961273208
3.9381584800537
3.43889280646479
6.62289000736957
5.22735407449738
10.7109438523948
3.85117234996994
4.10718312824646
4.02310680059338
3.64528974441833
9.20968424600706
8.18541498867425
8.22510504856696
9.25058560995126
7.83187471485546
10.8115217583081
8.44914998526986
8.64283312126031
7.90234486000884
11.7042004721604
4.96219785396242
6.88484251420641
6.29162412137028
6.25232458933441
4.63326890562719
8.92645244136925
9.85359244139789
5.36283140783962
7.18973359110844
9.64719778297402
8.97678677299512
8.41742950096927
11.2160764027941
10.7405248971518
8.83397998731368
8.40026764337269
8.86294544488276
7.5444479394943
9.88951758354297
5.70511564934243
2.47817273958087
4.78555406546207
8.08806210702862
7.20109066439371
4.53887743995992
8.11471685075615
8.71649568789435
3.8155117501901
5.05391971818975
9.02863099649133
11.0255234847476
10.6572881243081
3.35953664001228
8.11422305286345
7.96541353624517
3.54844451094968
11.3271754088439
9.31553602055132
9.47167144439203
4.70311079562892
10.5546438414027
4.42884782464516
9.98828658235092
2.84889366322952
9.32472156377301
7.90489398284523
6.80070275423495
9.14621573602548
2.9723776766658
3.36548927121906
3.29014503759841
10.5268505768879
4.13563021529016
9.11405228139557
9.09055355109442
9.30421164951933
7.27955569553572
7.33777256566088
9.72201536336607
7.17940613114072
7.53341585231462
9.27338848228192
9.48319220798586
7.42936208189795
6.55612425056158
4.10277883121097
8.40897832048224
11.1812987978724
7.22503425996949
9.28135481816868
9.06624258641114
8.2391146075173
4.97849717506347
5.35964571890086
4.30902383455226
6.46802014864797
6.18918392952794
4.22675661225468
3.88250418708071
3.7934384541397
6.46529760053453
5.4019460007198
10.6956935998258
4.26508847023517
3.53970012776907
4.37765244826831
3.58963545144535
8.7726934721491
8.87294678994105
8.18943477552829
9.23563896031421
7.48784555238413
10.5710533229874
8.87566684477709
8.78040330132256
8.58987666127564
12.2623967990513
4.86774044453776
6.85501329436319
6.99597590528111
5.42538467091555
4.18837403965782
9.42713418360644
10.3542741836351
4.98179443955436
7.39884445285907
9.59245191271944
9.08390077741754
8.62654036271991
11.3432498973792
10.3594879288666
8.98792668243172
8.49926442933099
9.07205630663341
7.66067365857917
10.3901993257802
5.81250567133623
2.97885448181805
4.57592374627662
8.21523560161374
7.41020152614433
4.37797921526258
8.23968706560559
8.8704423830124
3.96945844530812
5.55460146042692
8.52794925425414
10.6444865164624
10.2402772800523
3.86021838224946
7.815531599406
7.58437656795992
3.75755537270031
11.1182103734697
8.89852517629549
9.9723531866292
4.32207382734367
10.1992132861986
4.91544094203958
10.115460076936
2.55637429705416
8.94368459548775
8.01631333108028
6.94388474947814
8.97946880468652
2.55536683240999
3.07296990504371
3.14409119125291
10.5514277500438
4.2628037098753
9.26799897651361
8.70951658280916
8.80352990728215
7.08031112098823
6.92076172140506
9.74915670148669
7.32258812638394
7.62984863018232
8.77270674004475
9.10215523970061
7.22781094396491
6.69621535677457
3.68576798695514
8.08437257858414
10.8002618295872
7.72571600220667
8.86434397391284
8.68520561812588
8.09950717300045
5.04228256036079
4.97860875061559
3.92798686626702
6.26877557410046
6.02828570483059
4.17201074200008
3.38182244484354
4.29412019637689
6.08426063224927
5.23423019720043
10.8496402949438
4.15128219020021
3.48495425751449
4.50482594285344
3.08895370920817
8.27201172991192
8.37226504770388
7.80839780724304
8.85460199202896
7.07083470812828
10.7142353182306
8.49462987649184
8.39936633303731
8.08919491903848
12.4055787942945
5.0768513062884
6.97998350921262
6.61117002492767
5.0443477026303
4.02747581496048
9.30261943767435
9.86480265968079
5.35029196936132
7.43583106237952
10.1368216437988
9.05635297887494
8.43568866521973
11.3086804930294
10.6467709682131
8.44307352945856
8.21380680930292
8.64087238789749
8.83166307450373
10.4278067618993
6.14224899967468
3.10778073987515
4.82428612159391
7.89682429891955
7.43281390490782
4.72438181479136
8.53545801980361
8.05669078539408
3.69773245740022
5.94171142985002
8.75475374317009
10.7551135936511
10.7302905340032
3.09741570108069
8.49925879726018
8.10468953083736
3.63339543276425
11.0008510761709
9.26640584442285
9.81713394340998
4.73067179462275
10.8921644455161
4.51612661229714
10.0808906725863
2.75075693592798
9.47467151568146
8.24298802148853
6.77161298400918
8.6820914520068
3.1417420226699
3.26735254391753
3.66817248883625
10.6776086827333
4.30884159012217
8.72223181880696
8.57354760715949
8.82931042666463
7.09523077685185
7.12723667994351
8.6010957386839
7.11562567895649
7.1173620665024
8.81575499624084
8.68595972390691
6.7587686531971
5.61392176330205
4.70286020097949
8.01003556095457
10.8951245992477
6.88169883057748
9.51668340206423
9.25612975960539
7.77907136887507
5.30657086718057
5.18478010622215
4.49891100774653
6.00015693455155
5.80750890681387
4.41981020555407
4.35790021666226
4.2607202802336
6.49362902157852
5.5902966500835
10.2544860261785
4.38311492872297
3.73275372106846
4.65743289760728
4.06503148102689
8.96424760338621
8.61359333719429
8.59807283794611
8.96471501425846
7.61751906650618
10.831621616272
8.86359422541705
8.76833068196252
8.33052320852889
12.1578058968106
4.69451085092415
7.14381402476879
6.79184983650535
5.53476736623361
4.67307337212308
9.24141264104109
9.49105257408139
6.16583352128626
7.38787661912845
10.4761441554474
8.51726882577984
8.59043093579966
10.3196659432437
10.6506688301974
8.14417234602429
7.62141028674202
9.14148645724676
8.20486063872022
10.3317726396273
5.41936302036503
3.67877294058651
4.00117975404919
7.04591925268402
8.16345138220455
3.65844479517001
7.8952423947824
9.0376366863416
4.50958762109516
4.82083540309883
8.99185642609917
11.5483554539099
11.2848233040143
4.1125290795522
7.49788792070159
9.02842042696156
3.94240822354966
10.0815363326877
9.4527019779736
9.88972192060787
5.81360367702779
9.49571430523194
3.50712646581215
9.2284298353883
1.83721763340077
9.01149091012846
7.2885838843665
6.16916371463363
8.03351251483411
4.46341030335782
2.05395228304479
1.98792930066665
10.2071480416203
3.13536460424284
8.2116540067653
9.93013953533635
10.1215111745612
6.87263393565047
7.99999005918735
10.2183803929059
6.97722551035343
6.10134765000626
9.60091471171873
9.37001281122853
7.14085873615356
5.94198094727074
4.95318473105489
8.20840967247976
11.7698893631292
7.05504344093279
10.3781061622573
8.90146755078641
7.30845894266689
5.30061188327618
5.90234234107463
4.66557549684106
6.70800353400288
5.08700163844267
5.13049283680003
4.88486603425261
4.54736469511018
5.50688265874663
4.39345133814039
9.35476117050821
4.07682879992925
4.44343635231441
3.30735037670961
4.59199729861724
9.09072862648323
9.23786231372546
8.96720455787155
10.0130808762734
8.1042003770398
10.1804271329611
8.47463858656653
8.64260900528391
8.48994870554317
10.8472693697929
5.03252467131041
7.25235405803373
6.1760855791812
6.87583575219428
3.30656538157201
9.19887818417578
9.36146973975387
4.43535497771259
7.06588624494655
9.03565454052975
8.16780232342393
8.73686282390921
10.6375814042241
9.81304846702477
8.91034264720444
7.96410464273612
8.80768493958201
7.32353184995663
9.39748803280359
5.84921992231081
1.75654908547031
3.87210062442281
7.4602303197389
6.27361423426667
4.69686263312025
8.21521648702806
7.88568799294594
3.06591854570212
4.39405046973536
8.59008278497344
10.968236466505
9.60335908434188
2.81532441867263
7.4948163807783
7.58500583019949
2.66137212122669
10.5743002254879
8.59155724405984
8.96378123928212
4.1168347143545
9.92451164567197
3.96073820018294
9.35675127777538
3.37585307242753
9.03238532895758
8.00425724055412
7.04277056713363
8.89388917130226
2.67024709666771
3.53111603766104
3.29386829338489
9.93742602449312
3.45206596630479
8.69123134166847
8.25999318360953
8.88134298621692
7.26664522997371
6.73325853533277
9.58377688708962
6.78009520481072
6.92095101450188
8.90342878201977
9.55149623288427
6.68041384706505
6.1295491641125
4.55138949748319
8.77686858662149
10.6224644494642
6.23609085697107
9.25319848362614
8.23712619724433
7.83491316418237
5.08869635445227
4.29761186873938
3.22234379163685
6.6875637957956
5.79631096227402
3.75948089957606
3.43108912877263
3.46352948918512
5.74671575071405
4.6457790689754
10.2703492507452
3.40354175523372
3.07242441509044
4.29517301910963
3.04437061643875
8.32552396566885
8.90634089749393
8.57357551393315
8.26745488685124
6.95180875359044
9.65834432632813
8.52898644871145
7.86486964069228
8.63211314376022
11.5219121675135
4.6273335199219
6.80746904658307
6.72239460148353
6.09765980964997
4.26524754907815
9.3602838937647
9.36146973975387
4.62253133681618
6.98507816413847
8.93757872290806
8.34932516635501
8.81767090471729
10.556773323416
10.0002248261284
9.09186549013552
7.96410464273612
8.88849302039009
7.48555442122513
9.23546546153509
6.03608948254472
1.9437254445739
4.09937422506077
7.37942223893083
6.46079059337028
4.88403899222384
8.40208604726197
7.72366542167744
2.90389597443361
4.58122682883896
8.36280918433549
11.1551060267389
9.77497839200683
2.65330184740412
7.68199273988189
7.66581391100757
2.49934954995818
10.4611008906365
8.7631765517248
9.15095759838571
4.30370427458841
9.84370356486389
4.14760776041686
9.27594319696729
3.5474723800925
9.21956168806118
7.8422346692856
7.21438987479858
9.02623601959645
2.67024709666771
3.70273534532599
3.46548760104984
9.77540345322462
3.6389355265387
8.8781009019024
8.25999318360953
8.78326716859524
7.41055323344079
6.50598493469482
9.38954312530822
6.61807263354221
7.10812737360547
8.74140621075125
9.38947366161577
6.68041384706505
6.03460873273499
4.7382590577171
8.77686858662149
10.4920923081953
6.23609085697107
9.33198908018957
8.42430255634793
7.75410508337428
4.86142275381431
4.48448142897331
3.40952015074043
6.6875637957956
5.63428839100551
3.5322072989381
3.65836272941058
3.65039904941905
5.93358531094797
4.83264862920932
10.4575256098488
3.59041131546763
2.84515081445248
4.48204257934354
3.27164421707671
8.16350139440033
8.79503231154793
8.76044507416708
8.49472848748921
6.78978618232194
9.52260841976873
8.71585600894537
7.93779167047888
8.52080455781422
11.7090885266171
4.81450987902551
6.99464540568665
6.85557428752089
5.93563723838146
4.42727012034666
9.01215108010419
9.23990630781699
5.42064462529626
6.67859809315897
9.36344246313159
7.98899535729618
8.93856313648888
9.64841905055826
9.92134704845593
8.87542778026555
7.58988977984146
9.25337301148561
7.23463148936931
9.29424244110061
5.62798646504473
2.81875643348278
2.99730274754982
6.46502684513125
7.33582158227915
3.83002618635339
8.2290564505451
8.89930921396954
4.1281258937146
3.33713713202729
8.4611764847469
11.7146219685452
10.3528965445672
3.78354563671236
7.06009003142138
8.47585741409843
3.72357946923917
9.69950234861491
8.49427177995026
8.97350665001373
4.93355375807141
9.02351648267742
2.9151571339665
8.41325532842473
2.47485790943298
8.79970724267218
7.0677963035093
6.73995881972736
7.96132882234241
3.48691574190981
2.63012087466647
2.41907041651191
9.41940549657502
2.44510683750336
8.98734255756408
9.29710720167166
9.61868611152951
6.8276177389409
7.54992718057487
10.3839292504103
6.26319380831072
5.92472530755705
9.05768560828302
9.59004379503125
6.49895000978088
5.62899881332986
5.26204706177428
7.93804458571907
11.1719639284401
5.99985128120731
10.2449472510409
8.44273871540948
7.20657960108545
5.10798705216095
5.2658330867791
4.20684666146414
6.46111438396196
4.8710488535354
4.04263813344964
4.20564137615406
4.43175070722485
4.92304871869543
4.2866900595438
9.78571697084709
3.77656440151841
3.35558164896402
3.54099175643034
3.81892286382021
8.59189935363416
9.90137816424216
9.30034170120518
9.2527445344349
7.69608245676057
9.12491526341672
8.7103724455841
8.13835684286423
8.89848853172556
10.8935786044166
4.46644667326521
6.59158335942129
6.59590707035545
6.91437885336689
3.43438497828188
8.9583232801898
10.2489888026102
5.37064579102929
7.63879281487212
10.2956553234925
8.4433623688945
8.58904933456046
11.2040264949253
10.7483392803415
7.83008291947809
8.5943449885649
8.99486808849892
8.59887949511442
10.6658374478087
5.91842944433877
2.68227009193018
5.06231680750341
7.88607040958581
7.12912258403878
4.05563410511745
8.32803064575248
8.05128361336316
3.93576314330971
5.63802010898097
8.74287860250519
10.735063374915
10.8722628865357
3.37585042739423
8.22427707853024
7.62078083919792
3.49111947729992
11.1826106074277
9.36879501038007
9.27030836753245
4.75132921922263
10.7900820784285
4.29334617895661
10.3803171681082
2.50251911182048
8.76551976560353
8.54657653563714
6.47867583871023
8.75203800766611
3.70412145404829
3.01911471981001
3.16144735043086
10.9404895535459
4.16717284052163
8.47429759763135
9.11423504853265
9.19097712768323
6.79133865977136
7.34971351035213
9.07691396229904
7.15092615026151
6.86283827766117
9.17540421301479
9.19227845265996
7.48079966525103
5.73972339865404
4.7384642752164
8.67079441288654
10.9383111215742
7.01910275483095
9.14809079142058
9.08900361923786
7.91647529312854
5.5697553409251
5.00240371328566
4.33178486737899
6.73765969480822
5.90836720635801
4.52066850509823
4.35279664756325
4.07834388729711
6.35196027197799
5.30155197885152
9.82712465499603
4.20073853578651
3.83361202061261
4.47505650467079
4.05992791192789
8.79681786008679
8.85951007412525
8.37488599495324
8.87839695469901
7.63634202176108
10.6180347056134
8.6404073824242
8.5607008904083
8.57643994545984
12.2432034917586
4.69021872963081
6.86160545160547
6.85805722260064
5.63562566577776
4.70827103670766
9.69029229963927
9.78675790810114
5.01060975359728
7.0696975000267
8.27575510225092
7.72343611168415
9.60824409474297
10.4086188256987
10.1191565342674
8.98398941881358
7.43815389662683
9.81642005803941
7.30414114534176
10.6132963310047
5.47268100295243
3.01911381400065
4.1669995563775
7.43922862292784
7.67363569469305
4.91455047824323
7.85663319402766
8.88793450575528
4.19375514493791
5.24195796293765
8.9789345482168
11.4382209271604
10.2997275752192
3.69566353690975
7.67805510620905
7.84653073581083
3.72118418181363
10.7083108369494
8.85642170614996
10.0934353787094
4.40069529704709
10.0303932893
4.08395617858716
9.15344976641848
3.46803158379231
9.73663605361961
7.74445432329316
6.22271145310376
8.76652259028518
3.03297370861159
3.6232945490258
3.72553320205256
9.60402020278814
3.81488265189552
9.39053583166537
8.49909069235966
9.42920927275822
6.96707416954033
7.35447246157453
9.74581226029153
6.54857113059747
7.03893535749673
9.3555873967674
9.30439631522682
6.46247564960336
6.12971663528629
4.63654362035247
8.69166167341382
11.0055147350353
6.74450564969077
9.92730727381112
9.09187660905455
7.43939895031764
4.56110196025401
4.93561168945456
4.21592065924555
6.7155509470784
5.39912067277842
2.33242388092015
4.04423491456998
4.66131998465809
6.10758937043968
4.70694385670572
10.3522241232479
2.49705574123848
1.64536739643452
3.56981284157396
3.65751640223611
9.03976890196773
9.45370312810785
9.1570830150192
8.78851671436492
7.18972046960047
9.80623197859276
9.34779427067888
8.71145854234233
9.04419530269848
11.4420428307637
4.49485060872414
5.98766822468033
6.6865500694599
5.7421160348693
4.28020517959671
8.80389727937336
9.73021642557318
4.90068275581439
8.15828494175053
9.81263682983507
8.93118614586702
8.75961341999232
11.2837902500304
10.2783762451266
8.88641819103644
7.87155870760164
9.15552863866464
8.42067973546298
10.6887870775502
5.56926860960729
3.05996616555804
4.23540428362725
8.1137309401512
7.97817465296211
4.35623429333724
7.99645000387667
8.74913065101761
4.21714888428492
6.26873626183924
8.18743625148279
10.5330847796118
10.153716072289
3.83506779035216
7.97298574239555
7.38164635335548
3.96016850778133
10.8430447469102
9.08570153539907
9.91608849185462
4.11934361273921
10.5220311652545
4.71073144181788
10.2433794954619
2.09968152086292
9.26450594115374
8.50781803218267
6.52287046476839
8.91827138148088
3.04133173949506
2.61627712885246
3.00093281646875
10.7382973102777
4.58654205354264
8.83648822347691
8.56305752285731
9.09052674114943
7.35533381283338
6.62095636196965
10.0831053792898
7.18551208686105
7.5067509284214
9.15301657735634
9.46660442264167
7.19866445580186
6.54818490376483
3.99517008278701
8.39286066968251
10.5628186478824
7.66518967802282
8.63251641674772
8.44146096131581
7.96031146944868
5.46177563447326
4.01587245912734
3.57818073003112
6.48399934045086
5.9530040285473
4.21180438060256
3.07242034901168
3.87340951459905
6.5256594803037
4.89016557760405
11.0365098551778
3.73057150842236
3.52474789611695
4.18513911931467
2.77955161337631
8.3678692670775
7.82603017196882
7.46879880920518
8.50449225286116
7.31366536020487
10.5849117517446
7.89603596907494
7.87735612182258
7.67363766177895
11.9700080110983
5.54876609972915
7.18271372381706
5.66919397292592
5.24677431430284
4.58846414608149
8.9115261060594
10.0771597446358
4.53562636700953
8.18997034054748
10.028726105814
9.27966258303108
8.92162953138281
11.6332332232052
9.89745274207317
9.12540586766673
8.18866827309867
9.22169686870534
8.76048272565011
10.9742959339375
5.42741994239893
3.21159393499663
4.19500024322321
7.92197528205526
7.83170913313225
4.23502217212511
7.83091952676814
8.48120662057185
4.42067282816166
6.15932934497899
8.73997260232315
9.93310839902091
9.58623307181159
3.83983331298839
8.46634804762601
7.23518083352561
4.30007110875111
10.6965792270803
8.72094874952612
10.1615001067076
3.75428722393437
10.927798393333
4.99290358541326
10.3370160519538
2.31843079546843
8.85904551194486
8.50237784894803
6.60246207947486
8.13498625793817
2.86694060948412
2.53516544511248
2.82258758226729
10.8751660937111
4.00235420606936
8.84873810441436
8.42137495581695
8.76245272973013
7.00244864163186
6.68685466857694
9.87047162941924
7.52395021770741
7.7628795727388
8.7468798150617
8.99558582582253
7.02108802903248
6.77716943434633
3.52700871746066
8.59464581040632
10.6630115605314
7.560527010833
8.80101949364561
8.63569292585127
8.07022729883832
5.61203455910946
4.21860267373178
3.76823878296122
6.60904057285001
6.14780154944555
4.49666955027892
3.68061099282502
4.24033685359602
6.03898456063437
5.14903964287261
11.0279903397011
4.06488548858358
3.80961306579331
4.56230431540331
3.38774225718966
9.0581982382042
8.33332793065446
7.67152902380963
8.86954864166601
7.45053414363829
10.9421950375084
7.83930926573793
8.03299240172838
8.15631928141491
11.868541987374
5.12732633292404
7.1470209446054
5.66919397292592
5.50602724009507
4.20749150399602
9.71739114175828
9.75301744916906
4.47472508827327
7.38037201995236
9.44084867372479
8.73453338669585
8.77992853743834
10.9857026073327
9.85241857758546
9.49490355936645
7.96010751827741
9.1333336259069
7.4149105800761
10.1434882389891
6.06326423224432
2.59396700857209
3.56723282568916
7.51141571833688
7.24429852016134
4.78798375408678
8.46676381661354
8.12074637180395
3.69592661263907
5.48348773850103
8.33776596485466
10.8459904154496
9.3337277646494
3.35767074970438
7.68483735602389
7.0365995733429
3.47003383585285
10.5838287756675
8.11971955873662
9.50766163266469
3.68044705602814
10.0855423701743
4.50169488850271
9.76627082035555
3.44953080571031
9.1189499680964
8.3939249020975
7.23151949583649
8.63548104405912
1.80798218460052
3.60479377094381
3.79773866602315
10.2219631637254
4.27176242061327
9.36266026046341
8.04067198772308
8.53952887972538
6.86497404375366
6.07402744080193
9.42806820763622
6.53968319371602
7.2529245371
8.50870571248797
8.72449198826564
6.57722760589459
5.75176969333502
3.49588830048756
8.3035394013034
9.77893562276163
7.22350436282543
9.35050024700427
8.4394425396228
7.39765356024705
5.59193247597082
3.95728254379006
3.68222378776393
6.48794239681973
5.32712961519044
3.88384232250391
2.95586477730242
4.1643822317854
5.67335242106566
4.63657244925795
10.7272615869494
3.42356232019995
3.1967858380183
4.34935195938304
2.56914626496857
8.18980546133184
8.40220061680199
8.05607617186683
7.98247625194301
6.99676669983834
10.3868100905976
8.52189095988643
7.8266764181707
7.87294408722515
11.7320507234736
4.73773506334837
6.88188467902083
6.39138290273694
5.70167619172766
4.31596462964065
9.72441011131616
9.77949267794541
4.38795988836078
7.53812592632294
9.58749469937422
7.99239647704454
9.22951198107239
10.3621240552123
9.73925926840193
8.78973092162679
7.9275643201357
9.30033409674517
8.10309164680646
10.1565542826182
5.88189440066863
2.44440718681106
4.18892580555436
7.26346147850743
7.37425323903173
4.77958741564463
8.30907579493799
7.63447786178698
3.47824974839757
5.78626035498695
7.5776654861365
10.8727285956095
9.57655841672599
2.65236202033493
7.61359664977668
7.08204672811787
2.52067684674142
10.3747144825413
8.32069866088619
9.44890912601842
4.20661201136804
9.39095754625853
4.33593298286571
9.4759487734775
3.34487160630667
9.13741607447784
7.96720488413503
6.91868296414399
8.84508211913291
2.59344565225133
3.50013457154016
3.62701615338059
9.8618558052964
4.55167529549509
8.77366308944296
7.59449425936246
8.52571968136654
6.68592123345057
6.25130026463938
8.97391261198628
6.27457970911611
7.17392556538897
8.48385872352258
8.50681512402414
6.04264762587019
5.65035541973131
4.3871096446323
8.3656973769552
9.62438042024077
6.37427272288412
8.88982444809865
8.54488715736905
6.75984784565486
5.54834543256203
3.7794025140888
3.53010475176156
6.29572292334521
4.56630816779288
3.70564903405494
3.33556421281244
4.0698663011958
6.1756856361131
4.84011711632391
10.2053950140783
3.39732356160674
3.01859254956935
4.52800158346825
2.94884570047857
7.6777663018002
8.01040586424587
8.82598578401678
7.54681892052811
6.12964108305761
9.88522173578419
8.78139671879506
8.01827583402786
7.73617811051217
11.7133241399992
5.00169574847894
7.10946507852847
6.47733922968706
5.37732744625875
4.59079978774136
9.88871004242911
9.90298215900199
4.38795988836078
7.45414088072676
9.52214086328432
7.87561585103282
9.31219101207259
10.4147397096205
9.73925926840193
8.64326540179692
8.05719392359723
9.38301312774538
8.03804787352649
10.1992356828667
6.04659140329782
2.52275886009824
4.10781412181439
7.47840330711611
7.29490969876341
4.6983729251842
8.4505995593111
7.81236108742601
3.4941104027681
5.78370114074559
7.8624310450302
10.8727285956095
9.69817694759045
2.93817767559192
7.77592282397708
7.12275437145382
2.52254779693352
10.4154221258773
8.40273400517546
9.5727022100069
4.24731965470397
9.55328372045894
4.42925628060992
9.52856442788577
3.50689417757519
9.01579754361337
8.04287958057813
7.10429041324691
8.94685588829143
2.39071543764688
3.66215714280867
3.50539762251613
9.89092673680284
4.52338006237483
8.87063542755349
7.67652960365172
8.80966438643141
6.48319101884613
6.1701885808994
9.23321758417522
6.53251655802405
7.26724886313318
8.76780342858746
8.50681512402414
6.24537784047463
5.90190715698921
4.42751368503635
8.3656973769552
9.78670659444116
6.46349828594161
8.8491168047627
8.42326862650458
6.75984784565486
5.59193247597082
3.9417286882892
3.40848622089709
6.29572292334521
4.56630816779288
3.559493577035
3.61950891787731
4.22932965822295
5.85133689064419
4.55617241125903
10.1793109676172
3.4885097466375
2.87243709254939
4.6617289216165
3.23279040554344
7.84009247600061
8.37546225305072
8.54204107895191
7.54681892052812
5.96800910031711
9.89961792003132
8.49745201373018
7.73433112896298
8.10123449931702
11.9305533455712
5.05094908173524
6.99236848280324
6.80168797515599
5.1745972316543
4.30685508267649
9.34018531567726
9.56794054339008
5.37512306787221
6.3505638575859
9.40159180368887
8.13402656204175
8.61052890091582
9.79345025530384
9.87582549103189
8.54739354469249
7.73492098458702
8.92533877591255
7.29717975393717
9.62227667667369
5.74580521437859
3.14679066905586
2.9517811901258
6.6100580498768
7.00778734670609
3.78450462892935
8.2938327772972
8.57127497839647
3.80009165814155
3.66517136760035
8.44247567320082
11.6691004111211
10.3125755736268
4.11157987228543
7.06653241082692
8.43033585667439
3.39554523366613
9.65398079119089
8.45395080900984
9.3015408855868
4.88803220064739
9.05997983776395
3.24319136953957
8.54361851164516
2.45615709788689
8.75418568524815
7.21282750825486
6.77810816028467
7.95785776401564
3.45109651582332
2.61142006312039
2.37354885908786
9.45755483713232
2.59013804224895
8.65930832199099
9.25158564424762
9.59872475159291
6.82317498881248
7.51410795448838
10.0558950148372
6.40956549218924
5.59669107198397
9.0377242483464
9.54452223760721
6.49450725965245
5.3009645777568
5.22172609083387
7.89772361477866
11.1264423710161
6.32788551678041
10.2046262801005
8.39721715798545
7.21517581280388
5.16432066820506
5.22031152935507
4.1613251040401
6.46076936852025
4.86566576756316
4.08078747400695
4.16011981873002
4.75978494279792
4.87752716127139
4.24116850211975
9.45768273527403
3.83422292046933
3.39373098952133
3.59732537247446
3.77340130639615
8.54637779621013
9.8742180003504
9.25482014378113
9.20722297701086
7.65576148582016
9.27128694729522
8.66485088816006
8.09283528544019
8.85296697430152
11.0399502882951
4.13841243769212
6.71329103968655
6.59052398438321
6.86885729594286
3.39406400734146
9.50686539695057
9.5475316227945
4.41065406107478
6.97588269528296
9.40977808926114
7.77896061683128
8.83433923628111
10.5550302267698
9.70713305992652
8.0549863033542
7.95249547342411
8.82394686149348
8.31488719114546
9.80163318973808
6.45851355748113
2.42898228524835
4.08517675023128
7.78354598114588
6.71068964467645
4.88498896324286
8.85172257761005
7.7404365599617
2.81399523149047
5.48719435129127
8.32295762591137
10.7430001293892
9.8513159655152
2.94603561167219
8.0657920238751
7.60101255689762
2.81490923622394
10.5204167573628
8.55587302310019
9.31216929652316
4.11759118848366
10.330618442968
3.95427700681715
9.27420010032111
3.3864029757808
9.54924320291195
8.45358697203253
6.82949303423821
8.78681324411902
2.46263996511119
3.54166594101429
3.52239866391155
9.92143132873825
4.13972800393238
8.36830067519441
7.73205962307304
9.06730073245957
7.35363671907696
7.03727611913143
9.05841960894303
6.70368645534872
6.57256295726084
9.10791481346655
9.30865163288671
5.99719212108644
5.4975200047385
4.79893996900417
8.61879787920397
10.3648364160159
6.13953600864031
9.4728351568592
8.59242831904844
7.36224162826237
5.68808645435645
4.13604216866814
3.57764591344093
6.3861994231456
5.40200764228217
3.39243565496764
3.71528271288554
4.12060962967379
6.16710888163902
4.7402869306009
10.001628563659
3.71360960756074
2.70537917048203
4.76475178284338
3.32856420055167
8.43809824211678
8.68952331410202
8.8979103114811
8.09032813534138
6.97257582378415
9.90628432233504
8.85332124625938
8.16606813464978
8.41529556036832
11.9318747347889
4.46672902764827
6.54343144232868
6.86388591084827
5.61214777376216
4.94004879887009
9.55670802994703
9.80597774962679
4.9309627238011
7.03233938803008
8.8508787903874
7.20823154186769
9.51343057463792
9.73053305270006
9.73375527790368
8.97828759795991
7.01760715007282
9.38336180227934
6.36396106840039
10.1607549802219
4.89990359176676
2.71611986702652
3.49475616907966
6.56236940128309
7.05018198499538
4.31951817777708
7.25564570547185
8.66225574367466
3.84248629643082
4.47138821417808
8.7646100440802
11.2538468950889
9.87848793380542
3.77489520022885
7.02306202340178
8.15373033936363
3.43793987195541
10.1969557701447
8.74287214754118
9.84001918913498
4.59377221860163
9.54716719032879
3.99454885105614
8.45889035931955
2.9985086170844
9.07841465860881
7.04468645899789
6.45683494249512
8.5165447159591
3.21072173065619
3.15377158231787
2.91652383804174
8.97826908215704
2.54774340395964
9.01395111241361
8.79617964637949
9.40805476451871
7.02946348831679
7.27373316932123
10.3218717891807
5.91090278493763
6.61701417798912
9.07536461382456
9.58216260308538
6.44323210540816
6.01124683954968
4.99235312575975
8.39952413127833
11.0785191146671
6.41442054869434
9.71649250633845
8.74625165289009
7.36315880680581
4.87244954618407
4.77454937298653
3.71556294767154
6.45038205413871
5.41896650693086
3.53007446070545
4.0149483829411
4.42310027074134
5.42050214022522
4.17402471159885
10.3617211551962
3.05763918939024
2.84301797621984
3.80065474597644
3.62822987060723
8.90938321983728
9.46425082162091
9.06662164116119
8.7643231813303
7.29001858675113
8.78576512680797
9.01388538306469
8.43485469824695
9.2159723979287
10.6540250058598
4.7479376383817
5.84789826502687
6.59043816874538
6.5745973138971
3.88790309373501
