7.06024368604085
6.98506961851763
10.5420954569443
9.04024257585854
4.55801716962969
8.31645585644948
9.26807907756378
10.3023052442389
9.85396448476939
6.84693913235301
8.17832537028487
3.92195494060151
5.56647750227432
4.82085548577911
4.18927150551579
8.92923926398493
7.9767461246184
9.4096643575142
9.27153387134958
8.6894490512796
8.82079588340915
5.28093642496025
4.32157409008141
7.2902361494115
6.33634099828235
6.82724913449636
6.85809643663811
6.70985697609328
6.29287352107309
6.38965301579948
6.23888729823098
4.95801725303149
8.5765035859792
7.7338074824338
8.43668110720905
3.99687064102392
4.25914605139889
9.85092604184122
8.69046390303204
8.11628668774574
7.90340226321379
8.62612789799462
7.89413626868125
8.05374961905707
7.8512199974483
8.08200085790446
8.98509050944047
8.38461696943178
7.09836570558312
5.56682456817262
9.59146675565393
10.2827325294847
7.39917874152901
4.17229517533394
5.05622643410196
9.9105809068397
8.42181689552709
8.47114127568234
9.74591152678484
6.73120006351199
9.15373735002019
5.36651735228691
4.91016815228161
8.57202403735229
6.93069821796865
8.27783292687975
7.74186881834061
8.0351967274585
6.06963295293465
7.21049074284872
8.07816699357181
8.19157971667455
8.01256451286221
8.60784183346036
8.1564085634591
5.82984274022931
7.97941149494746
7.7019808780329
7.37089988881253
7.79328283509987
4.63086824260427
6.80861633150438
7.64655660165093
7.4220202384552
8.54660435506079
7.85951028397493
8.48661914532401
7.59401325640776
4.9879050322176
7.47377129902124
3.97170275582225
8.61635107976477
8.9829369100304
7.38176836809546
4.43191556774137
8.21018294032115
9.00442642679515
8.68019160949832
8.83509492948893
9.35810212083929
8.62601420623928
9.1095685848137
9.12115657932851
9.11546641820691
9.11752346952463
4.14393357007216
3.95719229738917
7.70007820037343
9.83949937560861
7.60463878341382
9.08811917673508
7.80044441955467
7.27354671498507
7.6381980986578
4.68424807213546
9.81517495148136
7.15657996007441
6.88156213233817
7.2814321768812
6.95743287248496
10.0410303843138
10.1322214365695
9.50442472168717
10.1970538417664
9.61449889892545
9.62330296010527
7.52398242517877
7.45178316271662
4.38280418524704
5.05029550993318
4.17046653165838
5.26544323762096
4.54486867455485
4.77568772921541
4.66204222020804
5.09068318639106
6.57340190558496
10.2198981797402
9.22376718348522
9.31400934764568
7.55207937247248
6.79933141679291
8.12272808268716
9.60287030030024
8.99524481797039
9.59283884721711
9.91268976801881
9.48552976984326
10.0654978878443
10.4706083319141
10.3776560123474
10.3633711283595
10.2999340116188
10.3496007472895
6.89887818767153
7.57090845224893
8.51652858851075
10.5235460991228
7.05653348485923
7.26492562546926
9.67722198852478
9.69735679058779
10.4676990840255
7.38373182608252
5.18668713380836
10.3422044998645
7.81303092402383
6.50952455446357
10.8271893454786
4.56954545793003
10.3284661001065
10.4518581452808
10.0581188606942
7.59513110016533
10.2763742805489
9.8207331452687
9.83455614385443
10.067241377407
10.3732120818479
10.2221624177234
7.16859961477701
10.6839845654264
9.90540592829909
9.67460486224515
10.3574341091817
6.94092632107302
10.3102692507754
10.795422829661
9.78286173237085
10.1955872332012
10.6619824280671
10.0421302759573
10.7620788000221
7.43862052313381
9.83858538720945
7.24327475754224
9.13531896407186
9.84819958845437
10.9377552296249
7.45178316271662
10.7938840183982
3.51278501719297
3.69952628987598
8.30415286559227
9.7522049849606
6.60518204178999
9.34054201287461
8.51321878491478
7.87762138020393
8.15537995567642
4.40755656117221
10.0485722841709
7.02038788829542
6.43715485214199
7.04455306977506
7.00904722695434
9.59342439692755
10.2927817734338
9.56114886252329
10.2882046372696
9.16689291153924
9.31375447124844
6.89283387229959
6.82063460983744
4.66410535542536
4.12051907873338
4.13807823959556
5.35539310883436
3.71312770216397
4.77374262812582
4.98029037263346
5.18063305760447
6.41411399838756
9.73794679480706
9.31671291917391
9.55551407544196
6.73418954691029
6.52801162043139
8.57650372952352
9.20786532812812
9.42267777792075
9.70693558231707
9.7044260685297
9.63532729612805
10.1059503929907
10.6230903146084
10.1035027236358
10.3035868747346
10.0630469525758
10.501952463484
6.92286216218653
7.37465801222356
8.12366419503127
10.3492637814267
6.43497226207664
6.6358246797477
9.11766549774937
9.24366272345981
10.5843696378729
6.82397999299729
5.20070847501124
9.77732770725281
6.8274253292287
6.05126612743869
10.1579080104924
4.88779361035547
9.80028655520122
9.88698135266905
9.30650079539953
6.81393852230958
10.2643519285255
9.50260967114646
9.39143007938206
10.0715589564917
9.73523045742886
10.256271693
6.38740703692125
10.2247583482972
9.53167450574553
9.61805084673932
10.1225721042041
6.97114980577474
10.2373753041615
10.2398640884409
9.75840088482826
9.98745505846469
10.1306744417429
10.2635443467382
10.1781765039604
7.10921260929821
9.27370859459774
6.56319879882237
9.22836972922292
10.2618825259303
10.2003064750006
6.65023326826254
10.5353116919126
3.68567514304729
3.68567514304729
8.25088309448262
9.59216222058222
6.95963908370595
9.34054201287461
8.31857309693392
7.82435160909426
8.32309572490938
4.39370541434353
10.0485722841709
6.84998654672052
6.23656243263031
7.14524010510222
6.84133145772138
9.77743567685133
10.3381121477317
9.63869727549437
10.3326242869255
9.35090419146302
9.5669436429171
6.521840111213
6.44964084875085
4.5004599181608
4.40529581022531
4.47486353725512
4.99000940318079
3.71312770216397
5.08008473481215
4.60929661154687
4.80963929651787
6.43720983380598
9.93409226830367
9.41304544326485
9.65333648612008
6.73667833118969
6.47746322589627
8.81573999620242
9.05909422495083
9.33375891591589
9.55893555336196
9.74239623803541
9.73901775954813
10.2183358666721
10.6946752019718
9.9559948385096
10.398943362332
9.86975215455213
10.5986068424333
6.90901101535785
7.46969264496261
7.98321074023421
10.5892276625793
6.73360014039726
6.92060141123963
9.07444504498825
9.59014822819
10.6804507922727
7.09577474611322
5.4910841394051
9.52559589002617
7.16803122431597
5.8645248547557
10.1699252788985
4.5004599181608
10.0720813083171
9.6352495354424
9.42825152353889
6.76339012777446
10.1115779107897
9.87336222375324
9.57817135206506
9.91878493875587
9.73523045742886
10.069530420317
6.33685864238612
10.5311004549835
9.9719005322845
9.92784073891356
9.86151064434603
6.80074846419984
10.5471651963357
10.6425387192182
10.0047774338958
9.75461233726165
10.3836476497366
9.98788421205033
10.4866685047827
7.11731144901061
9.58220059542008
6.92034141308027
9.42058768529985
10.1875267269288
10.2763156042896
6.62004219032576
10.3243260728236
4.36071618067059
4.51076020564717
7.7022907773361
9.37948749501366
7.54336414711933
9.65575429398024
8.2943331986955
7.27575929194774
8.10932256920714
5.14119927703467
10.2861933653677
7.15031906835061
6.98800326527665
6.80878622142143
7.21078647946946
10.0148443622855
10.2056733343029
9.35619653890419
10.0832523136505
9.58831287689722
9.16582639164815
7.06890434663126
6.99670508416912
4.4038541371564
4.95484882992299
3.84112977362015
4.83960901266553
4.31452450983377
4.47679416215043
4.43526242287255
4.67044789433757
6.36508842271694
10.1348037060315
9.72825772437049
9.81982200885095
7.43353685704386
6.39280555608461
8.26511311353956
9.37014714033857
9.64897119702152
9.47427788355029
9.9431076757632
9.66796150202445
10.4471179245609
10.6431462954754
10.8028973893403
10.0335390394449
10.5666106804063
10.5443923635948
7.1680229663224
8.07108945263239
8.14357562934519
10.1998483048579
6.7732803786007
6.98167251921073
9.19875668769299
9.69091694295528
10.6775851153271
7.40682766150096
5.00675039944655
10.3137339703789
7.75175628772936
6.68960991735558
10.6397332881636
4.56749957442098
10.0096516783389
10.4233876157952
10.2533365861388
6.85075478823209
10.2415090908449
9.7522594192716
10.292914937005
10.1236557422015
10.5603155200287
10.2744012237627
6.42422330284374
10.1762346202037
10.2147858500384
10.3574673293505
10.2583334968074
7.19693150457577
10.9018521633822
10.2876728844384
9.77007573910753
10.5427504176144
10.904505901114
10.2257574062837
11.1605181375203
7.5022855010516
10.1835974030898
6.87816134538733
9.76075774250931
10.3034638551245
10.8967379154095
7.12468188637416
10.9585311014711
3.88626756255897
3.88626756255897
8.30415286559227
9.98091939799957
6.84929760604601
9.52728328555762
8.30587046109275
7.87762138020393
8.32309572490938
4.59429783385522
10.2353135568538
6.92638634174357
6.55025189487147
6.97234997924791
6.80438447547428
9.85656546463359
10.1060405007508
9.78759268252291
10.4802218026021
9.43003397924528
9.42685151397791
6.53569125804168
6.46349199557955
4.88779361035547
4.419146957054
4.25117528232502
5.26700161771552
4.01296601757645
4.85639647988205
4.62314775837555
5.08663151105262
6.45106098063467
9.96439061480669
9.5034541918569
9.74225534812496
6.52684122308827
6.79115268813744
8.50724799538008
9.5446506257877
9.60941905060375
9.97007665002312
9.93086988852932
9.48553300569216
10.2559944179673
10.8531026189992
10.0461984247903
10.384942835139
9.85569862875376
10.7346503402168
7.10960343486953
7.33771102997645
8.24114973357082
10.4292320608409
6.73360014039727
6.93445255806832
9.26770952272594
9.46735097838992
10.5474226556258
7.16076529065688
5.39459380857384
9.55363945232271
7.07154089348471
5.8645248547557
10.2857523143872
4.66410535542538
9.76358930749479
9.66329309773894
9.11975952271654
6.92703556503906
10.3407517235486
9.72905349114609
9.46782987440511
10.1479587515147
9.54848918474585
10.3326714880231
6.50050407965071
10.3443591823005
9.79481557345158
9.7311478894688
10.1389120353122
6.76380148195273
10.350472346891
10.3594649224442
9.87149792755774
9.76376680353459
10.0937274594958
10.4502856194212
10.2912735466898
6.9074743409092
9.23676161235062
6.69665315815017
9.60185227458891
10.2988295081775
10.4811192869631
6.82063460983744
10.6117114869356
4.18782605481628
4.33787007979286
7.82945451293996
9.35660720564094
7.4669643520963
9.46901302129725
8.35552452734855
7.40292302755161
8.10932256920714
4.96830915118036
10.0994520926847
7.07391927332756
6.88875736937585
7.00937864093312
7.24773346171656
9.86778006460885
10.3463131584659
9.35229235588663
10.0793481306329
9.44124857922053
9.29163923729482
7.26949676614295
7.19729750368082
4.23096401130208
4.78195870406869
3.87807675586726
4.77706036447117
4.2014274671043
4.51374114439753
4.63585484238425
4.60789924614321
6.37893956954562
10.0123024624884
9.44648181894844
9.91003876220771
7.48433498611965
6.29355966018382
8.33010365808322
9.29547972312642
9.55244667769528
9.47325469629166
9.978781736211
9.78847083939669
10.4460947373023
10.5761507012659
10.6669068901621
10.094730368098
10.6264511191021
10.4555396672713
6.99513284046809
8.01300180214045
8.2160712413507
10.1150445589656
6.58653910591772
6.80878239335641
9.20527989274768
9.38242494213293
10.6194974648351
7.0983356606786
4.94420175125218
10.2289302244867
7.689207639535
6.68960991735558
10.6427130154635
4.61829770349676
10.0746422228825
10.3385838699029
10.1315858579994
6.90155291730788
10.1311420408746
9.64189236930134
10.2165151419819
10.0132886922313
10.5603155200287
10.1980014287396
6.47502143191956
10.1762346202037
10.0721541197046
10.1226195584817
9.97655759138533
7.23387848682287
10.6670043925133
10.1926382516993
9.71198808861559
10.6257988483816
10.8752209480503
10.1292328869574
10.9256703666515
7.55308363012739
10.0987936571976
6.91510832763441
9.56749326477163
10.4155377105954
10.6886062399409
7.13853303320285
10.906375652854
4.10137859052216
4.13832557276925
7.11740769627392
9.4837972800573
7.64722643989946
9.11221834574529
8.030449022426
6.69087621088556
7.84061046033314
4.8463558440655
9.82024861704154
7.06241143242393
7.06269540771828
6.71970956458532
7.23887719733119
9.93606610840457
10.0447183410507
9.21030312957242
9.90319696875012
9.50953462301626
9.26651469369523
7.51837442787587
7.44617516541373
4.2181607769615
4.67369375154369
4.29181029195659
5.03153695910602
4.60155959090562
4.89703148951362
4.88473250411715
4.85677690787611
5.99265378983903
9.94920774938306
9.23325154676806
9.49783026095413
7.54647137516957
6.78093742622669
8.02776446327378
9.48739479871286
9.02714113371223
9.66516977187808
9.79721426643144
9.32812430892508
9.95108753982227
10.4345894352241
10.3653120727469
9.97667860425877
10.3027265041368
10.3385210756855
6.87317953335324
7.76819924178014
8.41151131399623
10.1772690583909
6.5913711961222
6.70051744083145
9.50990817885234
9.16433847717294
10.4552334607672
7.28393986527082
5.2087849982058
10.3843263048927
7.75637268460869
6.60316245306146
10.7981270932482
4.79223574183915
10.169995485623
10.4939799503089
10.1002406657224
7.38893068335076
10.2822550771093
9.89691968578006
10.046461739113
10.0894621050755
10.3983764044235
10.2316467810063
6.96239919796243
10.3061352365146
10.0983871773285
10.0912743662047
10.1801771997815
7.22237064591927
10.7105988236268
10.4175735007492
9.78062525595574
10.2039266179544
10.8688955192372
10.0550010882491
10.9719163742832
7.62081895207925
10.0674484649206
7.09805598777953
9.29594157943164
9.73378924043236
10.8972545043609
7.39512492330148
10.9603816261994
3.68567514304729
3.87241641573029
8.17698912998841
9.58834400165033
6.86832310949605
9.52728328555762
8.45202745626173
7.75045764460006
8.15537995567642
4.58044668702652
10.2353135568538
7.09678768331847
6.34965947535977
6.84396065026337
6.97210024470724
9.74048869460423
10.1513708750487
9.56505304554084
10.2921088202871
9.31395720921591
9.37995263569341
6.5055001801049
6.43330091764275
4.65025420859669
4.48015047727068
4.28787253003145
5.23120048434573
3.63948347221046
4.92353691856171
4.59295668043877
5.05644043311582
6.40026285155888
9.86044803835016
9.59978671594784
9.46659521343709
6.87013269051749
6.44051624364918
8.51151318497986
9.09579147265725
9.52050018859889
9.52198857111486
9.6687520080819
9.51532950461804
10.2944859271545
10.69085698304
10.239493222814
10.2423955460816
10.0032065138799
10.5921030511594
7.09575228804084
7.4327456627155
7.86572520169466
10.4353654186708
6.80845480744266
6.99545607828502
8.92440102001167
9.7399425186259
10.6435038100255
7.13247199381965
5.4499983958886
9.67539018046206
7.07671525010605
6.05126612743869
9.96818701050953
4.65025420859669
9.73529601065756
9.7850438258783
9.61499279622188
6.57639912055079
10.1879777058128
9.79971799379972
9.65457114708811
9.99518473377893
9.92197173011185
10.1459302153401
6.14986763516245
10.4114996209802
9.86155905462456
10.040937781643
10.2186532586039
6.93420282352764
10.6602622390652
10.5229378852148
9.81778642667209
9.90440662769754
10.3467006674895
10.1746254847333
10.5997655475122
7.24515575290542
9.54525361317297
6.71299308925826
9.42058768529985
10.1505797446817
10.2216968777861
6.44964084875085
10.4007258678467
4.14393357007216
4.33067484275517
7.62618423587921
9.8367143289301
7.51332280920391
9.46160172210107
7.76349743730756
7.19965275049086
7.47048232942484
5.03870511405141
10.1696319933973
7.23297975509746
7.18140044775065
6.98015272204233
6.92048589023784
10.0040834020667
10.1158815054614
9.43078049173366
10.1578362664799
9.57755191667836
9.43631195288158
7.33724115249576
7.26504189003363
4.53259847568293
5.12515017697855
3.9834755244347
5.34184303264401
4.47122444460133
4.61913991296497
4.47530094752503
5.16708298141411
6.53645492333784
10.1462539497867
9.59724972885121
9.12726807496269
7.51513239022536
6.76238443454582
7.81850127146458
9.63956754800665
9.36872736333638
9.55589186497002
9.83904553806529
9.26184151491316
10.1416479483267
10.4667901129822
10.4907530550769
10.2078564843624
10.2629870293717
10.3430969560156
7.25333522958749
7.72070274268481
8.3990430499712
10.3696838552143
7.13138815190463
7.33978029251466
9.5271779635482
9.84715108102368
10.5955433879203
7.42042907378895
5.14560139029186
10.3052575176174
7.72171494981392
6.50952455446357
10.6254510770896
4.53259847568293
9.99168080244692
10.4149111630337
10.0581188606942
7.40814009294166
10.5231754171469
9.74708891531519
10.0976972115605
10.330382445113
10.3732120818479
10.4853034854295
6.98160860755333
10.564383731423
9.79506445063915
9.97444317765762
10.5441753818647
6.90397933882593
10.5937676350798
10.6758219956577
9.59587072514717
10.1586402509541
10.7898267319619
10.3965873178733
11.0428916119845
7.40167354088669
9.98837967764534
7.03592643372023
9.13531896407186
9.81125260620727
10.8831365031214
7.28138182114172
11.0350750995631
