5.18963944218534
4.07804001161123
4.00464025036455
4.83720950055481
3.32086183914064
4.34852402433474
4.01549869910238
5.72004634313507
4.83718482540997
3.95922022762715
3.52434844399282
4.00635522469128
3.59322168994059
3.91848806221308
4.02621763549849
2.68582113952615
4.55227550177739
3.57570762405723
3.87334029499021
4.70221559195315
5.374748445365
4.20739263494822
1.51435634494116
4.68768444131994
0.931431774924025
5.51186002166187
2.6919865421777
2.79802474609597
3.41402067549943
5.03256730814912
2.14299469118031
4.61557895642142
1.69355735938231
1.86781096183577
1.5813537528125
3.92809992143547
1.75560735526595
4.28152661646341
5.03156821529014
3.07491111219483
3.45919422383762
2.99577422023093
2.6350186434957
0
2.4507355318529
1.68860994739461
3.13696110807846
2.61882373165481
2.20552933315442
1.3813537528125
2.31278552773653
2.79307733410826
2.91569857735969
2.15138836102865
2.62498913430636
4.2970523301722
3.16645811121177
3.1589035423286
4.00331880277226
3.96130988974249
2.40172536985802
4.34720257674246
5.28911720919471
4.96271790115629
3.52856244194104
4.29545573185224
3.52302699640054
3.89992492164603
2.29109246309874
5.22211980132337
4.36245313972359
5.43735318324146
3.43819625584135
0.824175580341912
4.02068218995799
3.78307912267053
3.91775567282795
3.02590095019994
4.30137736284387
3.50619275657167
2.65334336189403
4.33036833691359
2.63932843714548
4.77734413654392
4.74182799495165
3.89431248187115
2.14167324358803
3.85825051444264
3.67287674983027
1.97931939044794
4.33288579652781
2.81402067549943
3.31335240859157
4.28020516887112
3.85007653054186
4.9255529431858
3.88216133335186
3.25798575300993
3.05798575300993
2.91569857735968
4.30137736284387
3.28184397490763
4.69470616140408
5.40584474955752
4.95706137686973
4.29705233017219
4.03469711470654
4.49980552098489
4.7886020319284
3.93935781681994
4.04023256024705
4.35363210136193
3.18217964434936
4.21994980057286
5.43735318324146
4.94234628411077
5.14348953409186
4.94422192347699
3.54475735378194
2.65782441482478
4.01951371461316
5.40584474955752
4.97573035716093
4.83720950055481
3.07491111219483
2.71335240859158
4.35691769418308
4.56353339716187
4.02621763549849
3.53086647447494
3.66574470596981
4.01115828084666
2.4137435764943
4.69867098845017
2.6702934775399
3.33900994876679
4.9255529431858
3.55520291856655
2.17858700106281
3.83787889739713
2.23454256205314
1.84611789719797
3.73274211384115
2.4507355318529
3.23791915683622
4.18844136688892
4.21837918207845
3.61589631486565
4.49543855078921
3.87126297044728
3.83542950409166
2.15138836102864
2.99172073452372
3.17092174896488
4.61927290964873
4.77021209268347
4.35691769418308
3.53274211384115
3.79509732930681
4.27538913567853
4.46175159761859
2.64683786769455
3.49504487125628
4.37167687145372
1.88965969522397
3.06277162810228
5.11267357562631
5.15083762645578
4.12697940455808
4.97030976518013
2.28433362765218
2.83702542926594
2.25756235613134
5.04567616775497
5.03730717305147
4.76212344370694
2.49109246309873
3.39650660961606
2.57978293560788
3.47101344803647
4.90873294928959
2.14620959626956
2.62498913430636
3.39217091745688
2.42498913430636
3.97078314388343
1.5813537528125
3.73794786336501
3.79971484656766
3.73705378428605
2.18208614219762
3.83787889739713
2.42498913430636
0.757178172470571
3.44916471464828
1.66691688275681
3.24916471464828
2.94160349919436
2.72482182269612
3.24916471464828
3.79134585186416
2.96717027152223
2.96717027152224
2.62498913430636
3.18216730677694
3.18216730677694
3.31616212251962
4.69512603583559
3.51616212251962
2.6919865421777
2.4919865421777
3.73794786336501
3.92363628368235
3.22590095019994
4.76049697524285
4.71848806221308
2.46872277772936
2.96584882392995
6.0462953816653
5.71989607362687
4.28574061441163
5.05263390432282
2.14167324358803
3.96692232951737
0.909738710286231
5.97929797379395
5.11963131219417
6.19453135571204
2.05684250302885
2.20552933315442
2.63932843714548
2.40172536985802
4.67493384529853
1.64454719738743
4.36837477071521
4.26337092904225
4.01951371461316
5.08754650938417
4.02068218995799
5.5345223090145
3.36047424213914
4.65149065434174
3.52302699640054
4.48242609478457
4.29705233017219
3.36067314326045
4.95706137686973
2.88101808337077
4.69470616140408
2.89885141605861
2.46872277772935
3.54419919037328
2.50080758053935
3.32498316088127
1.67663200019743
4.29705233017219
4.9255529431858
4.66319772772014
3.31335240859157
6.1630229220281
3.57570762405723
2.91569857735968
2.65334336189403
5.25698369345547
