6.641869724757
7.63652433629996
7.61286800713924
6.52604192829841
7.97048058100108
6.67170469718172
7.51779785727935
7.8563540241302
5.64753507253208
7.54032269303086
6.69352256182323
6.76705228307735
5.42382502695136
7.29387204512666
6.60678478306138
7.47410658059061
7.13362258450505
6.39543781721413
7.07907684437114
6.34873148634201
7.70677842503402
5.30688005947859
6.54171423753697
7.83676888467876
7.2644369141021
7.28664433816323
7.62460857120559
6.87987636718132
5.86603732691508
6.62516037148326
8.72591731959211
6.65419565777344
7.21002010641932
6.21778822429384
5.8980266603451
8.20930409464503
6.26828896701389
6.17434897664689
7.34846838691584
6.80893482516036
7.79529037730535
7.09306458486183
8.73979818329272
7.23888307132786
7.37755237608238
7.76142486415777
7.38806767757823
9.02771512036228
7.10446079196242
8.41858447722784
7.08194811717196
6.7906942966997
5.40700034693657
7.86085264678455
6.6552306031863
9.181341050228
9.62857283712964
6.62516037148326
9.24464347301861
7.06879102022324
7.22154470897679
5.7519600276364
7.36596141379896
6.73139063668043
7.47719896587595
6.43534753901253
7.8769800784965
7.3042378991602
9.63893869116319
6.96300835404634
7.28724851437076
7.17185065125194
7.4998816336935
7.27688266033721
7.7849245232718
7.03350229704705
7.25831008050764
6.32832375475468
7.53752849822204
6.8623338987286
5.6478600234453
8.09102823456003
6.93744980072448
6.59641892902783
7.13876278386986
7.13255813170265
7.09250948650407
6.57275956741112
5.54571264911561
6.31901335008741
7.42939673748933
7.67460325610033
6.12957593218655
7.57628345487067
6.31203063317811
6.59641892902783
7.61119411700224
12.2767951989633
10.9572844032589
11.4365386983464
10.5172392187108
9.27960217986923
10.6923131705524
15.1280644487583
10.9094000313872
11.2183334882519
9.70405286430471
10.7422839328786
9.6389317744187
9.98696899191471
9.13002096566464
10.6967893377422
9.8184818934501
9.73235633757756
10.1656526739327
9.11177375364401
15.36434823446
14.8159099522753
14.7556911018688
13.6906490850329
14.6717220825742
15.1924849019498
10.3172943573583
10.2754646945233
10.1667825958646
10.09157347757
10.0473373996198
14.9184825872064
16.0376909041141
9.42118960535349
15.423948261473
14.4284525841809
14.0280494685758
10.5120929072922
14.2105939286492
14.2002099679536
9.6301967161158
14.8399321640863
10.2470823362357
10.2637704161565
13.1030011894687
15.6138975624262
10.4772733618222
9.90495536547732
10.8472638379839
12.8434872959512
9.95043556037852
11.8907240089864
15.3000394350371
13.7202063936136
13.3425904033946
16.0804230352378
14.6109970442544
12.6688070797993
13.1013609061085
14.59065717352
12.9960977482138
15.7109947714323
14.4941717919534
9.58085729415892
10.7504947936187
15.5398183660636
15.602886098224
14.6567339133027
10.2114909323564
10.6447872687115
12.7215334233915
10.0712294618227
10.5804784692887
11.0758608258249
15.5567420017898
10.6324805383194
10.373163601629
10.5063992729261
10.6546947409011
9.49126100545287
10.3366397241546
15.6735295168343
9.31083606062433
15.8019976035211
11.275407958854
10.4520555934908
15.7020229554027
10.7493764443589
15.722362826137
13.5683624672492
13.9778934685491
13.4948180161584
15.1049497750083
10.6188288058892
13.812873032905
15.7850739677949
9.23568721321102
10.5261347898534
10.5368620002765
