17.6444610627956
17.4181275445057
16.7270378280445
16.1853411525479
16.3820974799948
16.1758059332814
16.2982555996803
16.0910519166418
16.5530487748709
17.4227942009752
16.7844027439899
16.9696509270775
16.9696509270775
17.2090909487886
16.5171164906069
16.7844027439899
16.3428984717015
17.3517123722848
17.7588728080269
17.2982610010342
17.4609732493482
17.2982610010342
17.1150166229421
17.788422291474
17.157876454435
17.0291338493136
17.1255383004644
16.8860982787532
17.9884890018267
16.8860982787532
16.6836207990273
16.6836207990273
16.5192260692581
20.5592724234356
20.454039858231
20.5245913026273
20.4802702045888
20.2803707397558
20.3764189600418
20.1997977549503
20.3174314134781
21.120629553153
20.7163620874447
20.8329227327916
21.0296235834448
20.8941770592692
20.2817860571614
20.4215872659188
20.3988010680022
20.4794211272282
20.6973081745371
20.5997739074065
20.2276305231792
20.4471339785269
20.5971593108546
20.7077427841137
20.517127443336
20.1711443914887
20.1217256293674
20.2753876377231
20.0901299852615
20.4004328857958
20.5250783519659
20.4905364826822
19.9697726589085
20.134294202137
20.2390258430821
20.5742284558043
20.1683072016696
23.2385651657363
22.504734484475
22.7391532102978
22.621985850445
22.72878509873
22.4041523557645
22.5497143789549
22.3384516340326
23.1678819064568
22.8835013565921
22.5504841898532
22.5956272427519
22.6854855468353
22.509601956193
22.3555513253474
22.7574888714701
23.1369605444282
24.4715633200897
24.3507825822639
23.9982079522969
24.5311622897285
23.9982079522969
23.672179521701
23.3189004763869
23.6469471701862
23.4805713522068
23.3698041601923
23.5954817669435
24.6239076580693
23.5460000494427
23.3995634924613
23.4034368755249
23.2753606896461
22.9168001961895
22.6901288072275
22.4297002589883
22.5099785121358
22.3972411238857
22.312615918134
22.2387138132699
22.2478698667555
22.7691752601612
22.5638230472102
22.543888741236
22.5890317941347
22.5691580341908
22.3932744435485
22.3792671161813
22.6437292096334
23.0114408815705
24.2761597928447
24.0593881428801
23.8024293764157
24.2397678503448
23.8024293764157
23.4767759944561
22.9755693316464
23.4515436429412
23.2852403334424
23.3344254673482
23.6698351381267
24.6986975826231
23.6203534206259
23.3641847996172
23.4777902467082
23.1130210151226
22.9380517452098
22.6646331512657
22.585578989403
22.0538360770748
22.1606353253598
22.098740840457
22.2443028636474
22.2373417428698
22.8366922624048
22.7788291140899
22.3348608002704
22.3800038531692
22.4698621572526
22.2939785666103
22.3745706423833
22.5319608354285
23.2364259479027
24.0117831533529
24.41218941623
23.6781533044466
24.4825104630098
23.6781533044466
23.3913798269222
23.4040841540705
23.3274629006501
23.1611595911513
23.3072046022427
23.5328822089939
24.2587467744046
23.508160620713
23.3537181563987
23.3655974467952
22.6739145009192
22.9900326084304
22.6514114034293
22.5532234733147
22.2442535057136
22.350980245518
21.8672601620961
22.0128221852865
22.1155931285362
22.6606376736803
22.5820254311329
22.3772485918217
22.4223916447204
22.5122499488038
22.3362934797366
22.3928078115012
22.5742757485548
23.2546631170205
23.9258469338758
24.4173108244388
23.7095275917975
24.3786925226792
23.7095275917975
23.4977811534551
23.4463350565632
23.4612132263939
23.2949099168951
23.2619976784485
23.4876752851996
24.2281291680151
23.4629536969188
23.3085112326044
23.320390523001
22.623999251202
22.7829348361256
22.6391242747225
22.6319869391917
22.3109691004877
22.1822859347677
22.4041447364234
22.3302426315592
22.3692719488386
22.6032856782978
22.537029084219
22.4586964577094
22.5038395106081
22.4839657506642
22.3080821600219
22.3910443468079
22.5509906501491
23.1953170458164
24.0520610890657
24.1273874360098
23.6498598208131
24.115396454664
23.6498598208131
23.3634613919251
23.0755908400307
23.2996169741335
23.1333136646347
23.4049695511223
23.7403792219008
24.5365211286344
23.6908975044
23.4347288833913
23.5483343304822
23.0136632794811
22.9249706113195
22.4350044736545
22.2865601604304
22.1998239960972
22.0871591163275
21.9898214077358
21.9159193028717
21.8951983062743
22.9439125239784
22.3505977255081
22.1520553762094
22.1971984291081
22.1773246691642
22.0014410785219
22.3297812795449
22.260399265203
23.0023169293524
23.5959541014331
23.9862923769645
23.3682956798724
23.9436544599073
23.3682956798724
23.0765802106395
23.4480204639547
23.0466033540714
22.8803000445726
23.0554723176856
23.3908819884641
24.1980315862376
23.3750762796113
23.1019858718416
23.2325131056935
22.8383110147544
22.1334121675651
21.928117612608
22.5968457013754
22.8104456432277
22.697780763458
21.8587608241356
21.7848587192714
22.4927482275536
22.769411373842
22.141223890603
22.4478030068835
22.5140175019327
22.4941437419888
22.3181872729216
22.2977511915456
22.5323981795507
22.973547758073
22.9817724019284
23.6651236848675
22.6779898883513
23.2202311446005
22.6779898883513
22.280256453196
23.4109954191499
22.1997546811389
22.4163861006056
23.1229127996639
23.4584708784417
24.3641533653881
23.408989160941
23.1528205399322
23.2664259870232
22.8705861236915
22.362935687012
22.2560547814927
22.6152704912253
22.7189899610509
22.7160571453086
21.7673051419588
21.803135101122
22.4012196669519
22.7837222019633
22.2915116864963
22.2074027631831
22.2736172582323
22.473207626343
22.2972511572758
22.2767429336269
22.5114620639049
23.0479837038716
23.6547739384326
24.1780529307904
23.3500915867805
23.7335355357063
23.3500915867805
22.9532579897002
23.3898004881196
22.8718563795681
23.0884877990348
23.1019045417452
23.2179984924683
24.1236809794147
23.1685167749676
23.1318122820135
23.0259536010498
22.5656593474382
22.0438215961431
22.3995141676319
23.1420720780101
23.2583377893482
23.2554778520308
22.3690536823155
22.4048836414787
22.8379900046214
22.7917113644847
22.1515278907918
22.5372153029589
22.5823583558576
22.7819487239683
22.6059922549011
22.4795088026966
22.8521885689185
23.5124940884793
24.1259792231249
24.4834750011924
23.6860976226795
23.978634913019
23.6860976226795
23.739402317047
23.3968117158087
23.5549319640206
23.4083632613851
23.4812688497664
23.5973628004896
24.4935383987205
23.5478810829888
23.5111765900347
23.405317909071
23.1461473107182
21.5109283490525
22.2366813077738
22.6979221563615
23.0612740667785
22.9298208355201
22.0551917570325
21.9812896521684
22.8543207725601
22.7146681907916
22.3946794396355
22.4626319832374
22.5288464782866
22.5089727183427
22.3330891277004
22.1908216769272
22.5473000343296
23.2401449392246
23.7256011661298
23.851116942002
23.6197799359374
23.7017797921202
23.6197799359374
23.1601530398989
23.2368454048579
23.2090472776846
23.3282023373643
22.8445327272802
23.1799423980587
24.215089956997
23.130460680558
22.8742920595492
22.9878975066402
22.8128538126196
22.4581391772723
22.3322027738566
23.1376235745108
23.110983530407
23.1080507146646
22.0740491815297
22.1098791406929
22.6692521965392
22.4295254031997
22.1812711697413
22.5745741367959
22.6407886318451
22.8403789999558
22.6644225308886
22.5834256696051
22.8786334375177
23.2604832555748
24.0448272753701
24.0728851327994
23.3636132371966
23.7122287148172
23.3636132371966
23.3449694982764
22.9641214101486
23.1977336894183
23.0343184460286
23.3053766509073
23.4213221936311
24.3744839050669
23.3717675977055
23.3351359831763
23.229131171624
23.1889038902198
22.5232174460143
22.423597618454
22.6673120442886
22.896190139579
22.7647369083206
21.6691362488792
21.595234144015
22.4901699271454
22.6725548785224
21.6682453815465
22.8612956331307
22.9275101281799
22.907636368236
22.7317527775937
22.5597018622223
22.9459636842229
23.3718600334314
23.6898424068468
23.833637576528
23.1646049131369
23.5884059898167
23.1646049131369
23.1955156538513
23.2435737303984
23.0292156271973
22.8657278753271
23.3280796757914
23.6634893465699
24.6265128106917
23.6140076290692
23.3578390080604
23.4714444551514
23.2580403272235
22.3095999830854
22.6130969838267
22.9629367438676
22.9275275803069
22.9156634623669
21.8366712913449
21.872501250508
22.4503610947731
22.8937123862303
21.8701741312217
22.3735136956201
22.4397281906693
22.63931855878
22.4633620897128
22.2810095818607
22.677572996342
23.4220207905888
24.1392345662615
24.483868143046
23.4215409889431
24.0533327615486
23.4215409889431
23.4416133050116
23.5812449582105
23.2571429519852
23.103473309169
23.1277049233431
23.2440980231837
24.1431483352949
23.194616305683
23.1579118127289
23.0521267615207
22.6566420578092
22.5230906047176
21.6051068811545
22.9409669665822
22.9142770103252
22.9112716861024
22.4757006731939
22.5115306323571
22.5053367763698
23.2057288397958
22.4001793824427
22.568349409003
22.6134924619017
22.8130828300124
22.6371263609452
22.3256008208815
22.8844924669417
23.0426922252391
23.1520728416877
24.0003932911231
23.4552253775207
23.9331224483624
23.4552253775207
22.4875706833343
23.3387838011597
22.9782620012307
22.8410564896626
23.3083147662015
23.4247078660422
24.5823572822456
23.4199734285934
23.3552758774743
23.2774102546756
23.5546978804404
22.488831703574
21.8978717356851
22.8996290931594
22.8535413707887
22.8505360465658
22.4265675867588
22.4623975459219
22.4637795047813
23.0620844392021
22.394862814683
22.6151753831057
22.6603184360044
22.8599088041151
22.6839523350479
22.3817681416263
22.9317659981613
22.8799177834778
23.0538887465721
23.7461883394664
23.3570412824051
23.6789174967057
23.3570412824051
22.3893865882188
23.2748770752506
22.8800779061151
22.742872394547
23.4351608981262
23.5515539979668
24.7094941955123
23.546819560518
23.4821220093989
23.4043300163557
23.5609472346548
22.3613302418412
21.7641515631138
22.8731759838453
22.8270882614746
22.8173920615632
22.3855518584289
22.4213818175921
22.4306355197787
22.964085416459
22.3345236474187
22.5583053386305
22.6034483915292
22.8030387596399
22.6270097820922
22.3390063152179
22.8743758880887
22.8196514946384
23.0125720378331
23.6238106374159
23.315724573666
23.5566123031356
23.315724573666
22.3480698794797
23.1842714309562
22.838761197376
22.7015556858079
23.29539598948
23.4117890893207
24.5698021652912
23.4069813997081
23.342283848589
23.2644182257904
23.4273029616024
22.7416806226292
21.7827554761227
22.7891760509518
22.7650999633426
22.7620946391198
22.3098575698674
22.3456875290306
22.3536202574785
23.3514774096944
22.5282284271298
22.4534263642779
22.4985694171766
22.6981597852873
22.522276194645
22.2658278087112
22.7701631099221
22.7771312233104
23.291563043884
24.052237898537
23.594715579717
23.9849670557762
23.594715579717
22.6270608855307
23.6173896473916
23.117752203427
22.9805466918589
23.4446923433398
23.560786294063
24.7186612296284
23.5560518566142
23.4913543054951
23.4134886826964
23.6046345677546
22.1773962868052
22.0473556640204
23.0161274627386
23.0907387833024
23.0877334590796
22.6753997570732
22.7112297162364
22.7181396844192
23.3455469897689
23.1098915352266
22.2856789198662
22.3308219727649
22.5304123408757
22.3545287502334
22.2998594592911
22.5925110190516
23.092154970778
23.5395659348661
24.3595383041758
23.8312755979408
24.1685124418954
23.8312755979408
22.8871916501549
23.6505130806773
23.3818180199409
23.2591857044296
23.2794037928676
23.3953493355914
24.2184132679816
23.3793227579719
23.3258440948598
23.2367595840541
23.0045289700699
22.7378255108992
22.1980216867583
22.4830749991762
22.8272481355582
22.7145107473081
22.2087884119475
22.1348863070834
22.6175296753714
23.4022949336527
22.5484020092362
22.7023198005894
22.7474628534881
22.7275890935442
22.5517055029019
22.5573540214636
22.7896877717201
23.1346558628784
23.0553125243135
24.1386144392236
23.4202782222461
23.7903695393204
23.4202782222461
22.5021431042391
23.9672405425691
22.9827089903764
22.8764456289844
23.4522499578988
23.7878080366766
24.5634324237887
23.7720023278237
23.498911920054
23.6294391539059
23.1499095143371
22.2140513112698
21.8940105171669
22.264585169342
22.4581967035827
22.3293106377725
21.9097914999581
21.8358893950939
22.4401010149562
22.8022721649496
22.2201293093438
22.5075828894388
22.573797384488
22.5539236245441
22.3779671554769
22.3054759332325
22.592178062106
22.8563757378637
22.7326139244814
23.7132576293891
23.1803541035076
23.9052846310594
23.1803541035076
22.2126994093213
23.4636494546042
22.7033907272176
22.5661852156495
23.3600795740305
23.6956376528083
24.500794548685
23.6798319439555
23.4067415361858
23.5372687700377
23.2091670932794
22.2187711478991
22.2156270367651
22.5387699344712
22.7424227678449
22.6109695365865
22.0087007401252
21.9347986352611
22.6196459054466
22.6249266176352
22.655394637982
22.515373859441
22.5815883544902
22.5617145945463
22.385758125479
22.4153030877072
22.5999690321082
22.7989666534579
23.1249427586623
23.9487052026105
23.4225020682532
24.0957519719397
23.4225020682532
22.4339577772249
23.1702582619231
22.9455386919632
22.8083331803951
23.2320121686118
23.5675702473896
24.4066822726215
23.5517645385368
23.2786741307671
23.409201364619
23.173422308373
22.7205584192613
22.0159144745773
22.5535058049776
22.8250746981953
22.7123373099452
22.2346623263198
22.1607602214557
22.4438853639059
23.4197059473094
22.5311349175983
22.6727973709188
22.7179404238175
22.6980666638735
22.5221830732313
22.5278315917929
22.7601653420495
23.1051334332078
22.9753911002021
24.109092009553
23.2381710100651
23.8003064192923
23.2381710100651
22.381557172955
23.7851333303881
22.8136141416325
22.7277331088069
23.5124411815581
23.8479992603359
24.623623647448
23.8321935514831
23.5591031437133
23.6896303775653
23.2101007379964
22.0697233244529
22.3794508995782
22.8184863310543
22.9437799463196
22.8310425580695
22.0965151863729
22.0226130815088
22.6665276079919
22.6232203910611
22.5649755599079
22.790579099077
22.8357221519757
22.8158483920318
22.6399648013896
22.5612891037007
22.8779470702078
23.3030702948172
23.7630299129415
24.1482699557053
23.4796404304129
24.0757579636529
23.4796404304129
23.2343981664313
23.2800187173911
23.3239119690099
22.9733768255008
23.1737779945144
23.5091876652928
24.5765561813726
23.4597059477921
23.2035373267834
23.3171427738743
23.0112692969754
22.6963950700308
22.1031951765262
22.9745002346052
23.0997968709644
22.9872048696197
22.2590767797606
22.1851746748964
22.8226899195421
22.7626732520764
22.3740956485329
23.0134976747657
23.0586407276645
23.0387669677205
22.8628833770783
22.9015154948835
23.1008656458965
23.4890340703887
23.3605594560347
23.7615052248014
23.0905466859903
23.688993232749
23.0905466859903
22.8438229111884
23.2449005856851
22.9345369504346
22.5840018069256
23.5953254382221
23.9307351090006
24.998249755669
23.8812533914999
23.6250847704911
23.7386902175821
23.4852326009054
22.9249047028907
22.0942183471176
23.1054160490177
23.2357416305822
23.1230767508125
22.4735030507937
22.3996009459296
22.8050388651422
23.0086769606774
22.6567812617692
23.3897124013316
23.4348554542303
23.4149816942864
23.2390981036441
23.0917173187528
23.4820065937713
23.6538929282286
23.4949336330956
24.0905734840232
23.2215841418296
24.0721253790428
23.2215841418296
22.9316248034566
23.4314790162648
23.0226201168556
22.6720849733465
23.4300612400598
23.7654709108383
24.9613475852712
23.7159891933376
23.4598205723289
23.5734260194198
23.6034047108428
22.4116777736875
21.8879480341681
22.862267528503
22.9011607172512
22.7795645352838
22.2840094585444
22.2051080040254
22.4723224347588
22.7191874392613
22.2503187934365
22.9569416202718
23.0020846731706
22.9822109132267
22.8062544441594
22.6423258944733
23.0540681072728
23.5192742859676
23.7684350514422
24.0118748160353
23.2576231025692
23.9717580680466
23.2576231025692
23.0308165780536
23.1285149466009
23.1005685119774
22.7501058769489
23.3414117668262
23.6768214376047
24.8403419039327
23.627339720104
23.3711710990952
23.4847765461862
23.5771843164333
22.804391865254
22.0390609030957
22.6765313719545
22.8194352242321
22.9074461210284
22.2582648659654
22.4038268891559
22.5168249863376
22.9400883802055
22.5360985467835
23.2558545505327
23.3009976034314
23.3908559075148
23.2149723168725
22.9724652551225
23.4654270829574
23.6800793170087
23.5940913453458
23.9538409747297
23.5505849240307
23.858872349358
23.5505849240307
23.2889328582347
23.1406962139848
23.3586847921585
23.0082950355549
23.5140781024663
23.7397557092174
25.0114407622329
23.6902739917167
23.5438374347353
23.5477108177989
23.3927367336931
22.521789808896
21.9767473551017
23.0606254684062
22.6437877249642
22.731653234855
22.1619254982946
22.3074875214851
22.1922548060424
22.4116229681006
22.6340068752776
22.8971380700228
22.9422811229216
23.032139427005
22.8561829579377
22.2982196310874
23.0991643264898
22.9038953180264
24.0270637803854
24.1590421126955
23.4724857345444
24.086813754582
23.4724857345444
23.2793701738612
22.6739072764961
23.3232936704018
23.0154665946224
23.5569953406757
23.7826729474269
24.9524823863809
23.7331912299262
23.5867546729447
23.5906280560084
23.193551009564
21.2384293684526
21.8732718144066
23.4327343913234
23.2464866387258
23.1173441808006
22.2324281560148
22.1497416541724
22.9844000210027
22.6664378575971
22.148796975651
22.4199139602572
22.4224214539068
22.4025476939629
22.2189724404575
22.24986857942
22.4645734937139
23.480075506338
23.9381936107566
24.1698362804911
23.4133251997654
24.2807166513429
23.4133251997654
23.3645082059438
23.3231738231698
23.0844267792036
23.220500888118
23.2850284106338
23.620885638529
24.4995066348264
23.5961640502482
23.3319162697428
23.4846043435892
23.0371720853334
21.7469162722569
21.6722216959895
23.4516087723688
23.2458881207664
23.1256044565585
22.2512296586353
22.1773275537711
23.0032015236232
22.4638261152611
22.1991223990687
22.4324439083523
22.4350242804268
22.4151505204829
22.2315752669774
22.3627327088565
22.4773224508225
23.1043359965919
23.9211545530003
23.8105383626123
23.4095170976434
23.9212722252836
23.4095170976434
23.347541656668
22.8394746000776
23.0674602299277
23.2034618303616
23.6049678841244
23.9403775549029
24.8192171902694
23.915655966622
23.6514081861166
23.8232738842278
23.2208810669357
21.9416408668126
22.07476293324
22.7656225804174
22.9709428565837
22.858350855239
22.6240892175797
22.5501871127155
23.0670024323886
23.1376075688534
22.5825573427396
22.5527876856448
22.5979307385435
22.5780569785996
22.4021733879574
22.280335812491
22.6502110607548
23.3619374673617
23.4552822158148
24.3061664745329
23.7995342335274
24.3551042036783
23.7995342335274
22.8853340831902
23.6019153040468
23.2873085426431
23.190462141149
23.7555413442346
24.0910994230124
24.851506891893
24.07544447168
23.8022033063899
23.9328812977622
23.6761251287601
22.0937305977639
21.8303320298663
22.0511101610732
22.2562805342263
22.1346843522589
21.8941996238247
21.8202975189605
22.3431905425031
22.510223529377
21.9378357576662
22.3871115334298
22.4322545863286
22.4123808263846
22.2364243573174
22.2442318176356
22.4840880543066
23.036553166995
22.9287667022432
23.6607645019524
23.28639543244
23.7097022310979
23.28639543244
22.3587460611381
23.3407341647921
22.7726882307353
22.6773233400615
23.3153968336282
23.6508065044067
24.4111407211235
23.6348546649652
23.3618371356204
23.4922182388837
23.107955125852
22.2925057028674
21.7666981985597
23.3605075928393
23.2009511368778
23.3001316007246
21.9950653366655
22.140627359856
22.8285991632384
22.1888439817637
22.1998952742033
22.7043114115922
22.7278903473923
22.8177486514757
22.6341733979702
22.6184969023734
22.8561492196262
23.1424853483316
23.7408446610403
23.6538229769725
23.1767039263022
23.6152417930857
23.1767039263022
23.0797297020384
22.9102304627946
22.7999109638326
22.9190660235122
23.6542918576963
23.8799694644474
24.7860886314897
23.8304148685218
23.6840511899653
23.7304865101699
23.3762020023032
22.7446666995096
22.1723387450805
23.1999986483353
22.8967660267739
23.0034927665784
22.4317368398636
22.5772988630541
22.9445776759407
22.8508214785784
22.6711416850973
22.6157659225487
22.6819804175979
22.7718387216813
22.5958822526141
22.6108663421893
22.8100931592432
23.1313895008939
23.6982871420027
23.8380453083255
23.6327931435438
23.8201477892634
23.6327931435438
22.7995539944543
23.2157462666711
23.1846944155368
23.1575094335137
23.7866280233649
24.0123056301161
24.8676426561848
23.9933149294145
23.8330683253572
23.850678503333
23.4584384221511
22.4434869310311
22.3597241507526
23.127530816342
23.242564561592
23.2395592373692
22.8711475174057
22.9069774765688
22.9672717438972
23.2146966677678
23.0895510693178
22.3408607801162
22.386003833015
22.5855942011257
22.4097106104834
22.4701303173823
22.6526191006106
23.1386440522852
23.8469884175284
24.2552109719871
24.2693928042544
24.0255895463193
24.2693928042544
23.4083222019065
23.5579622313055
23.8102966613594
23.7133777513848
23.4687865079637
23.5847320506876
24.5975325586545
23.5676773480582
23.5153000621197
23.4251141741404
23.4635306822486
22.4044732191153
22.4892928419005
23.1765372559517
22.7955559002781
22.9022826400826
22.529685612393
22.6752476355835
22.8156938869206
23.1596651698065
22.7914080053467
22.4792950310923
22.5455095261415
22.6353678302249
22.4595574917464
22.2890828930817
22.6737683983755
23.1043340939389
23.6976495033906
23.9865645617855
23.7451372342751
24.0543944833521
23.7451372342751
22.7251269240168
23.5700520531651
23.2021094083128
23.0928595742778
23.7661137274693
23.9919397422198
24.7994967224
23.9762847908873
23.8127756896245
23.8337216169696
23.3865328148542
