7.83096002486723
5.35933730680186
5.62513109974765
8.61335579233129
7.6644321669956
7.80172832098133
9.39432895242937
8.61847772676501
8.2276577971915
8.39077164071675
6.59158829106455
8.66100632301679
6.202522164717
7.26368969073302
7.00233460693649
7.02288535172235
7.24619282464539
7.45919724072947
8.1418061810317
8.02584599554478
7.13115812726748
6.6554807699484
6.90611970430104
7.05021168712752
7.94006960098253
8.346086467242
7.22849341275062
7.18164951361407
7.40726442200487
6.55717111688981
6.93454476159049
6.8718451865203
7.59535838261036
7.86599044195409
7.37288675197767
8.31052873373336
6.64911415380168
7.72073389106806
7.18149568609182
6.24833423762698
6.81646479931922
7.15414248725114
7.68311782282962
5.72837475351979
7.98103075413496
5.14175995468291
7.03886051585034
6.7927486510174
5.68732759162612
6.99756173498994
6.53046258795735
7.86171583811562
8.82501488548793
6.85449642830578
7.45027557310812
7.85266543415612
7.76033553872847
7.79283573206069
8.4938382267048
7.40656399965237
6.71118679545447
6.43371957380762
5.15736650430331
7.07569819658596
7.48758479320463
6.70885818700773
6.12105693124493
6.2206204890625
6.19862266608359
5.68249456995326
8.38602940154509
6.52760462457591
8.73424528338695
6.19487121456631
9.24801506224704
7.61099717085877
6.9818398962408
5.1635677375173
7.98743628803217
7.77576169989592
8.67419765907926
7.56665897651521
8.54500174758252
8.65933678650553
7.83044527870425
8.79779211110515
7.76999633420134
8.62539892763786
8.55572689534729
4.80692536800104
7.82677849444728
6.84738615478147
2.66523509717501
6.15886033657359
5.96107869404513
5.3631119812209
4.72589515634306
4.13092245289192
5.06530305832142
4.26966046054233
5.25459161768237
4.93271045896974
7.06920634032785
6.55335147595291
5.75105640369006
6.52233543027918
5.78592249020379
2.95039368404867
5.18331135959038
5.0508796641024
6.97963675454201
6.69947743531688
4.95680481069157
4.63947012064313
5.43864161763972
6.6922564935158
6.62831533273455
6.46838283665707
7.43815601840794
7.12351188361541
4.27702922158787
6.25744031534852
6.01506955310253
4.55512952694477
2.16090429326822
6.72692261295541
5.04687410373979
7.27328829624548
7.23600420241798
5.45278302269516
3.86723544656814
7.19982576739385
4.34098958195146
4.03947548955393
5.75882362591904
6.57207821063523
5.32836408117466
4.46180495842228
3.05467604548862
5.54602657443942
7.58137681439921
3.95599606585505
6.10707700567801
10.320498699249
4.81570455864511
3.06653804773958
5.12624401799827
3.47043439855283
5.06095315613184
5.20916609555329
5.63804269133198
5.06975562652477
11.6056593979517
5.61276521714557
5.48226497636885
8.37629940628597
6.49821113167403
5.36068215584727
5.67077538285366
4.64982340726272
7.61929105683235
5.80939973488803
5.46823802528478
6.11516713298352
6.76661381379705
7.4771216856397
6.99151394590767
6.5070809034096
7.01283622605045
4.92106535558612
7.41835682615868
5.97524088115266
2.1892835489928
6.81587585961058
6.33818497521047
5.30136090709831
4.0045753040738
4.61706820366101
4.74414878616995
3.10626263336042
4.96930373923081
5.52391806071715
6.36831417515049
6.02370498836292
5.31571234915552
6.26388523084159
4.83712377021831
3.17938547688082
3.79248097049283
4.96157273696177
6.36388923107705
6.30782365962496
4.12286080707508
4.64792401528278
6.19356142761362
6.05665196049742
6.11998519652431
5.8626868216619
6.92171988962607
6.6294578790957
3.6480029715734
5.57354084003638
5.50005310816904
3.52150100557665
1.74206235558179
6.0451523004686
4.0618554338507
6.73945879046347
7.41535916871584
4.91132384306923
3.35994392800219
6.97046706552604
4.29957238550271
3.9249715040551
4.55576006844775
5.86442722627999
5.01427213926529
4.09692317348609
2.0433661060241
5.47014937299922
7.28852254807973
3.30431558038299
5.61875053046937
9.44986151560072
5.66460981775779
3.11310191922408
3.65443937408447
3.05667514834021
5.21896989587115
3.51628607735197
4.43388415478746
3.86654581861347
10.5411085000331
4.98379769732712
5.00438165659641
7.69489830575644
5.20826576490273
4.02275625110678
4.29448502166305
4.98992397033579
7.78661349867823
6.14117755561974
4.18158127512021
6.3353303233319
6.22272876123112
6.62870032573808
7.43814144458153
6.79790822724215
6.9459382600718
4.77092273292629
7.68835253893673
6.2093853198062
3.44013939710605
6.01374766513359
7.44145024468222
6.91320993769672
5.78975780133813
5.37320260121366
5.75654882495735
3.37201381128752
5.33758259446592
4.66284204046301
7.346307575516
5.53324514482711
5.41139080077416
5.13897989056561
6.80489032424781
1.73700001415509
4.94707921595138
5.17645481239218
6.41553548000271
5.36557995108453
5.65574801872537
3.62143964662909
5.11296297667438
7.39085390284551
6.49906006623564
7.9460818455232
7.30993317573964
7.944655925861
3.04114640935564
7.37909789905081
7.43954443989287
3.89534960322852
3.08739026947259
7.28008457904009
4.44997332588109
7.12878784192254
6.38296605921084
5.75214551451532
2.46100427948527
7.3519581041465
3.78190040619762
5.14078345688047
6.47428589492272
7.44487106230214
5.05607668134462
4.25423290737189
4.02553144456574
5.67764166706565
7.1057365405883
6.04251454054444
5.64624333991676
10.1760318089684
5.81589153781553
3.57151075690239
3.81484380670848
4.14782601056206
4.91211327147798
5.59603870401317
5.79770450456128
4.64424015454537
11.4181726627754
5.46277391334847
6.58492952333702
6.78923824128923
6.32898194348083
6.3669182482644
6.33410390742235
3.93780147487283
5.64512342787074
6.3239372564214
5.20190670754785
6.39258228282425
7.03776268122213
8.87270944873021
6.65461570167881
8.10393732087223
8.02338334591807
5.54343793448145
7.57981607371273
6.51248806556541
4.18753055636612
5.75850222012056
7.69134927540584
7.84177206005463
4.85528183653752
5.67050872670259
5.31909116364113
3.80802362362737
5.30044938982125
6.45862430554473
5.43533059626395
5.88081865979186
5.26471709227981
7.71135640367157
6.87335671209176
4.72513282926683
5.24421308135494
5.15261998545473
7.1444730117367
6.72953180345053
5.05238146557459
3.84924472485705
5.61334248845775
6.4285995459711
8.61418316869656
6.20489833931811
6.79139288979628
7.41881017209002
3.19184958927642
6.04473183693732
7.16990127651584
5.02117028080399
3.57752872550168
5.52956604836616
5.03831040129675
5.76831137179404
6.65611259285525
6.21559446904862
4.06485132620561
6.73445746354699
5.44594073177051
4.04218385900211
5.51823609090859
6.43207512832311
6.88691542788843
6.0723851007086
4.97955488947623
5.6428255654796
6.47658231054562
4.62418617253109
6.16549386693977
10.6052572982525
6.13777300608191
5.14205108948678
2.5901044549315
4.76462154138876
7.13640957757045
5.4613719151987
3.89346571702441
4.59625622484617
10.9757851683269
5.78467621159594
3.96410233694088
7.59418642006347
5.36420370292554
5.18424638867531
5.24381654672223
5.56858657160202
7.96298799329985
5.74483350560384
5.09670484702765
7.09448542942893
5.56925724920782
7.29600374806269
7.45299098087603
8.32389729188239
8.00421236885921
3.72526788176893
6.66021896654613
6.67945820489641
1.37982839679237
6.01493042941406
7.14327110523007
5.54085052183318
4.45140925718142
4.55841779769381
5.0554807385037
4.73524673090982
4.85158290028653
5.78837417275489
6.59570382737495
5.82809797156946
5.96411591108541
5.47970059725804
6.30521093781444
4.06519030604013
5.78520486001801
4.55840018188997
7.05428878904664
5.35168117356859
4.45559571377982
4.07364071204716
5.69122351549846
6.41831028235754
6.72092635338359
7.2190510623701
7.86921273246533
7.57643390224307
3.32932390935609
5.93757106757618
6.18899867915115
4.53310702543052
3.13018221333811
7.27054715831554
5.01951487999747
6.660940527444
5.97544257192687
5.04192834811732
2.88840694704613
6.80751894620228
3.96068399584084
3.36556327930955
5.60110626533757
6.04444857565927
4.35864511993674
3.74967272130472
4.02439604150154
5.98387338597642
6.72817272258531
5.35908763818249
5.12267429489189
11.0277837402973
5.8257453236194
2.52581242475857
4.72302654399125
4.04391507053255
5.19168749994278
4.51041102353329
5.27775011443075
5.05296010349591
11.6957445963002
5.10730108353265
4.88654134813589
7.83180206895223
6.09660002804019
5.7298372677804
6.28661517346683
3.58191991584856
7.72300584391358
6.7180048515054
5.57869030132523
6.18795771575751
7.44812361907805
8.08022105852334
6.26972263940424
7.97029604318371
7.02205857036607
4.83423624122493
8.33244843046878
7.13460636091753
3.18505898280795
7.42364443899891
6.02870205455303
5.34988516133615
3.47367635077136
4.19397936537266
5.24779506941329
3.77389058607891
3.64887351537002
6.28980607102902
7.19864937294169
7.04308746341708
6.17582865325695
7.65506266152692
4.46088946177672
4.33528344260144
5.29414360529762
4.81951587825758
6.96469125817325
6.80737565303568
3.76035817560404
5.49978892548899
5.40089113906894
6.70813433143022
7.26675759850973
5.48585338285291
7.64996552496004
7.46783889900758
4.51539372468959
4.86338875240524
6.24587492769251
4.79800501589545
3.13006332059781
5.33879504215658
5.36063327560578
6.6465990816245
7.39108973882287
4.5273924401492
4.46573163904573
6.67256807479092
5.35479596464158
3.33625519757366
5.53472479411445
7.01631307173997
6.18785757295361
5.31940670990496
3.62376329132928
6.19942409818816
6.59137074293027
3.28825844054179
6.4042145148311
10.6128028403616
5.00838837385594
4.32516867033085
4.7102034055805
4.67220482435474
6.82844554782781
5.40252842989125
5.10530713819048
5.82608982200416
11.3095595414425
6.45543008649504
5.36620995984326
8.87640675940056
6.16291238398273
5.76848433209214
4.88694998873927
5.74287527978059
9.21533879139383
5.19360830714268
5.60925951699723
6.64565645661497
6.03957261259212
6.49478449068945
8.35625954437654
7.85776634680144
6.74985124914581
5.67112587389233
7.09869565853986
6.39170231908724
3.356702460682
6.7518071487364
7.85108162889026
7.91375359515909
5.5850020570936
6.58798641635082
5.34021611740979
2.47927267401005
7.13406812335003
5.45012505207497
6.31057434428555
6.38602399246721
5.67035297335936
7.03378895396866
7.22665399718512
3.27409534433545
3.54790124717716
6.59752356391545
8.22840423908414
7.36193260504223
5.80753657852612
4.77034253929532
7.09917482198765
6.65838312639735
6.96584485321524
6.79400530605935
7.51088266229915
7.68727063577626
4.04059627696603
7.01251013171925
6.74795021920646
4.1119559698482
4.53003526752201
6.44440281012948
3.69937755715863
7.35450534664916
7.73071405206859
7.2354769641925
3.36477221184155
8.02415383794769
5.08878028979954
4.95264089522735
4.64462988658131
6.28290838530331
6.07638065746291
5.1723990274204
4.4473100570699
4.80239793547877
7.95555451645565
4.43441791819479
6.88171835153725
9.37572314768857
6.53945005879896
3.81281087214965
3.54021863572057
3.79115226176318
6.9661672321392
4.66799584411004
4.913554127083
3.86652792589091
9.67766666379259
5.47961573718075
4.25090144005824
6.77990596602679
5.48455959091761
4.6386929908418
5.18530851971745
5.43305645808358
6.9524528622261
7.67584075527205
5.63240698860601
7.48108703660642
6.3861689781652
7.3449850648967
7.04321737593381
8.05218056505475
7.8829462821848
4.97972968687382
7.27913993758396
6.08658665079759
1.97136398029946
6.03196031415695
6.96228867260046
6.01499373832885
3.89415801544105
5.31309400817983
4.010329834241
3.3039855800309
4.79024492829412
5.6289017940225
5.75462494456731
6.29296421809907
5.72939153492521
6.21498860328879
5.37796568804417
3.31138063492349
4.72438746556514
4.10523769701808
6.43552772426265
6.51793014566134
4.56335073831699
4.88163750194347
6.17107424900829
5.35267203235446
6.59780862986085
6.18479612143479
7.4791453096046
6.88006048538291
3.89623194575191
4.75001841813853
5.87648804416501
4.10796253659741
2.49710102098863
5.21970029127973
4.44842254373671
6.58362664598371
7.39950240801208
5.70369756639032
2.50955786231267
7.05408580120491
4.65321585147329
3.93767848799729
4.98918642296453
6.6396259604622
6.00056019125638
4.82280458602578
3.83209132054543
5.02887781209446
6.93895335820052
4.0188502076667
5.71960874122661
9.23052658255969
5.3498858409842
3.61238394256085
4.64588642025063
3.93641215662454
6.30329216219055
4.65512200085954
4.21443345717336
5.43058695993243
10.7484708656373
6.1574934576738
4.99924364142152
7.46498818222025
5.52991918864012
5.11771272007685
4.93313327644689
4.77170074910683
7.53849223355587
6.44643025458988
5.03805677680034
5.41683026058911
5.40871354649614
7.04120058822464
7.3254436185622
7.58115117564307
7.34288244313966
6.27167073854654
7.34812288474301
5.65702162685201
2.90259507948178
7.22610313865675
8.09859585786941
7.30500306554934
4.86610586712183
6.6630558635744
4.62820579169621
3.0108435181175
6.06537124270485
5.51791123499935
6.05223543088518
7.27483339703927
5.04590321648534
5.95610834365736
6.68933203900395
2.86201409441627
3.5072359778435
5.32697051436077
7.31733440878987
7.18101532641381
5.85610758579062
5.91341591230503
7.43652399464242
6.10730264626556
6.47608910309571
6.45296637290539
8.12812017956159
7.19828249619057
4.85658178468492
5.6860200258248
6.09882109014996
3.74335210036168
3.42972485253657
6.41465434231104
3.4868752970334
7.47267507347631
8.29260046383995
7.0500387980905
2.23145492581516
8.12987506786073
4.5360404377756
5.30087298383798
5.66145701965817
6.86195900644714
5.85188039655682
4.82357020210228
4.60849067349955
5.15449296760158
8.03173384072419
4.81833367024955
6.544576594315
8.37027991393453
6.48619302625315
3.61446185958895
4.65334014342223
4.62659259818204
6.90231021525504
4.74195934772796
3.89317560868771
5.26523112159609
10.0297747255108
6.71296876064469
4.92485489100849
6.86237331862353
5.57917153303401
5.20455006694526
5.72170255736737
4.661204394497
7.33390035141854
7.54009944221149
5.77648643365983
6.57880737553888
6.67659238805211
7.3897611279645
7.71243401992945
8.21349597796973
8.54402383725918
