14.2068675895825
12.5230943698963
13.1014231293832
12.0293915054059
12.482703634947
13.5479059184878
15.2919674752528
13.5030049619658
12.5431137532408
12.7307797066753
12.1869917696067
11.7773733737397
12.3399797288719
13.6297744812689
14.1733713376232
13.7852257711791
13.4313913167277
14.7550977118649
14.5038004117831
14.7404938254658
12.7882628115873
12.7828638445155
14.3622744921928
14.5715684690056
14.4656012042182
12.7709570552814
13.1289888123838
14.3072546036188
12.9552611182528
13.1202497291938
15.0057511019058
13.0253765491475
13.5275745316343
13.0891674579923
12.4183216580515
13.6713513861384
12.7443722639696
13.6213986347251
15.1404046115649
13.7886680211839
16.1587473004076
15.4074167306749
14.8208395381232
15.3811066612297
13.0903866588475
13.0495903657966
14.803988515203
12.5317086883423
12.1600576218547
14.168332225339
14.3229601684471
13.0792089575489
14.9615448771805
14.6675212947559
14.5058521688127
13.9542305632595
15.1833470955899
12.8216017772256
14.5216110018614
12.4304234659456
14.2414727298463
12.6441180513152
13.7625083287429
7.68624886518886
7.18797115404835
8.73905447676437
8.05756674279959
7.64782966947237
7.48018352427919
4.96365732731281
6.63850340210434
8.80591635083037
7.99354622793225
9.73612232922148
9.28730549570489
7.3461274318387
7.21384815164622
5.63737373508859
6.6029131890834
9.44837777248176
8.31464378463112
5.6604494630019
5.76899513136039
8.79162627296144
9.17409548940526
7.59390318872444
5.11494328712972
6.59298732546666
8.93167019745569
7.63788553686383
5.13828647934992
8.74164510130241
7.99013568741643
6.69548251787117
9.18233153579764
6.93355405404173
7.62942985236268
8.3325590633696
7.62284720966981
7.15227571607635
7.86710229132153
7.63518548740324
6.54602754475849
6.24665733744337
6.98197040100921
5.15104015176939
6.40670243860696
7.76431855587398
8.24306149946291
5.72372369598705
8.18037285779197
7.94611510983968
6.53959727300768
6.28714595134933
7.06672958829747
4.88827815563221
6.80480066406739
6.17762464083792
7.82703807182791
5.77924876405463
7.34210766933294
5.59931852480643
6.96720992013805
7.92598041644421
5.52546156885025
8.80253514656537
7.17810039266261
6.89268602318005
7.27309418419838
5.63433809076349
5.1345616458057
8.41162379117866
7.64195417600791
9.31950975826329
8.80699330338684
7.08608780543649
7.48367321427873
4.72721120929832
6.71611732366993
9.57027531608093
7.56410548217712
5.49025327581293
5.37623229873979
7.46529569121454
8.87267712734386
7.35238246819736
4.71999362377534
5.98975256998827
8.2227310328796
8.0499963687481
5.8946423693818
8.43723743271421
8.09461236620554
7.30350595359562
8.83758236464678
6.67839032593218
7.09709187845518
7.34239674751251
6.94068053345159
7.90181175246298
8.03190093502102
7.81985771759778
6.33556152414653
6.25940189647427
6.9605897096333
4.4708033301546
6.83027955040971
8.12903672889149
8.07107692049741
5.8452080891192
7.71112742576029
6.25319551913859
4.85068791566972
4.80085423956799
7.30635982285406
5.38360680812721
6.87850706151248
5.71548789029544
6.72871287372491
6.06933797153678
8.22944049627161
6.5234603085604
6.66521229238955
7.66719807482919
7.01827064811351
8.06960100612724
7.33568588160431
6.71740550206685
6.70719309841423
4.96460448611182
6.37259148637018
8.65803332093768
8.16949978984954
9.51581674125872
9.01044893458607
6.88503453276708
6.8290325346639
5.68066282236694
6.22885129381177
9.21798927714829
7.48285696478451
5.24641138604922
5.38745752192428
8.1640418597533
9.15504469904558
6.70189911745285
4.47067211594286
5.94174390321793
8.55013258801957
7.66869532166231
5.44036875530756
8.85457636411257
7.5919113200016
6.60114374456079
9.08420826476925
6.84853955580581
7.54473352670708
8.01553758296573
6.92765149120999
7.05793694276598
8.22379950328676
6.72879963115367
6.62047118006217
6.35898503741514
6.83126263029544
5.0399005558525
6.27887608471136
8.38839493919463
8.04647553638031
6.12851163045818
7.71744362374088
7.79387591081816
6.31371519081704
5.90560834191322
7.65956485903702
5.37676017048283
7.04236681099277
5.79608703140179
7.44550046239181
4.97280026702388
8.12573878234838
6.38379583989739
6.74494383620856
