34.148124503867
34.1402559454846
33.496038240741
32.930398119024
33.3350573488802
33.2168325638981
32.6857590927879
32.3769084201681
32.622129544305
31.9485067218124
34.328778437608
33.7426731979286
34.2556226616889
31.8158404804073
30.7018692797718
31.7430359807039
30.6686226431453
33.3836214607825
33.9440733845775
33.5122254502246
32.920067663989
33.7461465421895
33.5528616604395
33.5752213296389
32.6284574855588
32.5556529858553
32.4112220561432
32.221718295022
34.3719543022857
34.7356513207129
34.8576419323232
34.8224339998346
34.48120778269
34.7662184429415
34.5939175275618
33.6961781316572
33.367500901182
33.3041674563905
33.7537010448318
32.9249789328829
33.3816717145451
33.1952335756416
32.8165345905872
34.3986603534733
34.5969168651502
35.1726187638107
34.1132244035854
35.3972472035271
35.6166730597023
34.3168120027093
35.3298397597156
34.7781945107299
35.0417794987209
35.4042182446703
35.2806570994791
33.7726276527537
34.9125949372676
34.7630945526012
35.0965042727247
34.7274149437739
35.3213148924709
34.7230896215966
34.4523296112876
31.402699306977
31.7321970504414
32.2843973613513
32.4670968659474
31.0441240534742
32.0005270613147
32.3428827138846
31.3587052134399
31.8407953135775
31.714736812197
32.4218857227952
32.8809732058888
32.5086637223544
31.6652394778636
31.6400066381212
31.3265849963944
31.695287785293
30.2957464755639
30.155393851298
30.4729703883037
31.1470535996201
30.5268873122902
31.4524562912084
31.7911107726776
30.0668732605485
29.7282187790793
30.0226710363397
30.6876603143474
23.9300234539843
22.7616312467034
23.0600840258536
30.295565232556
31.3335303534945
32.5651273460213
32.1567613797209
32.8868979595182
32.241120021488
31.822885223688
31.5793686487077
31.2476118931718
31.1555088810689
31.7568290967536
32.944347167841
31.8436070963129
30.7212644207064
30.7929242904812
30.404749494059
30.6996674087361
30.2413122940786
30.0762845606032
30.4296897159531
31.7015745729436
30.515306433871
30.7512133889601
31.0898678704293
29.4653064526866
29.1626206686293
29.855925162233
30.1931725904762
24.1207540818011
24.5130107288767
24.7918779990907
31.0960185034912
31.4255162469557
32.8302531413003
33.0399400529486
31.5899798334232
32.5463828412637
32.7060638969156
31.6657537861173
32.0864002134385
31.9655437543198
32.6504504257559
33.1085925199093
32.7372284253152
31.5460709027013
31.5221412925228
31.2074164212321
31.5083990524232
31.0213509968594
30.8745275432397
31.1985749095992
31.8725382907682
31.2523720034383
31.590847679115
31.9295021605842
30.1834384597699
29.8447839783007
30.1513003739607
30.9706447285081
24.8802807729236
23.7118885656427
24.0134647255133
31.1540298106784
31.475765170124
32.3297389192646
32.5394258309129
31.0894656113875
32.0458686192281
32.4152116788501
31.0324766516376
31.453839800105
31.3322666198401
32.1890471770942
32.6471892712476
32.2758251766535
31.672794527326
31.6475616875836
31.3341400458568
31.6351226770479
30.5567177205911
30.4098942669714
30.7339416333309
31.4079050144999
30.78773872717
31.1869649484517
31.5256194299208
29.9397398290697
29.6010853476005
29.9076017432604
30.6363589852539
24.5614477419138
23.3930555346329
23.6915083137831
29.5714956191882
30.6094607401267
31.6050063833211
31.1966404170206
31.987700910391
31.2809990587878
30.9675175542104
30.3193753249075
30.0112125149243
29.8903560558056
30.9916537475867
32.1791718186742
31.078431747146
29.789877428968
29.8661275642064
29.4512229474988
29.8225725657868
28.9701263362741
28.8355255664329
29.1473502490139
30.4500267598969
29.2745474397007
30.5780448010745
30.9166992825437
28.7923157870605
28.4536613055913
29.146965799195
28.9132372756653
23.143902995218
23.4563533162927
23.7983456171652
30.6141095539951
29.6258564430189
30.9746437056327
32.1576295956856
32.1776612256194
30.3410627344107
31.8656525403366
29.3128956489463
31.0718344744902
30.8736944281982
32.0917708293608
31.3039517799414
32.0314594004084
30.7745082969113
29.6814386051179
30.520089051415
30.7318463575767
29.9806048610801
29.7575187644766
30.0077364883018
29.6922779048899
28.7054210518637
31.6262781751471
31.8806974206434
29.7675112513144
29.5130920058181
28.2299048536713
29.9070951173328
24.1754880187479
24.4081183607499
24.6346248648761
30.5786458842203
29.5842647838016
30.647097589121
31.8383974687565
31.833790372134
29.9971918809253
31.7745209781518
29.1603595756684
30.9793670926253
30.776686678013
32.2827666615892
31.4949476121698
32.211721262431
30.489930226899
29.4064939820379
30.2355109814027
30.3267547452545
29.4682861157037
29.2129341139982
29.4957067104069
29.1802481269949
28.1624278122472
31.6462973450436
31.9007165905399
29.6373480244696
29.3829287789733
28.1479442453372
29.4649925810478
24.4562299882958
24.6847531346046
24.9169145774131
29.5609862142331
30.5989513351716
31.3361429542151
30.9277769879146
31.7117914528686
31.0121356296818
30.8781904453758
30.1813485687954
29.8724570912163
29.7523292996935
31.2786994400169
32.4662175111044
31.3654774395762
29.8329279546193
29.9091780898576
29.4942734731501
29.8907185973052
28.4395138899132
28.2842956128482
28.616737802653
29.9095856251886
28.723317486116
30.6552236707221
30.9938781521912
28.7802551930793
28.4416007116101
29.1349052052138
28.834332985461
23.4298918238069
23.7423421448816
24.0843344457541
30.5781438816705
30.1238923208291
31.011348462837
31.8523553215068
31.9254382697642
30.4881666836425
31.8819136713286
29.6834141755995
30.8799778438831
30.7486787047354
32.3450458571699
31.8603917692217
32.3860730990223
30.79480303598
29.2336659591103
30.5235066916782
30.7834476371841
29.4154807310311
29.2592311618667
29.546953886064
28.5651654257331
28.4880348709706
31.7016596596384
31.9729560039402
29.7238857027168
29.452589358415
28.633811638028
29.7944201625074
24.4787270915075
24.6360149666802
24.9269321928096
31.0280886808257
29.9683406203579
30.9209575032654
32.4556717692738
32.4317440400712
30.7373087393648
32.243627692539
29.1818992227197
31.2000331636554
31.0165216886328
32.1701483905957
31.0481947664169
32.1749146373583
31.1931487762968
30.0861319924653
30.9387295308005
31.0654811719321
30.34993186432
30.1656906024342
30.4521226512725
30.0349352079142
28.9569629194536
31.7398012511129
31.9942204966092
29.8135998363296
29.5591805908333
28.5536456822614
29.8874973205878
24.69981551482
24.9293470520143
25.1347331571578
30.9069777149427
29.9272251857934
30.9784570513216
32.1614429413745
32.1927945627354
30.3561960715266
31.8377533463533
29.2415924817955
31.0312918691874
30.845514496047
32.2640638267391
31.4711558518812
32.1513931447647
31.0628376551323
29.9794014102711
30.808418409636
31.0146636718596
30.0619022013361
29.8080979426197
30.0855535957757
29.7700950123638
28.7545305433439
31.7191810887197
31.973600334216
30.0100740380384
29.7556547925421
28.5918613645189
29.920267218177
24.2940049377257
24.548754498343
24.7531417838539
30.9094374504767
30.4690635314092
31.4352639978847
32.3480419280043
32.3493538048119
30.9120822186902
32.1612374572798
29.8564531994604
31.0204229716093
30.9147475570893
32.0514971602467
31.5617474645228
32.0925244020991
31.0913746447533
29.5340087940489
30.8200783004515
30.9637070403886
30.2382592609804
30.0833003671749
30.3697324160133
29.3901740313644
29.3130434766019
31.6211500207639
31.8924463650657
29.7118257047861
29.4405293604843
28.7778139123654
29.7688460902388
24.580423265404
24.8099548025982
25.0812350326541
30.8489568452739
31.1784545887384
32.1059988270042
32.2425419386757
30.8669054013111
31.8233084091517
32.1227371291576
30.8033664120746
31.2832449754856
31.1601266784276
32.199839618839
32.657981293612
32.2866176183983
31.2435356005162
31.2183027607738
30.904881119047
31.2427382812303
29.9427949189476
29.8158623044326
30.1200188316873
30.7948558395172
30.1746895521872
31.5922364524357
31.9308909339049
29.8161120376222
29.4774575561531
29.783973951813
30.1560378928554
24.3821002027842
23.1997739864835
23.5168049742462
29.9840569073359
31.0220220282744
31.8278342672782
31.4194683009777
32.1774197823407
31.5038269427449
31.1843517160568
30.8910906252048
30.5851896531608
30.4620713561028
31.4701347294161
32.6576528005036
31.5569127289754
30.3186672398763
30.3949173751147
29.9800127584071
30.346336498508
28.7155931057393
28.5809923358981
28.8928170184791
30.1932700461859
29.0200142091659
31.1378764466281
31.4765309280973
29.2140099385374
28.8753554570682
29.5686599506719
29.328045194506
23.3954705207712
23.7877271678468
24.0665944380608
31.378602236756
31.7080999802205
32.8524266765604
33.0278672128859
31.6121533686833
32.5685563765239
32.6052695242714
31.5944942397621
32.0724835999481
31.9486485817438
32.474579488316
32.9336696452216
32.5613574878752
31.7742547843971
31.7389244040964
31.4356003029279
31.7132993786147
30.7122953954837
30.6272297764057
30.8895193082235
31.5689644231837
30.9647638680744
31.3880201649922
31.7266746464614
29.8779472324687
29.5392927509995
29.8458091466595
30.7828829972122
24.3482026703266
23.1798104630457
23.4858719440319
29.5329597879314
30.5709249088699
31.4672289278906
31.0588629615901
31.8518305347626
31.1432216033573
30.8438667340833
30.4097683327659
30.103867360722
29.9807490636639
31.0066351630267
32.1941532341142
31.093413162586
29.7246016818228
29.8008518170612
29.3859472003537
29.7186382741054
28.7854379112055
28.6508371413643
28.9626618239453
30.2631148516521
29.0898590146321
30.5192425801554
30.8578970616246
28.5946948028853
28.2560403214161
28.9493448150198
28.6598271934883
23.3456860071575
23.6624405503893
24.0081140746514
31.7395592726191
32.0683283484877
32.9414117595973
33.1168522959228
31.7011384517201
32.6575414595607
32.6942546073083
31.9044641677397
32.3914454198659
32.2653869184854
32.936672026815
33.4170100133558
33.0234500263743
31.9852201429615
31.9491745484358
31.6465656614923
31.9916405646458
30.2082117157268
30.0903549111528
30.3854356284665
31.0624590441054
30.4422927567756
31.7718808999083
32.1105353813775
30.4367471162669
30.0980926347978
30.4046090304577
31.1501682533865
23.7396507389865
22.5712585317056
22.8742774541223
31.8306314009995
32.160129144464
33.1308842543416
33.3009519392147
31.8906109464644
32.847013954305
32.8783542506002
32.1048827588984
32.5918640110245
32.465805509644
32.9171608929302
33.3717867381258
33.0039388924895
32.2172660478231
32.1819356675223
31.8786115663539
32.1885214271267
30.5943749809011
30.4872926929874
30.7715988936408
31.451044008601
30.8468434534918
31.8260453022743
32.1646997837435
30.4761895577083
30.1375350762391
30.4440514718991
31.2571842668971
24.3064155562659
23.138023348985
23.4413142255373
29.521612723284
30.5595778442225
31.4485262898657
31.0401603235653
31.8331278967377
31.1245189653324
30.8050437386443
30.4744443958168
30.1685434237728
30.0454251267148
30.99810507422
32.1856231453075
31.0848830737793
29.9679991399304
30.0442492751687
29.6293446584612
29.9620357322129
28.9107200348625
28.7761192650213
29.0879439476022
30.3883969753091
29.2151411382891
30.6533228742007
30.9919773556699
28.6873512453389
28.3486967638698
29.0420012574734
28.9460870883011
23.630025352269
23.9482747110812
24.2924534197629
32.0475513255902
32.3756036803126
33.0275551749122
33.213818562673
31.787281867035
32.7436848748756
32.8632186314975
32.1990445602145
32.6796398447717
32.5558048265675
32.8321332499773
33.2927774410834
32.9189112495366
32.0905778531307
32.0781352403835
31.7519233716615
32.094102647578
30.9994208973802
30.8739876000585
31.17664481012
31.8537046478927
31.2335383605628
31.6332201573043
31.9718746387734
30.57571747825
30.2370629967808
30.5286001786362
31.3327703386698
24.3921485178701
23.2237563105891
23.5253324704598
32.3653633057671
31.1340047957683
32.1424607290609
33.432022681511
33.4341149304416
31.7382342409932
33.0836462335117
31.1005789907921
32.9623996259669
32.7781714297981
33.1353975222568
32.2533120502823
33.1401637690195
32.3231668204597
31.2301195714744
32.0687475749634
32.312306766416
31.2958903701252
31.1116491082394
31.4002329283869
30.9830819071624
29.7455082384482
31.9356595121151
32.1900787576114
30.809294222454
30.5548749769577
29.5489399990122
31.6352096934806
24.7146716728228
24.942105573046
25.1464928585569
31.245652665913
32.2836177868515
32.7624293796332
32.3540634133327
33.1470309865052
32.4384220550999
32.0034634821572
32.1070586667534
31.7988958567701
31.6780393976514
31.9410140179277
33.1285320890152
32.027792017487
31.2772583685671
31.3535085038054
30.9386038870979
31.3178035949936
30.2224786512031
30.0574509177277
30.4008315758369
31.6827409300681
30.4964727909954
30.8000842904328
31.138738771902
29.8686873467261
29.5300328652569
30.2233373588606
30.5552982006378
23.6326218267475
24.0248784738232
24.3037457440372
32.1088513523477
32.4369037070701
33.0888552016696
33.2751185894305
31.8485818937925
32.804984901633
32.924518658255
32.260344586972
32.7409398715292
32.6171048533249
32.8934332767348
33.3540774678409
32.9802112762941
32.1518778798881
32.139435267141
31.813223398419
32.1554026743355
31.0894644973734
30.9595932748136
31.2666884101132
31.9407716214296
31.3206053340997
31.6945201840617
32.0331746655309
30.6370175050075
30.2983630235383
30.5899002053937
31.3940703654272
24.4578609314258
23.2894687241449
23.5910448840156
31.2347315930594
32.272696713998
33.0189108830683
32.6105449167679
33.4035124899403
32.694903558535
32.2599449855924
32.2325234504791
31.9236319729
31.8035041813771
31.9581763561023
33.1456944271897
32.0449543556616
31.5225465404224
31.5987966756607
31.1838920589532
31.5283367284428
30.624337146067
30.4593094125916
30.8057865273045
32.084599424932
30.8983312858594
30.887462698159
31.2261171796282
29.9903119507723
29.6516574693031
30.3449619629068
30.7477140191974
24.3774785549493
24.769735202025
25.048602472239
30.2855736370461
30.6037951342628
31.8205513004107
31.9581480894515
30.5802779925335
31.5366810003741
31.7290252266413
29.7352602192282
30.1712817015657
30.0497085213008
31.8585934843622
32.3286235322955
31.9453714839215
30.7091829458908
30.7073928905341
30.3705284644216
30.6729329768757
29.3359286880895
29.2171135880714
29.5131526008293
30.1901760164682
29.5700097291383
31.3648429345453
31.7034974160145
29.6793651248469
29.3407106433777
29.5132028075756
29.5940179685932
23.8695737790202
22.6427111621092
23.0009865254059
30.5119207458225
30.8414184892869
32.3255341099727
32.5352210216209
31.0852608020955
32.0416638099361
32.1126233330064
31.1323180875197
31.5428263608036
31.4189913425994
32.0822732887899
32.5404153829433
32.1690512883492
31.3803980258083
31.3786079704517
31.0417435443392
31.3499749310727
29.8065784724686
29.6780487185432
29.9838023852084
30.6577657663774
30.0375994790475
31.5478087645645
31.8864632460337
29.8010502536022
29.462395772133
29.768912167793
30.5375386654382
23.6133478982729
22.4310216819722
22.7465318508627
29.9394676429947
30.9774327639332
32.2494322329097
31.8410662666092
32.6027756847211
31.9254249083764
31.4184685779947
31.3655446928656
31.0573818828823
30.9365254237636
31.3498722556058
32.5373903266933
31.4366502551651
30.7854176450252
30.8616677802636
30.4467631635561
30.7945205082673
29.2669025763613
29.1018748428858
29.4572011096836
30.7271648552263
29.5408967161536
30.8310349093052
31.1696893907744
29.3033546161443
28.9719308073908
29.6652353009945
29.9525051009607
22.8669922084546
23.2622593762512
23.5426014468598
31.0031952488289
31.3326929922933
32.642557263761
32.7876789287379
31.4022839558838
32.3586869637244
32.3650812401234
31.7041727950746
32.1833226908897
32.0602043938317
32.4452731877126
32.9104952198428
32.5320511872719
31.6595243184567
31.629340944698
31.3208698369876
31.6283019474344
30.5301574136269
30.4057972724883
30.7073813263667
31.3822183341965
30.7620520468666
31.7350323272656
32.0736868087348
29.8803623798739
29.5417078984047
29.8482242940646
30.6728884861827
24.4861133114636
23.3177211041827
23.6192972640534
30.0032752838835
31.041240404822
32.3551401340394
31.9519336692021
32.6756075179723
32.0534241439487
31.5464678135671
31.5137114941337
31.2048200165546
31.0846922250317
31.4764018045153
32.6639198756028
31.5631798040746
30.8110402501677
30.8827001199424
30.4958285530842
30.7956327655366
29.9341151984818
29.7690874650064
30.1221847612731
31.3943774773468
30.2081093382742
30.7963430825119
31.1349975639811
29.3114315525909
29.0365888422381
29.73744646038
30.0405872469713
23.7265866203411
24.1188432674167
24.3977105376308
30.7473607566873
31.0768585001517
32.5861894656295
32.699809333871
31.3459161577524
32.2964755567704
32.2772116452565
31.5498509948119
32.0026956697356
31.8788606515314
32.3076366907552
32.7717974295396
32.3944146903144
31.6078320662503
31.6060420108937
31.2691775847812
31.5792899476339
30.1179046318332
29.9893748779078
30.2951285445729
30.969091925742
30.3489256384121
31.7899420525675
32.1285965340367
29.9898069767929
29.6511524953237
29.9576688909837
30.8017931140434
23.9524099866731
22.7840177793922
23.0878174224391
31.8135523098545
30.5836391885978
31.6812598170678
32.9491262728485
33.0011056527603
31.3052249633119
32.6611898627487
30.6089794091739
32.4640316355848
32.279803439416
32.787969588777
31.9073650651163
32.7927358355397
31.8498689707349
30.7624055555674
31.5954497252385
31.8341370992097
30.9613841330193
30.7771428711335
31.0687033177372
30.6485756700564
29.4088155935331
31.6277762078455
31.8821954533419
30.4261120160264
30.17169277053
29.1661578619581
31.0698228996161
24.5562816621619
24.7845104794863
24.9888977649972
31.7334148721698
30.503501750913
31.8470550967796
33.1722973355693
33.1387092981603
31.4428286087119
32.8843609254694
30.4030960197032
32.190667159212
32.0064389630432
32.7426788092318
31.848751379728
32.7474450559945
31.9210746481199
30.8386799565251
31.6666554026235
31.8690179493506
30.4227310570394
30.2384897951536
30.5394404637025
30.1191929858743
28.8694087210399
31.6238087736764
31.8782280191727
30.501590795309
30.2471715498126
29.2416366412407
31.0733687752851
24.1717606228204
24.3999894401448
24.6043767256557
