12.0369887261312
13.2602171395967
12.5279861111967
12.4156326355378
13.2303442218293
11.843727327117
12.4657353799319
12.1027463961613
13.9312755658465
12.6187191007168
12.0033590345653
12.1277408716617
12.5060753376182
13.2223849597434
13.8705475604627
12.2515427580689
12.3509301196649
13.9699349220587
13.5831831030385
14.2822188651188
14.2326952224942
12.5107651395019
15.0302960744457
12.7496091999322
12.1928319093415
12.9089055248864
12.6898361681188
12.8861438178745
13.1667796269128
13.2673662090562
13.9997930762527
13.2608698698112
13.4864195094146
13.1496610649717
14.4953069137726
14.3941350540242
14.2745726950508
14.7848503350733
14.7244258170746
14.3153263097796
13.446497761529
14.2872533618395
13.1194718031138
14.2086182442845
13.6709472030259
13.1918817430953
15.0926394347024
14.4309409553663
14.9906610905701
12.7280803230561
12.679221442389
13.5394867774875
12.6074477220802
12.8195591384915
14.0744970331766
13.990084155974
13.3988643890673
12.4777560987502
15.1629315767577
13.2875351085765
14.7953719267844
14.7283329210842
13.2720223627431
12.4266958102943
13.0594282908002
12.6689026113049
12.9030309848809
14.4875047339308
11.8116931484082
12.7349242072249
14.9239903502597
13.7583037703941
12.1080980955957
13.9836272800235
12.4652238086759
12.7494129789799
12.6392157495354
13.6749946959888
13.7773501679995
14.011229187479
14.3978747014184
12.2532311290824
13.7711828165248
14.5200289385684
13.1534887770402
14.9339844993047
13.1816357120874
20.2121475159621
20.55312859299
21.145916273776
20.7533749617976
20.5380378234082
20.19601381137
26.941100068847
25.1121262317547
26.2746240707186
26.5052049089189
25.5831002267092
26.4232567557601
26.4865991674553
27.4253232100926
27.053718645784
26.4547596147286
27.3222787069047
27.7231607659821
28.1894449065528
25.8088057499657
28.3762749648026
26.1802457285773
26.2806180879806
28.4758630517166
25.0994860227272
27.3146985244968
27.2668947229765
27.5529040060998
27.4055686048761
25.8268607842854
26.7697027907404
26.4040318486422
25.0306025314046
25.1139251287112
25.2980458338802
25.3984181932834
28.2514181277199
27.5174442492584
27.0260698557182
27.3022856693306
26.020951724735
25.9209673489052
25.3392236304667
27.5545832753006
30.3439734024983
28.3913623856708
27.7354053302029
27.2521912220856
25.9652778341015
26.3891032044472
27.3466965608105
26.377708078995
29.9513625976658
29.0688852654625
29.8515755158676
27.5179078642852
27.1819873993231
26.8862064383591
26.5710717371371
26.1682343695631
27.0656171987298
27.0037540237155
27.2407834452103
26.066347490724
27.6133063138638
26.6346412202273
27.7896460179669
27.8145230169373
24.5769710472916
26.2564580989023
27.2715312758653
26.4955470476849
25.9129849614395
28.5430952658395
27.1371635911847
25.8450618242914
27.8905645541347
28.6489989373383
26.3868768517588
28.9608643453651
26.3189144246446
25.5493577625563
25.9680410426634
27.0136547022208
26.1348372767517
25.9486659535164
28.7034353942263
25.2661355753866
27.5419794992149
29.0598609904635
25.5926114562652
28.4397516016721
26.2611506612541
26.954298417761
25.6986799979247
26.4881791548656
27.025633014719
26.1618203422122
26.7759556395107
26.4997975163692
27.5574319844492
27.533662606019
26.5155271725717
27.6580068299638
28.2384281643573
27.8913295427848
26.2631814742945
28.5996522400706
27.4520789295578
27.3524908426439
28.4998717915914
25.5942222496449
28.0164359817517
27.7181878574905
27.5510951526725
27.6602810165918
26.225837710341
27.2624535813142
26.7013313077227
25.1975553305268
25.5162504260635
25.7634961670178
25.6631238076146
28.5592245741952
28.6606934021801
27.9100397786675
27.7983384074436
25.9462094377729
26.0457891609342
25.8568358869976
28.0281673860474
30.2863270980246
28.8609936967243
27.774588284573
27.5940093437164
26.6229961770814
27.0897011969177
27.278621530487
26.7458764763234
29.6824613831594
28.8112130966741
29.7826433126341
27.6515402209253
27.5060460694292
27.4650316126858
26.9774372869689
26.6067053888997
27.4682436066503
27.3845539650545
28.0995096221982
26.4371527501973
27.9384805621351
26.8662558435623
28.481126571749
28.7791706823238
25.2537579973857
27.0050253460408
27.7662754309128
27.187362095681
26.5493653937672
28.7710227295304
27.2149168433907
26.7371856629498
28.5456855614645
28.5974139018073
26.2212137506761
28.7031305621802
26.2039181323187
26.0052683008911
26.9755107457045
27.8259209444847
26.4737491672607
26.7151164723715
29.9533410345633
26.0060197596788
27.5926662384764
29.6944830088891
25.6957644539421
28.5900286318078
26.796219047447
27.5736861299337
25.6285954252187
27.1061772165625
26.7703454791584
25.772583757372
27.0533716515656
27.1191852285419
27.5274444044296
26.997116305057
26.9236945938052
27.6308818805886
28.083394379106
28.0507917900107
26.3789840953294
28.4272787541454
26.791277796363
26.6904986727781
28.3274983056662
25.6018413007943
28.0877784189232
27.7209130324399
27.1844071185024
27.656186590182
25.8506228026088
27.3483988857795
26.8807149107078
25.5627201499608
25.3138052710894
25.4234123871308
25.3228460496407
27.966700804882
27.8580403630981
27.6721281564584
27.2557006097254
26.1698967714512
26.2696772199304
26.6122425991875
28.3209306622872
30.2253238111601
28.432292200057
28.0138683788819
27.276597473534
26.3100914829521
27.2351929912021
27.2988161642055
26.4284646061409
29.6458278404032
28.5675722566083
29.7458072837666
28.053044150889
27.1223109219703
27.8076603191343
27.1914309360355
27.3936686997806
27.2288420598978
27.1581036593474
28.074717373317
26.5113621251953
28.3356997960836
27.0517037473393
28.0717744491797
28.8807564001113
25.1976312663847
27.0809712268223
27.7548055423412
26.9161903629002
26.5069316419945
29.4317400576745
27.9638223925281
26.7262516443174
28.7390283027811
28.9826484583302
26.4284757245626
28.9185445485106
26.0275619130356
25.8855307751949
26.2504392218176
27.4166654489958
26.6281179904625
27.0763056526165
30.2833064774695
26.1912100485335
27.6694794559363
29.9283613987896
25.7740057599403
28.5672942753276
27.0126227547357
27.0381388837747
25.4324247653326
26.5716267048395
26.8431922594955
25.8955651096201
26.6265349152698
26.5836379823829
27.6332013875364
27.1981298757045
26.0852028924762
27.7329919605617
28.4166444911459
27.8713571011943
26.1015092500635
28.4676143315353
27.0808336808229
26.9816402973138
28.3678338830561
25.4485662806731
28.0007066350995
27.6701868413445
27.3477428372151
27.2706631314318
26.031347415949
27.0227333561336
26.83232030845
25.2653318824018
25.7159319623455
25.4583365326082
25.357964173205
28.523551116433
28.6051895865003
27.6583114735861
27.8867054090439
25.8527990068388
25.9521863684348
25.7174984766283
28.100076192673
30.1940646303377
28.8078715640749
27.7424483244948
27.2877484023211
26.349098420702
26.8535217203283
27.148156988551
26.3615890411268
29.4122406598787
28.6709065558046
29.5122302277883
27.8002402124842
27.0563080742259
27.511790856601
27.1937699458337
26.8122030672976
27.3176417761727
27.2333594941444
28.0282252151763
26.2877679248798
28.0761950084592
26.3984570668382
28.1839810547496
28.5504776063496
24.8236600044813
26.6395579866828
27.526159481944
26.8499617450651
26.1663101744322
28.9822175554653
27.2671190891076
26.246467896729
28.4112876310868
28.4266610442994
26.4511501856327
29.0219640990981
25.9117376624624
26.0756056237146
26.5297977265805
27.6187428192745
26.6965807788468
26.7367385782242
30.1867241934325
25.7568807092211
27.3471790440136
29.4498996293772
25.3813011649166
28.3972263330965
26.589390874013
26.7381339661657
24.6932566350774
26.2049881136588
26.0199492063814
25.0783866438716
26.3219667729554
26.2836330647739
27.5470250808494
26.709324709611
25.7986631159426
27.4464383188296
27.8332181184197
28.0023178766006
25.5242855277713
28.2856052959292
26.0555810746902
26.1561559202048
28.3991932100817
25.1443074148929
27.4910512633531
27.3562334614283
27.3835456055276
26.9780268670589
25.6194054659961
26.1329926615885
26.6798822737308
25.2787146155443
25.4304191324045
24.9422910880812
25.0426634474844
27.9027497921034
27.5597947903605
27.2530651856184
27.107306375432
25.9408662776764
25.8406862798385
25.6248497788813
27.4569323115916
29.5712904217151
27.8050778347873
27.0881422042997
26.5229689453685
25.7895359359053
26.2086746587687
26.6067814632071
25.6436035327874
29.2661070652339
28.2390430784564
29.1667129564068
27.5308022901807
26.8264811910181
27.0445325254856
26.5858338133871
26.4391777150272
26.6134786133979
26.5630473830321
27.729837296332
25.6778760550494
27.8604592583366
26.6121293156058
27.6886815995542
27.8881592777742
24.2574232471419
26.2624890476266
26.9552241629436
26.5430872131532
25.5934371612898
28.8430154677067
27.0795529734429
25.6056029484
28.0329205282871
28.5583348227006
26.3588289981536
28.9448982267851
26.2364207346106
25.6244991689556
25.9963104481117
26.9340185667509
26.3859585440189
26.1416548325767
29.4388399704376
25.2293221131712
27.1950946052787
28.8829016327315
25.2176362693965
28.0786136058758
26.1038052562618
26.9022365681913
25.6421600038976
26.3688983541193
27.1312021405496
26.1201345696047
26.4655954587036
26.4477356667996
27.5871904041454
27.7970613349176
27.0222247342004
27.4879919173264
27.9683237305305
27.8189224785568
26.042136289203
28.3303597070923
26.683188051899
26.7827761388129
28.4301401555715
25.7677650043386
28.1721007837727
28.0203820124099
27.3425492687088
28.092570778956
26.1018744097558
27.4700637680798
26.4428830757936
24.8913400365931
25.5670341686783
25.5127664405186
25.6121538021146
28.1341960070287
27.7599231711864
27.7305464868804
27.4227479006956
26.5333132999902
26.4339259383942
26.1985791085829
28.079537625992
30.1953389288872
28.5390541000269
27.7418500781964
27.1850342440338
26.0851589658648
26.9532338440511
27.2217982047752
26.2831461868033
29.4824758241758
28.4463781474449
29.3821034647726
27.1053972286388
27.3793103607219
27.9016954836906
26.7174068540121
27.0244644057115
27.2613041555232
27.1459954209768
27.8966995969118
26.1829543726458
28.2455605249901
27.5518591471265
28.3435968857232
29.0205692791048
25.3757133401497
27.1834210953914
27.8402546059852
26.9748609283824
26.7983355207222
29.1697854182106
27.4890881977902
26.7799066242844
29.0676730042749
29.3092490611171
26.1845517772883
28.7637149972293
26.4261525856788
25.7220552460823
26.8984004696791
27.4233794802395
26.5150013158979
26.3913794792876
29.7842692237761
26.2719394987148
27.7461781457063
30.1145824245595
25.6948581787935
28.796033073224
27.2356141596197
