13.4539813534952
13.457383712357
14.5595834832854
13.9206189096102
13.0345049703914
13.1012321344243
14.6494585897663
14.7389388519941
14.0078827698409
13.3274541525679
15.157580647081
13.6133376583464
15.7355818070585
14.1411512240785
14.9651608701377
13.6943968914667
15.3171495478516
14.7391483878742
15.2206018905282
8.60127878831337
10.4459936396615
7.61525078380464
10.9092288369148
10.2306342342036
10.6451683248523
9.27519372097233
9.68972781162104
9.33244802788428
10.8713903429959
8.7282251535694
9.82785640695181
9.66349849648752
8.06133566283881
9.91594982976463
10.6830068187712
10.1095833755217
9.17431003260356
