5.41568526263872
5.97739328434824
4.35031075197391
6.04294428531311
6.3688320993109
4.07715616197786
4.56238272137953
6.98046660625032
5.41255530410939
5.05699759876227
5.68115861024266
5.46885091227429
3.44768520638178
3.28436545987582
5.13824038692401
4.84291618112738
6.152151159464
6.31207348459797
6.03890294970093
6.0094166354716
4.58342214451035
5.33786134791301
5.72856888546133
3.99270961047669
4.63322331662923
4.77407167735277
5.54165755380585
5.58985643238215
6.18673159587739
5.3867605273858
5.4365237433448
5.96008137552636
6.8656090551017
4.40701411554582
5.75002119847765
4.21125774149723
5.15772208889661
5.79353767864838
4.03527880207777
6.20303582264221
4.99579967604642
5.29057866176745
6.4970571647997
6.01105303346129
6.26330421317836
4.7471596284391
5.17943784396755
4.58724863918052
6.21695378893883
4.67127715966036
4.42759180514805
4.13935248985272
5.75022783265412
4.65976201327818
3.75685398855717
5.49599300416991
6.53846555152455
4.64468762191474
3.7028673216529
5.9895484354052
6.25014748466779
5.37442825443584
5.33564776036547
7.65752671467126
5.26683186498138
6.9490100703222
4.58721327182943
6.65463965173854
6.3175138758278
5.67849983159267
2.89211583674475
4.54036371676685
5.2811785290242
5.89708177714238
4.38915053758232
4.78741342160621
4.55945847982019
5.66936667755264
4.77257128095923
6.77404613841275
5.82626332201464
6.06544069819661
5.43836943378021
6.37496000146588
6.17911815431907
4.66249611489602
5.02848691645994
5.78642719349411
5.79615846835205
4.91718905157101
5.27091612231613
6.71385972356887
5.12861180920997
3.16765165854561
6.05134966563111
6.35469515371187
6.00923297637098
5.70509214628656
4.43634908632511
4.11076690602944
5.82754148131375
5.55284878315445
6.47982348187821
6.23677320455526
5.39493325714997
3.94532353362598
3.98318186062852
4.6216649290519
5.39745123526787
4.55773138201035
6.47547160421803
4.80812509904604
4.63907584524382
5.96568739012255
4.01650754050544
4.42598616672622
4.10090606634026
3.98409107714079
5.78973100421471
6.24776954404177
6.40767499404854
6.09960127049323
6.09412530203376
6.339030994399
4.30366384844724
4.79064341159454
5.43504299100019
4.79709202427576
5.80783267411648
6.30482488579676
6.03130807060949
4.50451748269499
4.01225297603897
5.48283635822824
5.1332670635744
4.63252177431695
6.55504951409722
6.66182531354613
2.13546390108787
5.43077586454375
4.02985815482832
4.59433795272079
3.67949085732641
5.20204859096832
4.83365292778345
4.46414901990375
6.05241699823039
6.75179860513631
5.0425937097321
4.84356102656069
6.67426073759984
6.39772033181207
6.09875045153054
3.96863342171535
6.06773270947326
5.60389907862216
6.6824409854272
3.93984441306955
5.07280495627143
5.38576400585973
5.48071682055411
5.36051771332166
4.96727598165398
5.5884603038224
4.54770452354731
5.08139688933682
4.40394912482796
5.3824642083876
3.70885664756999
5.82970810448725
5.22212193141543
5.23357700887174
3.95485917137008
5.60724316678928
5.75719041274008
4.00994977730299
3.7847705909228
4.44088355891751
4.92477701554825
5.56052842613489
5.8121347847605
4.62761074128004
3.5790462263506
4.42280186120224
4.46285168305712
5.01521725430508
4.14447989993853
5.41062755717666
4.00330943295654
5.29484784660534
4.74151034103085
4.40001565248845
3.3926945475314
4.51586042770776
6.44927936982145
4.10535190315717
4.06972351515431
4.99584148213454
6.13009099563214
4.54639249447027
5.29564671717466
5.43664243557362
5.81098390300458
4.65035327004935
6.01233179560123
6.66504828750023
5.39319979708344
3.68642044116388
3.71912174631203
5.31652583056231
4.57165869605542
5.43596065880446
3.50559939607412
4.21963898033777
4.62661183668899
5.11722906264246
4.88068254108233
5.90540087293502
3.84776250173872
3.28652620997356
5.37985938819428
5.42804217746528
5.62779047606939
5.66953295974299
5.10087859821125
6.64374791833656
6.46780132795875
5.43516449998638
4.30014905593187
5.98687197550131
5.16491828952972
4.21870863836804
4.90936052019536
6.75629729591022
4.25340222858144
6.37649261038815
2.10973376637628
3.9040410644004
7.03929290333305
4.85671292776258
4.04212596348116
5.62352070614546
6.4934384584415
7.37920085758409
5.60524618130674
4.91353469021237
4.95928627581799
6.37781814249642
6.03212849044635
4.35338207052101
6.97013720690872
5.20173597211649
5.51193260923853
4.97181633991597
4.32153796769265
5.4216154109988
6.01943808958879
5.18045964880169
4.79322290852058
6.97744991732849
6.04451510324296
6.05838015264239
6.44926075007602
6.43576592200363
5.36681681966064
5.8796871840262
6.22788136924996
4.22327391586848
2.66547503066185
7.59150699332345
5.06255963108718
3.97565583560338
4.30692939375606
5.17384582086969
5.09976037197551
5.39803935406003
4.9134354168817
5.509330224464
4.14851282251074
6.64211711085193
4.3946754474239
6.90636898027991
5.87508359715235
5.0757775535597
5.2528406779832
5.18768197408311
5.58891355658099
6.06256073219428
5.09369955101619
5.81276494664966
6.26853958205342
5.91221565899465
5.72908582761364
5.52641159324912
5.61430871605984
4.80074226328622
3.87777764759701
5.77571344569317
4.61025708605295
5.64648812821592
3.58797942392973
5.15230360677582
5.11031799152499
4.79808086918614
5.44306496149284
6.12234583405113
6.50556082067997
6.18536009019051
6.30248467543981
3.52227276044476
5.7574523914405
4.14112302577458
5.54901801558081
7.37512548680516
5.49521048003747
4.82660559467728
4.58275355156243
5.82320382286391
3.20674264005019
5.73231338875881
4.72345641171974
5.61746999267537
5.26278911039473
5.03125170446867
2.05467891066272
5.26118967070492
4.04120591508271
4.49059412548861
5.28615925600283
5.85510317086504
3.65744107375373
3.95833116084942
3.66813751090844
5.02562746314379
5.157326585586
5.33106904063686
4.59484382569361
4.02743681386706
6.29225264330395
5.76189510231269
5.62565273431562
3.40644066372246
5.83008928049634
5.08685352321879
4.05850940093404
2.53010784822987
5.93356588253239
6.07545271241116
5.44560118780867
3.998944559344
5.43487292054571
4.89024588549158
4.31564050228523
5.16989627494826
4.36807299693878
5.99852208190412
5.08883271089339
5.70749760419992
5.83805917971311
5.8489056684624
4.45613308079975
5.09812669638774
4.79601751470419
3.47807203787412
4.61525941372038
5.78718275928481
4.45143009028522
3.24890642644581
4.70274345486948
4.64070852199766
3.98575935780242
5.79907948651776
5.72533746147273
5.03274225456162
2.81772874617238
5.35500797874703
4.86444483595182
4.50393114522312
3.98297241778393
6.14181894276513
4.74761134541227
5.94946493473195
4.67279529082509
4.67553490430163
4.11198800113943
4.10380803424163
4.98980607988488
4.15432937797756
4.4235664743747
3.60745182976612
5.45468518260166
4.52792056402564
3.96685595372499
5.25169590649362
4.53572777672633
5.20751472798602
4.66576625198257
5.3076880530925
4.35193049523997
3.85858679893025
4.84278203699115
4.03466491386263
5.37296723397461
5.17514596383482
5.39159453053647
2.77007473385691
4.89829733205566
4.37903411370214
4.50890530923747
5.93006360800066
3.73576446293612
4.06719539874342
5.72198166786087
7.23880053585947
4.5235421016231
3.6330630199222
6.21368740586527
4.81096207248966
4.29425713009786
5.56194550397225
4.45544657496612
4.12978696414375
4.10917258234236
4.67584157276492
5.42326816812079
4.72859166647556
3.9791709706687
3.86322434003641
5.25499270385753
6.13363619615374
4.35603717258263
4.95316121665931
5.3986867700547
3.27260604877148
4.92050310994183
5.62900238091568
4.32209958637126
4.08540694075895
6.21589816217548
3.87198346192449
5.51839905266291
3.20907412526633
3.08937545252609
6.96322445542896
6.82926044175557
2.8982098266784
6.12285661984925
5.4363142806553
4.50482903901038
6.87307657887264
4.78921854217391
4.41373292514282
5.35228814068522
5.51955411841349
6.03716037039675
6.92558538534738
3.74690666212556
4.37918366447349
5.09368670979673
3.85479626636761
4.17843241413879
4.55584060641203
4.12024837781444
5.00768644619753
4.91574809286814
4.74094579395964
5.07180647126633
5.49849626094264
6.34680770709774
4.88760493479923
4.31294708931343
3.48259158269079
5.7393505611888
4.06980816264884
2.78088805474103
7.00847749598844
4.52789981125564
7.39452898682548
5.982092728392
4.74010985784736
3.95833270454977
4.91623782212622
4.2690939999268
4.13827538440238
2.3596555672145
4.8029631953659
4.50772279800348
4.10266897510327
4.44249521796525
3.4994417018212
5.39715001950739
5.30222842062318
6.61043095098766
5.36418046991724
6.56157913314388
5.34069295544777
4.92122236347341
5.22310657388691
5.74757280943086
6.35055160550678
5.13368971457555
5.14422892067066
4.62051655299001
5.33051029435041
4.65485153232551
4.63069598702067
3.7909542709039
5.01665205909153
4.61906521144035
3.492924658391
5.01655550901705
5.54709475093536
5.52344481835908
5.36542469661117
5.94489866412376
4.04775933194515
3.90776058463767
4.44727085886585
4.40474074884072
4.970478160395
5.72595403629079
6.7159500203872
2.65505011821103
5.52810779274407
3.35607138207789
4.93153218434384
5.35579347123814
4.87157017036741
4.9548296476918
4.70890046110669
6.90967317596229
7.35498027698949
6.29397338514303
4.68245975044641
6.60426880245575
6.40580402065445
5.98694694446085
3.80612693495382
6.89088195049644
5.3387455686791
6.75487045372764
4.93074851443751
4.6013896663532
5.09473596545169
4.96655634803525
5.92080851619171
5.77762623721055
6.36515007460492
4.30804428272248
5.40677522770589
5.11996021930473
6.30303869662928
4.1898118062572
5.15748760514546
5.83442759298416
3.45135486034114
4.11171524286082
5.21076894677861
5.49278028113451
3.67025541346002
4.01898934845481
5.48381635758748
4.3833802506453
5.92764948843609
5.40080350806616
4.92593818666709
3.98192348748278
4.95205386225196
4.15514451296914
4.55092720650807
5.28102697882441
5.29501722118887
4.22402968465697
4.88953672062198
5.30877440267138
4.1880105169804
2.71189715631531
4.4571859563836
5.26636042154064
3.01354639971444
4.57309423364895
5.86956424533039
6.14658288226779
3.86619299446152
4.7469733611707
5.33226960853856
5.334605029271
4.62938902308463
4.40347256615955
6.40205657223601
5.46943501361118
4.56314795529993
3.92528196956763
5.42195604548665
4.61804011457083
5.9401882567257
4.6237698700612
4.33583092498466
4.53700617185216
5.63063702341726
4.68107306275952
4.96792319225183
4.49366715878693
2.95110004693949
5.41446978035718
5.80265328405736
4.92133194899343
7.07053713369891
4.63738072423197
7.345905599201
4.98491967491945
5.59164244409291
3.5936905288559
5.62740073269426
3.55281433123996
5.03177487205352
6.36201127721107
5.44079534262843
3.94219575242202
6.15677552629612
3.16011060300794
3.39984704233158
6.28524578478724
4.53049740555818
4.63645036810532
5.64104876215308
6.04928005853728
6.39112026075941
5.8493553716181
5.67689911873131
4.80942235744781
5.37351588647381
5.51116862278445
5.0743833924065
6.87848545996473
3.56459117199108
4.73090195602534
4.88492336406382
5.58565042031853
5.3858158017395
4.0323003263744
5.48447166342097
4.26307367478746
6.48428367076654
6.75151286656275
6.15530985596132
6.46662965876765
5.79154000810201
4.15215986837611
4.88035628641537
6.38710880401017
4.32014390383878
4.00896824551107
6.48312789106675
4.45462138543599
4.9343129145056
5.29929632724841
6.07814273900022
4.4744937926465
5.56367711756638
4.15051162820542
5.06347535650882
3.10188360918837
5.75184182949616
3.03465833900836
6.67326770189818
5.5119891796813
6.18772304837941
4.66247521794157
5.48193813108085
4.88764283928364
6.71897809127993
5.10831991059917
6.73384304734942
5.77174848352683
5.04988701156352
5.35831885793293
5.53912976704095
7.18535184238083
4.89074711040565
4.14852559399089
6.8179827457077
5.73934400773084
5.67420200082143
4.04870827335856
5.91130282331444
5.50975736118541
5.36383615798472
4.94226145401843
4.23138803351997
6.78877908908879
5.97532494006438
5.60709024698851
2.18115945078231
4.55941396199049
4.72343406663153
4.70348085289785
5.13870085019917
5.43797199568821
5.28678755019916
4.60637035675051
6.14592065833345
6.45802611213538
4.63737701920235
3.85166816201721
5.93104609995048
5.71989466943923
5.06473801968831
5.13038469199784
5.92638843269388
4.3619162653768
5.13531293997926
7.2941700733473
6.77114361637378
3.93450739251919
5.29105848709523
3.07201440129647
4.29669265955265
6.01970185039681
5.11070386714481
5.94748329568723
2.71984222907046
4.72527789792444
7.86940762075564
5.51729590261172
3.69712605092036
5.74616300668832
5.22254430867589
6.09407641845555
3.20434223616741
5.60624280939767
5.33979572724199
4.92915940748968
4.42961927609549
5.53769351057235
4.80916838877197
4.19988539431403
6.99891290941886
4.25426023682395
6.62487371638576
5.65345762550154
4.04031927494177
5.61024715496935
6.87011335418974
2.91338724129231
5.33236346685979
6.01637101216705
5.1191832987553
3.06841667678838
5.54570322000572
4.65398821443144
4.568355431116
4.7898354777323
4.09026316941504
6.39386425977975
3.62641550485915
5.10718036426022
3.47284415292466
5.40844292106203
4.92041636197117
3.83137469970523
4.75834655501518
4.98615808676233
5.40846010837624
3.95139571584886
5.51324489449045
5.80893153117927
5.70213524072824
4.59843139294158
5.7960737011563
6.10194604811669
5.42284510199637
3.48995652362029
5.77115606889215
6.26679375957941
4.7061955254704
3.90172525512325
5.27794174358046
5.60042847377343
3.77212083513993
5.03478174726504
4.44937853497807
6.70447372337649
5.00304528887052
4.33585708200432
4.99518127450088
5.87186357786164
7.37509788432295
5.6676694568222
2.98844173163318
6.29996673601509
4.4416190879608
6.33430171535061
5.69802497702174
4.10948434919283
4.25801959519452
5.00969718180973
4.55904572085573
5.55713541749493
5.46130809655673
5.63030486850914
5.65142237730246
5.35274307492458
4.03548664884875
4.44834049311556
4.94855199860564
3.81258515964154
4.53493662270483
6.58340944143003
5.94464909270619
2.24462491388262
5.48621304155315
3.53074451147237
4.09737716134221
3.87002542611765
4.47224137702548
4.91690548850593
4.57442439333256
6.43706211295619
6.78208970973589
5.56085669544688
5.01155156652784
6.32552309716753
6.31207453295679
5.76890452566922
4.13521875103523
6.41827088749034
5.10835985289689
6.64568430078032
4.78473127184304
4.88945187940689
4.51643407241168
5.42370657991072
5.26319481916718
5.49283374692008
5.34694259591799
4.49240831372991
5.43359087142675
3.86081909647105
4.96063747615107
3.16433732397342
5.54368487854254
5.41287934508689
4.29740622659744
3.85233992412107
5.85026708545939
5.49696962827424
4.48289511111739
3.85406151133951
5.24326663209163
5.31954547684523
5.99464490714186
5.57048462336661
4.51700405747258
4.06597795436569
3.89661587468348
4.20906317161199
4.50983715575642
4.49270612111832
4.82827798388534
3.44797459009035
5.32114941410121
4.80175014644954
3.81956108139098
2.16632286886433
4.74663554723213
6.09280558817555
3.40776654978954
3.86722654830569
5.62256073308468
6.36002457060275
4.18005674427191
5.15427027130873
5.48730112060543
5.89477755379814
4.41921216897443
5.36611604630829
6.49746298146655
5.80389379130143
3.89878406284787
3.77754808261719
4.96086699852095
4.70898023294566
5.74347432888629
3.63208452515023
4.0629337540987
3.49745586742367
5.42204024337323
3.751526571817
4.96812910070505
4.22018501038853
3.38255178765895
3.93868759302687
5.98730414220756
3.76242662021634
6.0219586886826
4.49286559469935
5.85582321572971
5.41761715611575
5.75979441944301
2.70374890785137
5.64598356545238
4.52293302816544
5.0124937562662
5.31997719222674
5.95875240288007
3.48355391319816
5.71105459264346
2.97341822318903
4.13935934263749
5.22266574967315
5.37955353144183
4.95556082927924
3.74087128529654
5.72584043557835
5.61845662461568
5.11894257392023
4.58587335962133
6.25166396476378
5.48158437803536
4.59296287597339
3.92303729847961
5.71819089982895
5.94908809056877
4.85859647152328
3.48631866464282
5.13675506472889
5.3586037258529
3.34670995610331
5.31366969346052
4.08741466584114
5.75443656618822
4.86992699354575
4.87361424712178
5.66694827834383
5.90942581155549
3.95666512785695
4.39900066955573
4.94771289303986
4.04932852286585
4.5433394238534
5.37651042301281
4.64105093686386
3.60376691796457
4.07312348270763
4.73694114092773
3.85341596275313
6.05681973649234
5.83607490199682
4.16172932775384
3.00635681617387
4.91274150877338
4.95713577878687
4.99865687455193
3.76814966057992
5.57980239265164
4.70991885178307
5.73342273596998
4.58270625719525
4.56173878615088
4.20421763979987
4.30489623597241
4.63979762973585
4.74015640198439
4.25397712096607
4.11565757900154
5.89615633425034
4.88687498981005
4.63110396280238
4.83370127446986
5.18303149706507
4.79256193005084
4.51572954832473
5.6626113776061
3.96850900349047
4.31100556661708
4.92717955095976
3.33557101306361
4.68812731115678
4.79031926143806
4.54419604359172
3.82680652735244
4.40385476356921
4.33077769068272
4.68351487481555
5.49856446023366
4.46369005643121
4.30861218050732
4.87405118960549
6.49592460475315
4.23612166140437
4.40448324319512
6.74461046916242
5.99459508797756
4.68205138774166
5.9327582875641
3.85256211330962
4.36682132012011
4.24864756581768
4.89224033606736
4.4739835748156
5.05440705586491
3.67098194338261
5.32850312415356
4.58660545071611
5.0549322206761
5.82522567931104
4.64661851979377
3.72244424840908
5.11336174479229
6.90389662278029
5.63528505739366
5.16646100952583
5.23849303902179
6.45554818842082
3.29880609704215
5.51169040430643
4.41329468680943
6.05130712466892
5.84436689217618
6.49946999255366
4.51369538989545
5.74298686447627
4.50709074456327
4.96187131580557
5.50673894601692
3.88277872499298
5.20603638577929
4.91434520663181
6.11519466482109
6.40931867739793
6.12064071302598
5.53862342754372
4.64407485265389
4.18767026668559
1.53124196946975
4.95228833488022
6.29345590608092
3.89016516829287
5.92539604158019
5.44401166628929
5.26923236560033
4.85466413647433
6.05936465165979
6.04759634466723
5.11801966240056
4.140680060173
5.80751108729064
4.94244869040597
5.36772426193892
4.91168038922829
7.33226032801362
3.8767574476886
6.61932299966141
4.24255540735623
4.61083283008141
4.24661365283148
4.20140668046471
5.32629583180039
3.5278384222325
4.68242934427041
5.44443836248919
5.99920791171247
4.37951562402684
5.45603516520301
4.37474133499809
5.83085167218869
5.86455422482429
5.25035372161253
6.798201057858
5.3293868948791
4.42785397940729
4.36707300068339
4.28566380732685
4.99452201235019
4.61460705278105
4.10009942088488
4.26781261641263
3.17078857085607
6.69579319918859
3.02848425774991
5.24044519186608
5.70204088178448
5.12636761274327
6.28675510828305
6.65380203502711
3.60909062949597
5.34473848664086
6.69522660794344
5.51421215316984
4.5340991998355
6.43281996900724
3.59943546981436
4.62125969622489
4.45603348425072
5.53136433691509
4.77723181489515
4.2188841601868
4.25044461553193
5.15185988407641
4.80539192883894
5.3061835625635
5.11150607345108
5.11757202700597
5.35109198428211
5.31855791216413
6.48072369090996
4.69764532961275
5.62998885317747
5.44824202963024
6.78548832980416
4.72077476743534
5.16437691948221
4.57190921413764
4.64959603349422
6.354310936225
6.69019750566497
3.5577631099178
5.80867296867459
6.48104453481925
4.71700564526377
6.05943404550577
4.7491838060644
4.4309856941473
5.73133902914852
7.11313102244747
7.02679820050044
6.43132276173805
4.61438489091439
4.73959707579334
4.98094100225992
3.05904723443905
5.87426485485092
6.14062147950429
5.06572031064564
4.48678406736505
5.14833969001727
5.91960354075371
3.51538294781475
7.32726325805808
6.58149841617168
5.88791027116397
3.38026594751587
4.23662296258959
5.98343894982926
4.41536527354361
3.64206859068772
7.24239761271004
6.05163791884724
7.53655303203377
5.02898131899725
5.04460609760407
4.07663414572567
4.84232763130483
4.37094975304556
5.03153038206224
4.31390361036846
3.98475296544127
4.72310752021061
5.30274923746456
5.6588985672307
5.34278023311455
5.48880347161964
6.57931189597574
5.20405320224381
7.18104036505792
5.72217310716753
5.58681158473382
5.98601030753412
4.28297204082898
5.66041650874706
5.40373788895418
5.42501933764812
4.98208849939876
3.96237888805183
5.09598599983032
4.03892107070383
5.11656987707619
4.57545884741103
5.3236590050567
4.96567901974932
6.06477929962706
4.70000347518514
4.36695794893105
5.36245554153746
4.8924147366572
5.22176688871993
6.05535750082483
4.63190794852817
3.98646661066131
5.0366823409644
5.13509636461611
5.3055650088761
5.08276084846499
3.98182758549041
4.76601804030699
4.44642336883706
5.74706133813284
4.63491866956452
5.50537163339408
5.796334052185
4.98201252202526
5.76380719947171
5.44543109832291
4.08188179696384
5.56435708433631
6.90502435319264
4.65297990615582
5.84685961401316
4.68802426884369
4.71846882845065
7.08475702206327
6.76253097976537
2.99692161055493
6.00787117731157
6.30287058784155
5.26781520132705
6.26464194381241
5.12356685357435
4.99083809169235
4.92870005660954
6.08070264570528
6.53513286521448
6.98161861380122
3.19967555871519
4.16612679395361
5.47991745123473
3.67112498436077
5.10062525267436
5.34808532329896
5.16654609728692
4.25404198662041
3.94270436867554
5.71865137095381
3.75653499575448
6.96508722673125
7.04444987491514
4.72028042319824
4.27715367232006
3.87637052567317
6.25246248926307
4.51467215330301
2.94571652546848
6.30351560333749
5.64092758253117
6.65525823218395
5.87856243530803
4.22813315218743
3.17750937147723
4.32633176469348
3.87844269805945
4.89378229429884
3.34752623568508
4.27667528077824
4.05810350501598
5.21389819980095
5.85192827419093
4.63443051724126
5.06972603492324
5.43220338694783
5.97098906449688
6.74498102193679
6.17207328759847
4.82668177007251
5.04071936862961
4.79207655611039
5.04527598194162
5.37530897055248
4.50237198613511
4.59335013051713
3.96246308551815
4.71224964920599
4.10680187833962
4.2540695327383
3.65434009082393
4.90618571709618
4.71559214107894
5.6415624684981
5.37794698472526
6.49883521310342
3.65928442161358
5.86757708869654
5.95353790896444
5.97174100150383
3.95425127138942
6.02563013962767
4.63721609658641
4.66850538600757
6.09610576033241
6.55344297269817
3.6845118545903
6.0909063179927
1.87073692651472
3.34074031668172
6.70141286156692
5.20234318716427
5.17148415539948
4.73508947878322
5.65620627667047
6.80485441936003
5.87890666005251
5.50599365192116
5.45979180267481
5.79040425409289
5.54487365843492
4.90347792559635
6.69810803175727
5.23298860644795
4.51529324502517
3.80069608626336
4.8008606471365
4.62343636332297
4.49239162191004
5.75570121499752
4.03568564297994
6.61113280765291
5.56007160847905
5.38191916686667
6.49253407843338
6.33841701826539
3.99377088872568
4.96682388393679
5.82224057476038
4.0470675918962
3.22845297180193
6.64391107660142
5.16422578377554
4.31115086059881
3.46807710415262
5.47234457333454
4.66941670678348
5.25951716191982
5.08186394108414
4.40622647522302
4.19628725908877
5.71456594649221
3.94341407466934
5.44032946809941
5.47110512870335
5.43404951522923
4.5694198155037
5.10410120908492
4.71676972234659
5.72772464758123
4.9371101920018
5.2451937870342
5.48201613759635
5.91260613651836
5.52222931349917
4.41683732358759
6.23949032731172
4.9963355388449
4.18100995768921
6.1853875202532
4.90936003412841
5.66121764066799
3.29896260434994
5.30520270308757
5.25990667816203
4.69802180867818
5.17626077510691
4.19012877217366
5.5156612839633
5.93053083910848
5.78520474638695
1.31225952275452
5.32890534269895
3.43650761206383
5.60856545394529
5.79005208612283
4.49070926413495
4.40906948078318
4.66706266669252
6.70998648230773
4.46343382842962
5.35963352818342
5.50496006527761
6.02108100938615
4.90748713162088
5.85901709896837
3.40475611606465
5.88167389558102
4.01280300367056
4.73372287431955
4.6320467440764
4.73974294619092
3.87498041573169
5.67495703550675
4.35333840515603
4.88059359613488
5.40982907319669
4.54057319770281
3.37225081680377
3.92362022391799
5.45723848547777
5.84221544509705
4.2670763548256
4.66065296447213
4.6410019676341
4.4799307412173
5.1967508194049
3.99781690333041
5.33872706687215
5.55900183513816
5.32591784611429
3.58867237808295
5.32936484303954
4.87052066731727
3.22735912354743
4.72177706943354
2.90973906396697
6.03057152183217
5.80053076650606
5.12768495151513
5.75692744556556
5.87305527074187
4.53488338560327
4.39742613841689
5.66123274804322
3.41346611772119
4.28917186936773
5.3404128658761
3.31143622010134
4.71100998336654
5.26098389722605
3.70843562939145
4.49472482268492
5.64185418761931
5.75776905978083
3.36104192236522
2.75228611178052
5.65097562112631
4.75958261078127
5.87151575173926
4.82507079170249
7.15236341790104
4.00057464585718
6.98005716099026
4.8891179882712
6.20182343789284
5.07984554153766
5.90366291369756
4.94417379933368
4.99422710637772
4.43672605958752
4.79830029374829
6.14759111234098
4.67590071803289
4.32585444470305
4.75539651401666
5.29798382551702
5.04386360989373
5.37412718808287
5.5843066171529
4.77952110695253
4.76846718328168
5.65846353460505
3.70950637063213
6.28892846859727
5.66885499139268
5.24961763670709
3.48023903523629
5.10725775776742
5.19476437203428
5.03186082553107
5.43864007404516
4.89000154916229
4.96539250472415
5.59044060613562
6.00726264018623
5.95558454008501
5.42268110740835
4.50857703955027
6.70650897693477
6.45966433017703
4.97030964518586
4.62794311994748
5.57107912061095
5.16412994568764
4.59173276185224
6.58792715068742
7.54360275134517
3.22544323988228
5.82759898254888
2.66131771584503
3.48507685244073
6.23893264217411
5.17281254653926
5.22473210698561
4.17788717987885
5.88366510901336
7.31209608281285
5.99386607566391
4.29181047693912
5.33690076560774
6.35151473144646
5.44161628568907
3.73256355562236
6.33217234090576
5.16025635656907
4.6259409811936
4.39904148769815
5.69780039084869
4.65498202328844
5.11066692226746
5.28690249694885
5.32731571302433
6.18800796641064
5.71132967194629
5.37251650128699
5.29042765255125
6.15533573160886
4.27220755297044
5.82707393398602
5.04811528214741
5.32150877885896
2.12842232690033
6.04831599616214
5.40569851730113
4.81653577986345
3.55949814495978
5.62178385039245
6.16313269773499
4.65787101893021
4.22984451765601
5.3157932556644
4.69959325724723
5.45799972080324
3.70304999969736
6.35548338540352
4.54991465170712
4.15164541564324
4.66284658271449
4.75634474576947
4.5700581947563
5.18234158396952
4.99938421758142
5.08940035540686
6.4811505596624
4.53935208958396
4.69099301554838
5.37200702002539
6.81268787463363
4.06687593951373
3.31451929135974
4.63333630767631
5.98880069267081
5.38050848805246
3.85115768966963
4.03264786120438
4.83087440617676
3.80584267136251
4.08896383432678
5.10984594152816
5.52952998955733
6.13250878563324
5.16136231655729
3.55966848151515
5.63629991501403
3.4047623172686
5.78063870783551
6.66156658884972
4.97766391741655
4.48986265790511
4.20811539037575
5.93295550246367
5.26169370026709
4.58021559176884
4.86872260940062
5.34375444344398
5.33623483812194
5.06099291330789
4.20301598790213
5.03407728101701
4.47839851157697
4.25852550420124
5.57896505148699
5.48388031729167
3.78530930787338
4.82680537884549
3.67968213262763
4.52433126793368
4.59884426316006
5.25651905222876
4.31916912421435
3.05126040769736
5.38059049800345
6.35069503534873
3.29710659248067
4.02021351856975
5.44894703026022
4.57894477947181
5.71694397092354
3.35737745742804
5.37294096225408
5.75621197811591
5.64426393954684
3.73585484453709
5.19750529816571
4.61250671862672
3.30220857247647
5.58562342282462
2.69791184723535
6.14331765614035
4.97996709137696
3.61163994670001
5.42416781195571
5.98580140505005
3.81047367028432
4.53939339203537
5.45351068098501
4.01936101545599
4.20892599445955
5.09197030412287
4.19166448650623
4.28175437807339
4.60184240132997
2.49838469455887
5.11338934319261
5.08396460671083
6.01092474998324
2.55383323670367
3.37095063228822
4.84083664047657
4.40295786874022
4.77746441713074
3.73561541462022
6.26384798795826
3.83770929199031
6.76461838367985
4.93834447061421
5.26793678598336
4.2593815330204
4.43478363421298
4.80395659246707
4.90455599851941
3.92819031206368
4.78017646786501
5.2697927799308
4.53916087038816
4.32059774347773
4.42086071903348
4.30958023303349
3.66530520424049
5.48041379517864
5.24977082216973
5.46714336884354
3.56458878164108
5.09865635814712
3.74888559685809
5.53619496337068
5.97489134756766
4.62201385007967
3.01280324039624
4.96602865372598
5.12029824226494
4.89124904887517
4.68590656881857
4.43919173944109
4.11923942274205
5.0816996387887
5.90154391091225
5.78934281140974
3.54672042161246
7.23118274758971
5.81350906076072
6.21989428391281
5.49567771846954
5.47330688980755
4.24661885542468
5.78649046198883
5.19341810130052
5.20141673294908
6.10049869425842
3.01242214824172
4.921612215308
5.58459695764893
6.11273535760186
4.87485285443105
5.60513627458705
4.43708579560212
5.11582543579272
6.7182396930162
6.66280092181585
4.65173386515736
4.61178799370293
6.7505349325545
4.78263908572037
6.6067298952212
3.78658964149058
5.9331738213974
6.27820263767151
7.79943985716653
4.66288194930828
6.43805171046676
5.93411841414146
5.73867110780726
6.21088525635431
4.48297278428604
5.53749247519139
4.73842290818755
6.10307382921343
5.44906443265285
6.4700051438796
4.78898629423583
5.45124980766396
5.55233695678101
3.12285341721131
5.05437176315204
5.10381339361833
5.15295865666339
4.9609014265008
5.72107174065401
4.51762915107865
5.13134673610094
5.66032135798447
6.54670809163499
4.92111943513225
4.41736265979962
4.76204767014978
5.1164197066718
4.74867225952885
5.02548234199359
7.1047764566985
4.75653079661001
6.34727014709163
5.54277702876255
4.42775152785679
3.33492054383011
4.78628395993729
5.29837539790395
2.89130488709756
4.16913093344847
5.90678150275085
4.98026246293784
4.3591582448312
5.0142493948603
4.71066183812022
5.74288540505476
5.15682004304567
6.348333305239
7.13412156098013
6.67270243811979
4.7593237458792
4.281376981217
5.61646668324261
5.04840285923773
6.37161260308417
3.8947550561051
5.12344866842169
3.89262633020044
6.67015776540267
3.75032201709428
4.85959294649508
4.25793539772821
4.43321956423233
5.11636007649686
4.75843508408328
5.64981936168476
4.65798478300952
5.73905951294533
5.93426362571049
5.56668097727606
4.56584481825391
4.24990041443211
4.3900275459365
4.34786680651451
3.49048395650161
5.78307310586587
6.27344721575112
1.38703912760533
5.33275209608534
3.4884492703199
4.53027840426454
4.87551758358975
3.59972183377449
4.18260318531005
3.97619419986064
5.68948561907163
7.04821573759155
6.53628836464338
4.26198600198099
6.56711025532587
5.57175929178952
5.56498252010836
3.38565318648838
6.0295760965981
6.01349225045776
6.14393990901784
4.51660619561527
4.72533621915692
5.30267384770937
4.84109586929959
5.50478197732552
5.19176454557036
4.72273550597296
4.73642762899465
4.67325845095314
4.10240625462939
5.65209503491532
2.43529303481778
5.22671327211144
4.90803516863745
3.92139154121649
3.0057972773432
5.28176446026611
5.32295521550087
4.55166898842253
3.68994585108954
5.4858519190656
5.80860443853455
5.43611229254078
5.37076947309141
4.75958934444655
4.51478095462095
3.87146798468155
4.64105871615972
4.60790561883307
4.31316922159731
5.03486922048885
4.42484005203035
5.37833516271827
4.55524502897904
4.09255603708709
3.00275331316051
4.84470401030877
5.29246925261138
3.37784695550076
4.17530494494832
5.09487179472218
6.08627989768542
2.55037487675091
4.13558509567234
4.55883007143044
5.49766347694128
5.0152529756555
5.22867221033214
5.75376471762294
5.42384254012146
4.29241923541051
2.9050285393662
5.1676772410065
5.01994482469032
6.27696463285151
4.49796725824299
4.210370446249
4.01602521405903
5.62721819351102
4.27009591845236
4.91193866365397
3.86301590851253
3.33544708005041
5.98225886852632
6.45503510928348
3.28708736397608
5.39013556159425
6.08390631894854
5.38413106689538
4.45369306028682
6.3680353538008
3.27743220429446
4.39690336362825
4.36516998267162
5.42594986846092
4.22491440235405
4.08880307391234
3.72621265071738
4.91027111733574
4.13011157376198
5.28183179030212
5.0482988083134
4.98749094073151
4.79877457174102
5.11641929981941
6.84289968003101
4.1734133647982
5.90402242972591
5.33948943430801
6.59317062868404
4.65852034397744
4.64014495466765
4.4631566188154
5.01177202261528
6.26283010726034
5.9769994204931
3.68447480681721
5.45977543928904
6.3343456520813
4.4918656502272
5.94852107378185
4.85030609611081
4.64122256838001
5.41022499292831
6.91099241010274
6.95632985429182
6.64155963597077
4.49549955398882
3.95431141190414
4.53436648730405
2.49349729560769
5.71433344582269
5.6718292442965
4.6626242962859
4.38451652690298
5.09016807079975
5.92118551905395
3.59002660170847
7.10041088458792
6.43267833906794
5.67341477825653
3.4549096014096
4.08869211478554
5.67443102909638
4.02334125889483
3.56539045707866
7.14219690183641
5.87934962925629
7.09242741464627
4.95257508730232
4.87570307818634
3.84711119885364
4.67003934171387
4.07968603957912
4.39756650567583
4.26190918523779
4.37518663759116
4.85291900179698
5.01148552399811
5.31219512415749
5.13167001038033
5.20602786126192
6.69366671231242
5.07308288666967
6.88284181814335
5.45649880055408
5.67353457590459
5.64982167404418
4.19420892857132
5.22957056095499
5.19353336459456
5.13103790747466
4.66236572097306
3.42307232596755
5.45471080917203
3.92157893297202
4.57599201771227
4.34927402740708
5.11165955302279
5.19694676955618
6.0759337192896
3.99468844750696
5.73864982085767
6.3613436979109
6.17371475100321
5.39759307476474
6.48132933045691
3.97637509326709
4.59994984559093
5.45720595054659
5.87856620360412
5.11004906416153
5.5853092445635
4.72776653680025
5.17591962531101
5.27738851327553
6.00218131295802
5.44653627613223
6.00774822163832
5.6681699261087
5.82395495853802
6.20371253405518
5.65581595788362
4.92024472041221
6.24610337921064
7.32074314232691
4.50567861719705
6.04194327508053
5.46934969325901
4.5760304788877
6.11688898793897
6.40580407698239
2.80359511550109
6.45491018738137
6.66542010028483
3.76927612985464
6.92871632450669
4.32112276362096
4.72341274945362
5.25882089054961
6.67005481443562
7.39864075942676
6.45324844779611
5.43343421546382
4.03835459208565
5.75171012151144
3.5411563155328
6.21715393482346
4.53284597531304
4.81294689432948
5.04487853988159
5.82383169110258
5.95906638165741
2.19960481499829
6.92343995615326
5.66618938480919
5.76191826329524
2.73289819385873
5.03751797147324
5.40730585260991
5.03691361705122
4.04927657941552
7.69795961885359
5.92402602101106
6.99597517266985
5.39084689900879
5.56796471391711
4.38087328260362
5.35555350601454
4.26463968999862
4.80703298430781
4.64771916336628
4.37239516109574
5.77553751400548
5.51683225780775
5.89852211173924
5.10687071419595
6.19740235396925
6.27250906868326
5.30133402026965
7.66422646367609
5.6434413582794
6.33370476785343
5.68400329757499
4.11027175798841
5.56996305457641
5.33711126383533
5.12064585236653
4.61582879796347
4.79981691454239
5.61262146804272
4.94388380544974
4.91598456770708
4.93027931334495
5.05306258082685
6.61685663569093
7.08199725748107
4.26837201082125
4.84433226911531
6.99770424878299
6.40247277185658
4.43473948759029
5.96597888908192
4.25871685113964
4.01875403592889
4.35667377200551
5.12770346317635
5.46264748866446
4.77046810965555
4.24387055548461
4.14082678399764
5.50520661942321
5.7146489777307
4.87121537865532
5.05376755261619
5.49956500792572
5.02979023957122
5.79470765231603
4.79876761965917
5.51050206966453
5.27932312941434
6.95329587678526
4.08681089104894
4.7322453092139
4.40299031392173
3.9635799949003
6.3622141198498
5.91807772808203
2.73526462168522
6.90341608088137
6.53009878185998
4.11272575657674
6.53138924471267
4.62969702255145
3.50024488846714
5.91456826243567
6.67304156235176
6.97572427277975
6.02803752120215
4.77493362732817
4.50288156540795
4.83762738969519
3.99155061792041
5.58195338725059
4.894395989118
4.20217575031037
5.33450227572633
6.18881240726929
5.88337003265993
3.58913737240879
6.31266881213416
5.39616407534503
6.34034571795529
2.93866993073493
4.20505986051386
5.65263098452074
4.81487130445763
3.31109371477831
7.92666695430093
5.78870470258621
7.75665074595567
4.88390512863131
5.72887543919497
4.5408947785818
5.54205363814538
5.21992687743082
4.914679524852
3.96747206920938
4.01718941601851
5.74696135923634
5.0535018526073
5.26216156086714
4.96959815388865
6.24509431336193
6.13922243588004
6.06200959355547
6.72460501041285
6.02465074800708
5.8398571088704
5.17540713870606
4.13789585046305
5.98038529455162
5.70621552979373
5.22780919467038
4.91842121624649
4.20200330841686
5.53493020951037
4.59139533123506
5.31371411044781
4.56394139766875
5.80426553246219
5.50759130228377
6.08404445300861
4.1289207559584
5.06571084787534
5.96325696215069
4.65785291583455
4.22373855056048
5.19769849256649
4.05341082684252
4.66739055312035
4.35007108712598
5.62170626581128
6.24600876574135
4.973911377753
3.88193410124273
4.09231076324841
4.91652747860654
5.54834768482115
3.19522456974896
5.98811515386831
5.67089830438945
4.45750204082843
6.42269208869791
5.14061161662523
4.18552739461872
4.62479340758796
6.19673168487103
5.26466211493198
5.25134955255856
3.74846059209536
4.78462814552061
7.00182910873317
7.01159197272352
2.39337929765713
5.91734168824481
5.72475752629007
5.87835015483921
5.74870664115256
5.56438459307784
5.85481469936659
5.23166631943592
5.95539161650839
6.15358819519407
6.57731817130198
4.11607275843259
3.982594371137
5.43447246316025
4.50365165347927
4.88998006610048
5.53460212839305
5.33535531792619
3.57562399132108
4.35926613263385
4.77409406095394
3.59149618987968
6.69876105727699
7.25357353105515
4.57991789600833
3.04339270969647
3.4639319772398
6.08422529862876
4.20632744461351
2.97920442768292
7.25766239092771
4.95635101431435
7.3320820851936
5.91556200814792
4.60188135328892
3.56522356194133
4.25091857453653
5.35200014908511
4.48509821504002
2.83932176504248
5.09792375197149
5.10927836291228
5.56187759197803
5.35541162693256
4.62704691449076
5.25486951136776
5.28532095501606
6.69546316201187
6.14079279721214
6.53555941396964
4.09304075794942
5.68647400370315
5.40089003109844
5.3638617276288
5.65357505582555
3.99681952849967
4.68706216618693
4.16039198747205
5.10018060017824
4.30473078029354
5.24079074001978
4.69788696793257
5.37666861378707
5.58941542587887
5.69311897196346
5.9058549201154
5.82166576266522
4.22030730677849
7.08546508703919
6.17337468179382
4.68236115068154
4.57821349997787
5.66202146891636
4.77534304854111
4.49234295868636
6.46099171310704
6.27126356693913
3.59812737928704
5.96327375851817
2.45542790999091
3.09330194461526
5.89073186391428
4.79271781437513
4.72082609680709
4.53484139468399
5.87682977606305
6.78318373204407
5.65788828946176
4.46991922394356
5.15744089041097
6.59693819842077
5.90942575650432
3.89991785360971
6.3730724176736
4.26553637359569
5.65599841838309
4.86670658107639
4.89884727497147
4.07990252449456
5.87241129942366
5.38056401262315
4.98846861313393
6.41290927795571
6.2828572404725
5.42251666573492
5.33087587480423
5.58725045287902
4.62678322002465
6.45367578745233
5.68273106358042
5.11441985054635
2.54963347291022
7.13697016743665
5.52781237508785
4.48915492518211
4.48412822269734
5.26850845150214
5.7448673711866
5.65271150504075
4.89277480382685
5.04758154258343
3.99429455059503
5.9862260159348
3.27170381485811
6.41239397562708
4.76711954687247
4.5516815397022
4.1573262718913
4.9764358003918
4.77817443679587
5.14971011153749
4.58609729876919
4.98867637692823
6.48351064957887
4.54480812381772
4.60628153242013
5.88283992505446
6.85890866136477
4.58458647080518
4.25373268584547
5.03494774995111
5.31302795383022
4.94328423298631
4.74549370668386
4.69660456791241
5.25066885212262
3.54613022846369
4.71646834642655
5.29836858952413
6.11767535454702
6.24531682625211
5.0948848595738
3.49084669108892
5.33054283982935
4.8700995460276
5.36487781916485
6.56818450629935
5.37822367187018
4.88741921016548
3.69400707262572
5.02447634416327
5.1431345975502
6.41570669838418
3.9762162830787
6.00505989185585
6.90662152407673
6.04367993173548
3.81549317741267
6.13427393853154
5.61414568993933
6.04158229579666
6.58436080034178
7.51832240556099
3.05672389193786
6.28460437815581
3.24442217276957
4.80237824649838
5.88072161111626
6.38129008631807
5.75417945556114
4.58585730742136
6.54378822730833
7.17179217908935
6.27396007100875
4.3512231628364
5.59371194163533
6.52750924634221
5.81666282334055
3.91353914753974
7.37435926777248
5.55008784379026
4.78468072923901
5.03822155087087
5.91588748681558
5.92950638877144
4.7630267575646
6.74866144244129
4.99629334478493
7.58693419690229
4.72268161723895
4.91365483088798
5.48073368966848
7.27751017966645
4.42890064359828
5.14971011153749
6.76812877766808
4.8274194425594
3.65781325994183
5.16980082635656
5.51760281611765
3.74982600451016
4.77548768423534
5.45603154314501
4.81127028643483
4.15769049865789
5.10943703939919
4.7679771398452
4.24605079426841
5.93211388133714
4.09464406471977
5.6650053565118
5.57914969249737
4.5420931484872
5.50569870142503
3.74001825181336
5.47116341415035
5.20418187986185
4.5976802719351
5.7173655415975
4.90671784053271
3.94705933120829
5.1053555447862
5.62910656704205
6.38643237484758
4.59685696286169
3.23895500254079
6.02449949395284
5.41537710744191
5.18651584270762
3.61032882157213
4.82863738942155
5.43093253268124
5.07917568417919
3.82010151258559
4.82103185836805
4.82779694269176
6.5782911941674
4.9749797110667
3.18616700804515
6.02703566318158
3.99129715104185
6.17110255408894
5.19959316392143
4.58585608182265
3.9139157940788
5.56599753146106
4.85156283985881
5.74436943136547
6.18668802110117
4.4832606163742
6.7345944246613
6.85077011300643
4.96827516547052
4.41672801122795
5.44608020303349
5.5478870745774
5.33627682041102
6.16845876720846
7.24283788982756
3.30896841721558
5.8418024522868
2.4326103803977
3.71966549893481
6.24759693000954
5.38739812639664
5.32061416488163
5.44608791632859
6.3978692182099
7.26464342156717
6.1041073695252
5.38159346234782
5.44158402099297
6.90498109483547
5.90951406581838
4.82234654103109
6.86938603667342
4.48068941292128
4.92402276750002
4.96664319024924
5.12609093792019
5.48771282541848
5.15083856410583
5.70469161361624
5.16436942626835
6.21183479546245
5.18497314046647
6.39539210582589
5.32555171996579
5.66381211928567
5.14288693974225
6.368013782214
6.13851451317889
4.82277613394746
3.17485177681412
6.06022619328292
5.73191060301651
4.34312063989083
3.8048232768706
5.85184089453488
5.06287262701432
5.09354203254051
4.05517065335278
5.85922914476591
4.11468362790155
5.90955345986249
3.13388252108763
5.70765838736416
5.4617287943253
4.19382026908663
4.86758720368085
4.50047245440227
4.49240074489762
5.29321874595702
4.10906857449628
5.16145558425109
5.99477479531363
4.71802586174094
5.80904956478406
5.0989910101773
6.73281986938768
4.61120105791493
3.84648752919821
5.97714305170843
5.49349727444415
6.08689066390994
3.32257472200438
5.30893097874393
4.68232056146163
4.55500236271402
4.755855441812
4.97702174573963
5.318313799075
5.92756236963157
5.32863204983133
3.43804125053877
5.33118245256364
3.52777281667309
5.72057447538182
6.43285925340238
4.29437082130843
3.71818099451445
3.99059758832029
4.19055581792966
5.27706170098338
5.08724147778322
4.97320253195206
4.75760981738648
5.73224820741112
4.41243545933764
4.12499797159594
4.85008740514373
4.22908497096639
4.95298360183171
5.68740400506164
6.74800450408468
1.86185594599561
5.43052492667699
2.44338937716499
4.04515658028134
5.31156425540621
4.87543313749006
4.91698795113407
4.1515150517175
6.81164689905651
6.79278237241472
5.73176791274544
4.76524916748134
6.59300145523469
6.18873657177243
5.42474903988607
3.88891635198873
6.7313567562633
5.55685860136492
6.11496523199163
4.7953971433656
4.30283151985321
4.65446764566133
4.92544416905375
5.65052194961134
5.04094972827882
6.1559885723627
3.78934092104738
5.40787025204089
5.23032010306005
6.14971257554591
3.77830966818127
4.88393073488459
5.14057561475447
3.28048362876224
4.03157533570074
5.42935833965801
5.34510208214694
3.68081736634844
2.89961544039713
4.82285333135011
4.77352705217783
5.27788342701087
5.64380740244001
4.23723405641182
4.41533909402337
4.07539946189414
4.13044433541582
3.8886858316073
5.19082097004502
4.89932544068105
3.68488476410329
4.57201306083946
4.46209408025366
3.65134643085437
3.09416663443696
3.96342824738952
5.55538235089224
3.62476242991051
4.46394729958956
5.0527813889716
5.2121585931441
4.158692283035
4.9353357377146
5.52516166741121
5.15518191324351
4.4819302027045
3.82035786448818
6.53532352827234
5.18099698000923
3.93486615105429
3.42140147668172
4.55307158638917
3.25516956200964
5.36890290466964
3.52305707733713
3.77844551559546
4.19756155984651
4.95867364753761
4.5869535826647
5.00946284210212
3.34781461457656
2.63727719165994
5.25051569946427
4.90819743095069
5.63788683900977
6.36910353448241
4.43864388261004
6.1932615225975
6.22695914291763
5.4995050207047
4.31024541887225
5.45408229955571
4.96011180193774
4.91660958563347
5.7608708747948
6.80323636438637
2.93700127180821
6.27122928915028
1.39754727788904
2.46914117084122
6.7805160294503
4.87407931202767
4.91469358852854
5.13151178270641
6.13985245347106
6.71892736249883
6.52298279386877
5.61293278962576
5.2535403486104
6.59270131484146
5.36379800675004
5.05368586830903
6.60007324663043
4.11579134501969
4.61459448185227
5.10174500615844
4.37544450515373
4.81311063548289
4.46087385482817
5.4235349078881
4.44621032432116
6.16295985788154
4.97951159103059
6.14864614210624
5.83267859329364
5.55282915247587
4.85345499399386
5.47701549161258
5.55273546980382
3.76299697308731
3.13502054421225
6.76880172028152
5.49457448493483
4.39222760777349
3.20093576114498
5.80285006233901
4.93362498687894
5.00323322632784
3.74937958735243
5.20907002950488
3.97857696629936
5.76656299387787
2.51222172265923
5.59923473162262
5.75613555471489
4.30433901873412
4.60036612134958
4.42752064818798
3.867354676296
5.2210507978487
4.55107710803332
4.96857180958693
5.97484264759219
5.01805102848807
5.94271190649169
4.68335966956971
6.53960182343462
4.51148166943604
4.05915702945961
6.09047625208109
5.3138315725067
6.29135570348312
1.84245382916376
5.59162119352478
4.80877387058096
4.37095843047372
4.49654680249431
4.33637561376986
4.6906653639037
5.7288223443214
4.96020882632735
2.65066622256674
4.6292611153903
3.14611473504335
5.01865313820849
5.98246635629549
4.6418064361473
3.76160208246492
3.99014902937849
5.79403344088866
5.57398054534227
5.75615341514477
3.55933632464925
4.71662719815308
6.83581111794229
6.25391680596819
4.24633912520473
6.90383103525693
5.44612599910215
5.6264649151684
6.52341123389653
7.40439909773544
3.8816022853572
6.58998984721222
3.23668589974565
4.72684536330497
6.1588875711006
6.21060860830097
5.69322988911588
4.22630187263456
5.94382853592194
7.71036527810131
5.54315826744262
4.11673038535641
5.35347127564754
6.21116562151481
6.45038451717619
3.62593127233976
6.77171549676461
5.89564603644783
5.55511117446591
5.26182987341789
5.71961660194548
5.34595321940919
5.46097046543613
6.9044877017961
4.79868895630911
7.62024399598104
5.54694268327274
4.49853745025973
5.80333840177576
7.40596857356889
4.34236167030004
6.20179061753982
6.77701030110765
5.09441448698368
2.88825616321645
5.62536283250012
5.59419992251989
4.39850937979388
4.40081492912238
5.08488394363444
5.53862017984372
4.76782754599251
6.10857482007344
3.89241613748759
5.068549282501
5.87444791172815
4.41285027272312
5.66882482451572
5.67100149350256
4.44097085844079
5.02102213282609
4.91933636132985
5.88539156547891
4.71339928464153
4.60120327020136
5.75183647189007
5.35587091714431
4.36041413403535
4.69832187906866
5.62198762140368
5.71525567411778
4.98638493663694
3.95793473214758
5.05006189083191
5.32883813414365
4.67624986725567
4.82723689916579
4.16819487688245
5.76278075709215
5.20941253668101
4.99941962210206
5.08148856491761
5.65267533611111
6.81499082375463
5.8194019976294
3.49155247710155
6.69375998776464
4.13549999290627
6.61898038291385
5.61265149701083
4.27809070757949
3.90530617255337
