2.73955119104183
4.00588540545357
4.41489794945107
4.35850412268269
3.96352630140679
4.02027239223102
2.81221262152029
3.30940383531266
3.36081445742997
2.73955119104183
4.74329792517022
4.20915759508543
3.9648733431607
4.85524319346109
3.89671175023376
5.8471373835867
3.39103474395935
4.03517517803698
4.38937229510324
5.85597352473098
3.79059656462749
4.64981065120604
4.17875339736345
4.3513295415169
4.06623007970776
5.07029389074204
3.03950147735524
2.29498741244555
2.93327732482247
4.60400664473532
3.75280803557108
4.95630780813932
4.23801649012168
2.88591383354348
3.72862154191179
3.10313832775924
2.58359916481082
2.71049577707685
5.01664788273855
4.00107940106161
4.18675632356383
3.27688634263438
3.22478428183766
2.41639145471702
3.58302403408213
4.30395306643953
2.94948098088076
3.73745768305608
2.56170587733986
3.37813312095523
3.19244166609423
4.29691383138565
4.57411676342559
4.76220289798241
4.05171970477394
3.44912003507796
3.70162358204223
4.72434425693341
6.72301064365332
3.77822701815714
5.32212869908052
4.10539789037178
3.89828341308129
4.68541531804525
4.93849433252297
3.99032212092216
3.63181625326868
5.64991416187468
2.56907063216885
2.01968411148866
3.91876223794121
3.91297832965974
3.10633268262571
5.05414221646762
2.40382712114425
2.69253100369349
2.8319483434973
4.18882058439721
3.41467486650551
3.5040415971805
3.46705894698978
2.92417097909202
2.68928223057187
3.0253692077202
4.67698631401849
2.44808658665753
4.12796816956724
5.1734659636309
6.09810320180715
2.43747790153941
6.20530930394055
5.16586856666878
4.23732489962462
4.93993747926509
3.78339653445846
2.52463776505806
4.22133888786071
5.51966704518689
3.71548439365866
5.39488575316237
5.2335815764872
4.78213595473636
5.36215535073956
5.27949269863297
4.29669538026507
4.52168363222846
4.04248139883413
4.83897256344725
4.80001578856266
5.66683590435501
3.79964186675078
4.69204298553261
4.62366667759441
4.65146359118402
4.52168363222846
2.71980404573161
6.22764842616564
4.43325462069002
7.29287503102636
5.05801176335604
6.19273687266082
6.49188407057056
6.75490620300916
5.84457646194854
6.57205762503891
6.03588230886812
5.22274887105295
5.77016743341524
4.46396127811225
4.6673996223487
6.36200175201883
5.51665071100264
5.27667668544059
6.77994221271212
6.38015755454133
5.8818596128655
5.72649101815335
5.22424494661291
5.26934126856005
4.63648319700566
4.07971436970706
6.27688350242257
3.98109510360018
5.86976441025021
3.53524757365211
4.04575973095048
3.42028555271387
6.18352267183825
3.73186102254549
4.61499905350288
6.0166681760663
5.90821937088134
5.18927518984945
5.42055769215021
5.64149873867579
5.11862213870532
5.95594700201815
4.67939749889441
5.345719664438
5.37427952467795
5.21554075281043
5.57366545233131
5.66146783029073
5.89273583801691
4.36500899179255
5.38807201509053
5.38399720781635
4.78396480442303
5.17639055841567
6.22587887986331
5.70610220243316
5.06145349630993
6.51239575970444
5.27263051080169
5.0013733844837
4.23040705857009
5.32581686420758
5.84232931969825
5.29984733887278
5.00972472108264
5.46716087097274
4.64811588780762
4.50156536626517
4.72089735016171
4.77414874077833
3.20836914177395
3.76086054356963
3.46126026079251
4.52505992184896
4.37491956496487
3.56244208505411
5.01854007356043
5.70822307721618
6.48947951806601
3.68028589162421
5.31688198248608
4.77099542703388
4.77853367131259
4.14967540807916
5.03450877994139
4.13646443152008
5.46584820715055
6.91825226256815
6.15530778773929
5.16155267524504
3.40261235581752
4.84089340254027
4.43545004650295
5.0269668613384
4.43951090976736
4.32747724347291
4.46236250091925
5.29133263420059
5.16155267524504
3.3596730887482
6.58381950943451
4.79782036274971
7.70638696698116
5.42257750541573
6.66059346990087
6.12731832851085
6.81488236424804
5.40457418931597
7.05288700714953
6.4004480509278
5.58731461311265
6.13473317547495
4.46588211720528
4.02753057933211
6.72656749407853
5.51857155009566
5.27859752453361
6.41537647065244
6.01559181248163
5.51809809821805
5.72841185724637
5.22616578570593
5.27126210765306
3.99661415398906
4.28662150233895
6.3532509857541
3.61652936154049
5.22989536723361
3.17068183159242
4.0476805700435
3.05571981065417
5.81895692977854
3.36729528048578
4.25043331144318
5.3767991330497
5.54365362882164
4.54940614683287
5.42247853124323
5.27693299661611
4.96315319319958
5.59138125995845
4.03952845587783
4.70585062142141
4.73441048166136
4.57567170979383
4.93379640931471
6.07497976624552
6.37356522012755
4.36692983088556
5.5974397744303
5.01943146575666
4.78588564351605
5.23835843542845
6.24818036242744
5.70802304152619
5.06337433540294
6.74567671877919
4.908064768742
5.00329422357672
4.87027610158668
5.96568590722416
6.075610278773
5.3017681779658
5.01164556017565
5.46908171006575
5.28798493082418
4.72600163423394
4.35633160810201
4.77606957987135
3.41527627440584
3.96776767620152
4.10112930380908
4.52698076094198
4.37684040405789
3.56436292414713
5.24297634152919
6.07278881927588
6.08775544264829
4.0448516336839
5.68144772454578
5.13556116909358
5.14309941337228
4.51424115013887
5.25164941106832
4.50103017357978
5.68647765345246
6.56695893801067
6.00658362471715
5.35473159770783
4.13668375385446
5.02461757055378
4.39682978106434
5.76103825937533
4.39627016457054
4.16186216380562
4.01091687916839
5.48090944837329
5.35473159770783
3.31643234355138
5.68923940286118
4.12164277865433
7.98313953643861
4.53840241451651
6.86010804730552
5.92788866498917
7.06911076889036
6.00460291407724
7.23942879968359
5.51627296002859
4.90979873432583
5.29632330680425
4.50465272365215
4.90977019228909
6.01526804590436
5.82210110881946
5.65511757770818
6.21594680713076
5.81616214895995
5.14924552562388
5.79169834428228
5.2649363921528
5.6232662802386
4.87885376694604
3.20831293619226
5.51205912339711
3.4509142818732
5.87830772364933
3.00506675192513
4.43385183041465
2.89010473098688
5.61952726625686
3.2016802008185
4.21181304600456
6.02521148946544
5.34422396529998
5.28347754486978
5.77448270382877
5.07750333309444
4.47789298759435
5.55276099451982
4.74460482502334
5.43992201945833
5.46848187969827
5.30974310783076
5.66786780735165
6.39562635445575
6.56010701266161
4.72858521066769
4.49038762506124
4.82000180223498
5.02633537436341
5.526455419234
6.21895135468835
5.77578867686447
5.15565585133025
5.67889622149922
4.7424496890747
5.37981427675129
4.88198782382365
6.15886482968696
5.00882978149302
5.42664638872858
5.36364973276119
5.82108588265129
5.47756174499689
3.82830639686135
4.31771134266339
4.93527786729582
2.33696770825915
2.88945911005482
4.34052502122626
4.68618904836646
4.53604869148237
3.9645948951628
4.3240537280749
5.36148937110171
6.73210498705293
3.16853986970365
4.79727263364656
4.25138607819436
4.43179996519811
3.63006605923964
4.15524401950763
3.62471840959952
4.75945908944184
7.13962449316027
5.68074557299601
5.12690143372921
4.00975099641131
4.2337547619465
4.76728538613986
5.63410550193219
4.40485966825154
4.6593125831098
4.59093627517159
5.25668139268478
5.12690143372921
3.32502184723237
6.61562557252904
4.76316912123388
7.88483192390857
5.3879262638999
6.79795467416157
6.45915366814774
6.99332732117544
5.7356053015406
7.17727542653966
6.36579680941198
5.55266337159683
6.10008193395911
4.19265141096562
4.63466921992589
6.69191625256269
5.24534084385601
4.67145888393983
6.74721181028931
6.34742715211851
5.84912921044268
5.12127321665259
4.95293507946626
4.99803140141342
4.60375279458285
4.25197026082311
6.42476155023082
3.94836470117738
5.83703400782739
3.50251717122931
3.71584523040661
3.38755515029106
6.15079226941542
3.69913062012268
4.58226865108007
5.98393777364348
5.87548896845854
5.15654478742663
5.14924782500357
5.60876833625298
5.08589173628251
5.92321659959534
4.6466670964716
5.31298926201519
5.34154912225513
5.18281035038762
5.54093504990851
6.25342472317294
6.49795363951767
4.09369912464592
5.56278853291446
5.35126680539354
4.17874700292227
5.41680339235586
6.29569857402524
5.43479233528654
4.45623569480917
6.71102547726335
5.23990010837889
4.39615558298294
4.83562486007085
5.93103466570834
6.04095903725716
4.9699328383289
4.738414853936
5.1958510038261
5.25333368930837
4.69135039271811
4.68816694773888
4.50283887363169
3.38062503289001
3.93311643468568
4.06647806229326
4.25375005470232
4.10360969781824
3.29113221790747
5.20832510001337
6.03813757776004
6.06539772405947
4.01020039216808
5.64679648302996
5.10090992757774
5.10844817185646
4.47958990862304
5.2169981695525
4.46637893206395
5.65182641193663
6.69134735740081
6.12257738531648
5.06829680033198
3.95114636301409
4.50905806290339
4.68615658792749
5.57550086853496
4.34625503485431
4.57818378489744
4.50827362306501
5.19807675928755
5.06829680033198
3.26641721383514
6.53449677431668
4.68204032302152
7.69002380225956
5.30679746568755
6.60513826828647
6.35146272705513
6.7759950347113
5.51827301507647
6.98445902066454
6.28466801119961
5.47153457338446
6.01763592095425
3.91734811000872
4.57606458652867
6.61078745435033
4.97003754289912
4.94676218489673
6.63952086919671
6.2397362110259
5.76800041223033
5.39657651760949
4.67763177850938
4.72272810045652
4.54514816118562
4.17084146261075
6.34363275201846
3.86723590296501
5.77842937443015
3.42138837301695
3.71584523040661
3.3064263520787
6.04310132832282
3.61800182191032
4.5011398528677
5.92533314024626
5.76779802736593
5.0979401540294
4.87394452404668
5.50107739516038
4.97524973149096
5.84208780138298
4.58806246307437
5.25438462861795
5.2829444888579
5.12420571699038
5.48233041651127
6.06060831729782
6.30513723364257
3.81839582368902
5.46082666262731
5.24357586430094
4.45405030387917
5.19947110589172
6.0783662875611
5.15948903432963
4.73153899576607
6.61715899925788
5.15877131016652
4.67145888393983
4.77702022667362
5.8724300323111
5.9585130242523
4.9699328383289
4.46311155297912
4.92054770286921
5.19472905591114
4.60956817342329
4.60703814952653
4.2275355726748
3.29949623467765
3.85198763647332
4.00787342889603
3.97844675374544
3.82830639686134
3.01582891695058
5.127196301801
5.95700877954768
5.94286634996249
3.92907159395571
5.56566768481758
5.01978112936538
5.02731937364408
4.39846111041066
5.13586937134014
4.38525013385157
5.57069761372426
6.45213427377251
6.04144858710411
5.53764142394603
3.90840757793469
5.01239840203905
3.99124101824997
5.53276208345557
4.54808616681695
3.75627340099125
3.52547630469711
5.66742138290159
5.53764142394603
3.46824834579778
6.17169048596002
4.52723154146871
8.26088907988504
4.94399117733088
7.13785759075194
5.52229990217481
7.34686031233678
5.91166709086326
7.51717834313001
5.92186172284295
5.31538749714021
5.70191206961862
4.48382346797913
4.70679704191499
6.42085680871873
5.85700617311641
5.6546862732346
5.81035804431639
5.41057338614559
5.19296382321219
5.77086908860926
5.24410713647978
5.62283497576503
4.67588061657193
3.69375351066353
5.93952868337563
3.04532551905881
5.65003154772957
2.59947798911075
4.44707056126804
2.48451596817251
5.2139385034425
2.79609143800413
3.80622428319019
5.79693531354566
4.9386352024856
5.05520136895002
5.77405139935518
4.67191457028006
3.99245241312306
5.14717223170546
4.51632864910357
5.21164584353857
5.24020570377851
5.081466931911
5.43959163143187
6.67337589790216
6.83785655610803
4.74180394152108
4.97582819953251
4.41441303942061
5.01783635936549
5.80420496268042
6.53778465080147
5.75495942119145
5.13482659565724
6.16433679597049
4.33686092626032
5.3793829722777
5.04178110108546
6.34177465592515
5.4942703559643
5.41034343501536
5.36321842828762
5.82065457817771
5.66407367952518
4.31374697133262
3.91212257984901
4.92305869878108
2.82240828273042
3.3748996845261
4.57040453455737
4.67396987985171
4.52382952296763
3.97987920014661
4.80949430254617
5.76707813391608
6.77849441051762
3.57412863251801
5.20286139646092
4.65697484100872
4.83738872801248
4.035654822054
4.6406845939789
4.03030717241388
5.2448996639131
7.18601391662497
5.19530499852473
