4.72928813705398
6.55307709860815
6.88910485549326
8.07713862512375
8.63312151862498
5.18272128885013
6.94218032372972
7.80280425887474
5.18272128885013
6.72552858761514
6.18189080258787
8.09905204110905
5.93925458207615
6.41781976803346
10.5907504573674
9.44849797390367
8.81858520010559
5.93925458207615
7.78554604697801
8.28077434397626
6.91251543913056
6.06657327630414
8.07145008585787
7.55199424394295
9.82010810411577
5.21802011297785
10.8309461456086
9.02436246672438
8.86719572324926
7.67946427265687
9.76197656835353
8.88832788292916
8.33422679351899
8.81298031729018
7.22825726789351
7.96387072989653
7.39842394373231
7.87377550812986
7.87377550812986
7.50164537905533
9.02436246672438
8.19178105226072
9.02436246672438
8.65746155236668
7.93911634718865
8.56127739195026
10.2816005419429
6.66862978296525
7.6398720240553
6.04026784626234
9.06535052128761
8.90435708529971
8.81298031729018
8.63312151862498
7.32848747197353
8.22202106906376
8.85941450675261
7.48980015715524
6.91812032194597
9.02436246672438
8.32038361374891
8.68955773690685
7.0919451795796
8.22202106906376
8.19178105226072
7.35975313733113
5.53738693107027
6.02872457349963
8.36173798668445
8.19178105226072
7.35975313733113
7.35975313733113
8.09905204110905
8.75040561384662
9.84139683272651
8.09905204110905
6.04005101937161
7.64923395866409
9.56784947727501
8.35895170277709
8.35461078227549
5.93925458207615
7.10894312239935
6.08087753840168
7.48980015715524
7.10894312239935
6.50500586124009
6.0542803702441
5.4065618463269
7.88018155708079
8.98494479774296
8.98752668965211
7.11500075720852
7.83660931110273
6.30226708367636
8.09905204110905
7.67946427265687
5.68844456714437
9.9290967490029
8.98627262306247
8.93149465141433
8.63312151862498
8.88393153355677
8.88393153355677
7.48478603198475
8.88393153355677
7.48478603198475
8.98494479774296
7.68223690482113
7.83660931110273
8.98494479774296
7.78325016900733
7.43142688988935
8.69516261972225
8.88393153355677
9.72651418020822
7.73559604691653
8.69516261972225
8.88393153355677
9.77314141493078
7.8569763224432
7.8569763224432
7.48478603198475
8.63312151862498
8.98494479774296
8.98627262306247
8.98627262306247
8.88393153355677
8.93495511765172
7.68223690482113
8.93149465141433
8.98494479774296
9.72651418020822
8.93495511765172
8.93495511765172
7.81854899313505
9.76753653211538
8.68068463648255
8.93495511765172
7.83660931110273
9.77314141493078
9.72651418020822
6.10025707939535
7.39382450973743
7.29545540757484
8.85397075326393
3.0607827474137
7.80366117689353
6.46509774774674
4.15955997522848
7.55495463310441
8.88941044461386
7.01453951259555
5.30325857363006
6.41896396860943
5.52325272131016
8.10168201950538
3.03864557073997
4.47827818706838
5.95995627337585
4.60894388279485
3.0870237243068
5.55645138938741
5.05209673001382
4.11943561023576
4.13905966626489
3.84407733554888
7.57789429051078
8.42703478658613
3.43963043628632
4.03117316574068
3.52424407744253
8.83677225640221
2.97397054604594
3.99710729815048
6.00656059710388
4.13055085683024
3.36664860159712
5.8690206383981
6.26002778867738
5.37329495663037
3.32916771415483
4.16046309504609
4.56311624101154
4.56892251413083
4.92820004273442
3.89268753281947
4.9674919497978
7.89885957751797
5.67266758687443
7.58807497764127
6.84358850154964
5.23615450179518
8.16490280049653
5.23508208283324
3.84723152726021
6.83367941708495
6.50628309631433
3.05258248007269
5.27741143215878
5.90538293299869
3.93089622587291
6.55569679119879
4.94278806162542
4.25964182906172
5.89485871401827
3.23480742244725
5.8214071801942
5.00335562225905
6.77445740129168
6.24675496335776
2.70471369010018
5.23297297736398
6.47761978165558
4.90248590210507
8.35042194423392
6.78395488302225
5.37849999232653
4.55456683815185
5.22628446173539
8.9663039512594
8.53488692178023
7.26172968511917
7.49320608696157
6.69649220469895
6.36758344189447
5.25106969996233
7.86879165114088
8.77716781962111
7.96726840564939
7.13086261981861
5.84154072004902
5.02510073245615
2.1176748344654
6.30622634396448
4.17872374029153
7.41495377621852
6.32204282286826
3.98938576792587
6.61406506263916
5.81488364788511
2.7840709629244
6.29438657190026
7.90834590243811
7.47140397907839
7.18745889956504
2.44674133879713
7.69802950967673
5.29412821605867
5.06304795130021
7.44932296588762
8.41233528111522
5.6714566781705
5.29696498597757
7.15579661551026
5.98238448345263
6.72271502524453
4.96874933522296
4.68245155760273
6.69678892027667
5.10070545480045
4.44147400140955
6.88213264266447
5.18816536486517
5.83710399835465
4.29667592202104
5.44031917477607
7.75191229076373
7.13383129712174
5.60870159686855
5.1975255399345
4.13933247776048
7.66128719091084
5.24187757991258
4.77115727536133
6.00945700667673
5.41663154936032
4.83553504085123
4.91531774178452
6.6077164909937
5.72098365894668
4.79805415340894
5.54709831134303
5.84546910523778
5.96934747019869
5.88305117793665
4.83636561912405
4.3419925257293
7.30725399951491
6.72432339538079
5.89992527313696
6.00492885800437
4.9679681004293
6.83369881633361
6.22616449515963
3.08278843220878
5.30058826066369
6.33863065072487
3.85421659390891
5.66767534039046
6.79985094790156
5.33132118194078
5.39318875655503
3.96210873185806
5.428853661257
6.24710588515669
4.42737354049459
5.56319130525396
6.15616246815406
5.99643982214123
5.31032650725042
3.89727980814751
4.1552230625382
5.3998698668298
4.49603440502907
6.6628644339584
5.62903918778194
5.50507641927461
6.40989343524282
6.18256716453508
7.3056647842115
6.96376739896455
6.19633363411106
7.19883957063608
4.87501895564938
5.7256052109687
5.65280965596214
6.06537757093391
8.54479014016307
8.08964008082523
6.40045225115779
5.22708696105749
3.73613309644593
3.53809899670983
5.06477537736917
3.38853251542098
6.30699063414509
6.71780233038137
3.50927801842185
6.67184789408097
4.15881076490067
4.84704474200795
6.66732243205806
7.90834590243811
7.09846811892059
7.30494812365254
2.81967719895493
7.9876320365012
5.41161744014615
5.06304795130021
7.73892549271208
8.52982450520271
5.96105920499497
5.29696498597757
7.15579661551026
6.2719870102771
6.84020424933203
5.25835186204742
4.79994078169022
6.69678892027667
5.18537472684181
4.52614327345091
6.99962186675195
5.56110122502297
5.95459322244214
4.66961178217883
5.55920648521226
7.83658156280509
7.25132052120922
5.73511314534211
5.31501476402198
4.51226833791828
7.77877641499833
5.32654685195395
4.8975688238349
6.12694623076422
5.50130082140169
4.92020431289259
5.28825360194232
6.72660380142988
5.83987096938286
4.88272342545032
5.67350985981659
5.93013837727914
6.09575901867225
6.00193848837283
4.92103489116543
4.3419925257293
7.42474322360241
6.72432339538079
5.89992527313696
6.29453138482884
5.09600450332941
6.9511880404211
6.34365371924712
3.45572429236658
5.38525753270505
6.46833705435409
3.85421659390891
5.29473948023266
6.91734017198905
5.45773273041435
5.4778580285964
4.07959795594554
5.428853661257
6.36459510924418
4.51204281253595
5.56319130525396
6.15616246815406
5.99643982214123
4.93739064709262
3.98194908018888
4.1552230625382
5.3998698668298
4.12309854487127
6.78175174439458
5.71370845982331
5.50507641927461
6.40989343524282
6.18256716453508
7.42315400829899
7.08125662305204
6.28100290615244
7.19883957063608
5.24795481580718
5.7256052109687
5.65280965596214
6.43831343109171
8.17185428000527
7.71670422066742
6.02751639099999
5.22708696105749
4.0257356232704
3.62276826875119
5.06477537736917
3.66219092439506
6.67992649430288
6.34486647022356
3.88221387857964
7.04478375423876
4.27629998898816
5.13664726883242
6.47267780778368
7.90834590243811
7.09846811892059
7.65686097754431
2.48660830145844
7.79298741222681
5.18248150553056
4.79099274242601
7.5442808684377
8.52982450520271
5.73192327037937
5.02946855356063
6.95203617833712
6.07734238600272
6.7125249563965
5.04622297237174
4.59052289806827
6.49302848310352
4.88186587204414
4.24816531584321
6.84429106915533
5.24420298088715
5.68709679002519
4.39755657330463
5.11714083710135
7.64193693853072
7.14406726976008
5.49644901441215
4.87294911591108
4.07020268980738
7.67152316354919
5.11441796227827
4.65890469290493
6.20703623208732
5.22332286379397
4.65270788047564
5.07261103104794
6.43970351943609
5.55297068738907
4.61522699303336
5.43484572888662
5.6686587505672
5.85709488774229
5.73444205595588
4.64897968229122
4.13257464210735
7.31748997215326
6.72432339538079
6.20308203450561
6.09077094765569
4.88658661970747
7.25434480178976
6.07615728683017
3.13784406056178
5.27800428125591
6.57612065737599
3.43944353046691
5.01676152262495
6.76851593345964
5.21906859948438
5.37060477714726
3.76171772414073
5.15087570364929
6.09709867682722
4.244546380119
5.5113116178441
5.93598694668971
5.79267938496808
4.85405731375928
3.71445264777193
4.10334337512834
5.34799017941994
4.32172031505111
6.67449849294545
5.60645520837416
5.23757998685766
6.50182550090918
5.92108753782313
7.31590075684985
6.95357733011652
6.15332361321691
7.02069327725746
5.19607512839733
5.53096058669432
5.37483169835443
6.38643374368185
8.17185428000527
7.71670422066742
5.83287176672562
5.41580883659836
3.69266672577391
3.19280653961752
4.95752212592002
3.32912202689857
6.67992649430288
6.45265007324547
3.49726529367329
7.10434727351569
4.16151300973134
4.92451837915674
4.77016171093884
7.61846720746627
6.79749246250868
7.22933484978856
2.87575677069037
5.79517006591116
3.94118486091548
4.84594189120615
5.54646352212204
7.69566463688123
3.46931140623586
4.88575190075645
6.24689437442871
5.04574031105121
7.84748761358477
4.8651901472028
4.9475274669648
5.78788667919511
4.86106807316897
4.01123427448721
6.61443359172244
3.73972623407702
5.30030598788682
4.07956986192698
5.98112745389707
5.96148520161859
8.12623825280201
5.88182349412667
5.05660010304023
3.27672502357758
7.38319718193421
5.18206326674292
5.50861334162295
6.59519617205501
4.40656539296548
4.93305788685473
5.17470415730979
4.97369636636394
4.08696353431692
4.89557699941244
6.14417542048432
6.3083604307289
5.6511668181955
5.29842493120066
3.84413004470916
4.64485738904035
7.72990319418022
6.46739387715253
6.56037677819948
5.59480302806248
5.24196633417744
7.7278728616091
5.51443991015849
3.39170495310383
3.85391504203623
5.85551033669547
3.82605841925774
4.35254400185604
7.12381310142645
5.02137799042161
5.60951540201143
3.40010564746634
3.93575961027617
5.22659490816348
4.85184019459395
5.19812661571036
5.03692879254763
5.31113199615692
4.20314360068559
4.32174646224689
4.28893478413427
5.53358158842587
4.71207610693706
5.92143608369555
6.05283179111584
5.14676808543162
6.77380676409727
6.05546348535837
6.86799396179285
6.21771470619885
5.87946795142189
6.63756054673786
4.97278386754778
3.7963948205026
4.06132521424657
6.34781211907603
8.61091729243389
6.88013960454734
4.47124186069168
5.9198673161206
4.65383858959188
3.96320900798328
4.60422901584301
2.05407566267424
6.51588835031291
6.83728891187783
3.00852647390326
6.60580787489379
4.9009210349325
4.78723042883829
6.37223356585889
7.59442693205614
7.63657961744956
7.87487828608801
1.78090410287356
7.69254317030202
5.31234626150413
3.90070562172562
7.44383662651291
8.58884139497853
5.72547887217458
4.57617768823332
6.45692906022193
5.97689814407793
6.69936770970872
5.06924384342114
4.83857943880574
5.99792136498835
4.39673846381285
3.73081405530062
6.81830285107907
5.29584115032073
5.14846789084974
3.88260037357642
4.60218463737313
7.54149269660592
7.31866991585049
4.89892968773842
4.35799291618286
3.55524649007916
7.8461258096396
5.01210875131304
4.06138536623121
6.29843746059013
4.70597160325138
4.1140789813002
5.34437155806359
6.34238287239803
5.45565004035101
4.07659809385792
4.8373264022129
5.11778835841432
5.83110666966603
5.65408705078637
4.54853544036643
4.00769532268702
7.49209261824367
6.4104044249988
6.06848190182667
5.96859968969831
5.12786231382399
7.61033520290751
5.99580228166067
2.56735288272009
5.45260692734632
6.66752188587881
3.27672502357758
5.00664862444766
6.70794649208197
5.19308038140812
5.54520742323767
3.19122654629906
4.6774956015667
5.69676754510943
3.84421524840121
5.27638973030058
5.46573043949385
5.2975722668529
4.93564795870025
3.31412151605414
3.86842148758482
5.11306829187642
4.78605740371172
6.84910113903585
5.78105785446458
4.78428912153035
6.1879065305272
5.1355790529701
7.49050340294026
7.10088739153803
6.30063367463843
6.57886490523091
5.24088052306622
5.05758048461173
4.90145159627183
6.53374380510336
8.60380702993889
8.14865697060105
6.10536338495861
5.10188986621638
2.98696252718904
2.81614810734695
4.75415206253584
2.6234178283137
6.7389433840787
6.92544481204411
4.01222149340151
7.17196289562452
4.33611565582176
4.82220916819151
5.27765568397336
7.77267791834429
6.95170317338669
7.16773192453425
2.14678535817108
6.31272442000034
4.78817504200212
4.49266158951611
6.06401787621123
7.84987534775924
4.40480347515459
5.31484735543726
6.62824106992576
5.63022498004959
7.64016802201481
5.2342540909112
4.9910781535666
6.16923337469217
4.50778777147894
3.55124408857075
7.2319366770932
4.20126326843519
4.74689707896147
3.72628956023694
5.19371765869488
6.36660720108734
8.3210638468322
5.38881489183784
4.20167895714758
2.42180387768494
7.59461686088439
5.40167020134023
4.84377213629033
6.71921661902932
4.05328509127544
4.2682166815221
5.26892095243502
5.56171785326583
4.67498502121882
4.23073579407981
5.65116681819549
5.81535182844008
6.26866990356627
5.75996196555884
4.22547674020623
4.74636498989096
7.95085902330504
6.62160458803054
6.71458748907749
5.97614972355954
5.28551702077924
7.7714235482109
5.97597694451667
2.88583637424373
4.23211874306106
5.98779651368027
4.46019851712487
4.13756146762366
7.35718955602275
5.63888107579238
5.93738330749755
2.87118272013101
4.52378109717807
5.01328237466021
4.49712935976276
5.32805686923573
5.41108394385086
5.7726690305151
4.11357155381776
3.9670356274157
4.41886503765965
5.66351184195125
4.83609655391137
6.41203372101726
6.24765738514601
5.52295878873429
6.86106163340671
5.80600016765714
7.06281955582304
6.41254030022903
6.07429354545206
7.24928601991795
5.07261023316542
4.25793185486077
4.44267190974363
6.44763848469368
8.76512800331191
7.03435031542535
4.93277889504986
5.93069198834134
3.85465567485149
3.4702959507609
5.36928637822481
1.11216589274466
6.67009906119092
6.97296281743704
2.8787788810073
6.70127187670342
4.97453113042138
5.00683736343561
6.6974401392735
7.72928972533836
7.79112421311829
7.04948148635052
2.35101849503069
7.29497594230349
5.15615080284414
5.88154459647978
7.04626939851438
8.2743578679007
5.26840311079726
6.11546163115715
6.9767404384105
5.5793309160794
7.08208264283152
4.24913748898999
4.17282062194888
6.51773274317691
5.59948186594011
4.44147400140955
6.45165366349025
5.59121893223842
5.69912658514013
5.19850590053395
5.00840881526369
7.75191229076373
7.49463029504688
5.1690735252304
5.05954812671997
4.54238604513372
7.52330977769633
4.89386565512938
5.12280718082254
6.37025600460188
5.41663154936032
4.33675862971156
5.81714772029741
6.46830769744101
5.58157486539399
4.29927774226928
5.69247337162427
6.13797067119747
5.52971939856054
5.37198886194464
4.33758920798439
5.16048917090887
6.67050017516073
7.04404362942068
6.71842191831653
6.1006517017708
4.44751807158241
6.32406788067976
5.65475944233648
2.98706558844236
5.30058826066369
6.18811641647202
4.4664383939085
5.98739557443037
6.95437510064674
4.89169311030263
4.89441234541536
3.82413131864353
5.74857389529691
6.10912847194216
4.71987510645428
5.38413512815419
5.9771062910543
6.8149364673208
5.63004674129033
4.18978137410721
4.97371970771777
6.21836651200937
4.31697822792931
6.52345564040572
5.13026277664228
6.32357306445419
6.43711210332302
7.00106380971465
7.16768737099698
6.82578998575003
5.6975572229714
8.01733621581565
5.77684893416228
6.04532544500861
5.97252989000204
6.96720754944681
9.36328678534264
8.40936031486513
6.72017248519769
5.04803078395773
3.83185594021236
3.24559743075012
5.88327202254874
2.98547894804775
7.20882061265799
6.53874615328161
3.91233158579509
6.57612505031454
4.39248687412548
4.09597924985152
5.12841007146019
7.45457853112278
6.32487303270179
8.25484324615646
3.587592058932
6.87891982164089
5.89585317192092
3.98942420101879
6.63021327785177
8.1690519944509
6.13122830352861
5.21177070996784
6.52503782922602
4.65196850137283
8.01198469046122
4.18927812015267
5.05989112062732
6.06603013399242
4.46215551518079
2.2931621870123
6.37314312817299
4.02991392653994
4.08998228376506
3.96892389205521
4.95165957563079
6.65315293525814
8.54500878998776
4.55120794161839
4.16791892860563
2.82467191300086
8.28916741384343
4.15176097579862
4.61875042515695
6.29798376023719
3.46567400830317
4.00145269395653
5.85493529374352
5.76982880403066
4.88309597198364
3.96397180651425
4.81355986797603
4.93600260178843
5.38737832709812
5.36095518172961
3.98783557013394
5.03415567820639
8.13130657609391
4.6872503610654
7.1636731258025
6.66982118333927
5.85366940386832
8.32150451444998
5.62940270094498
3.50622833986873
5.54649375150441
6.19970243295754
3.22236445133828
3.89974875445255
6.38886592391667
4.74935203884021
6.0850109082403
3.84776594303907
3.55135161253985
4.74787302781638
2.74597236895118
5.9625673030085
4.93289322947084
6.28357595709022
4.95362714483094
2.21587863660412
5.05337547143242
6.29802227572402
5.46343014663165
7.1569043591686
6.73561054037106
5.29630592617137
5.32275746051472
4.47560437366409
8.16272002843812
7.33117142258541
6.81325376609442
7.3722045816936
6.45299238725379
5.46923977677233
4.51172218680049
7.82802063878205
8.46171902520984
6.98185117984036
6.10867981634472
5.95948527047933
5.28234054450016
2.29781054669483
5.56391225553024
3.61632735732886
7.097871394285
6.77799624038997
3.05597585965646
6.97380048069513
6.25753340242365
3.96186139267708
5.8814467333202
8.24279983881906
7.42182509386146
7.29165578597502
2.98574280762429
6.07514572085168
4.84660847946804
5.24828570563598
5.82643917706256
7.86229962097958
4.16153855803955
5.81137827954758
7.12157235007793
5.45719564285487
7.22532265449146
5.06265613405463
5.05028844975339
6.66256465484435
4.9436916535589
3.98714797065071
7.32255211371904
4.7547185222433
5.03567445536299
4.56524700969013
5.46093476221941
6.53208206931191
8.03731574715707
5.67759226823934
4.49960542601302
3.26076132713813
7.33350237974942
5.63312581185691
5.13254951269184
6.73582339726865
4.4891889733554
4.70412056360206
5.85248588844848
5.59735148616357
4.71061865411656
4.66663967615978
5.939944194597
6.25125571052003
6.35299900840449
5.76466852665342
4.40051916665664
5.24289591400127
7.71316846757571
7.09172650850532
7.17861655185303
5.74670720229857
5.34305731623692
7.82727888056748
5.98068350561123
2.85298605953702
4.15338449488034
6.00022078690061
5.01137436168145
4.02137781958361
7.44923637298675
5.7232101806306
5.83767016498274
2.28354885852185
5.0185437576684
4.42858198617269
4.0612254776828
5.92178229690815
5.92724589428087
6.24279095098987
4.23677240244838
3.53113174533573
5.01259046533207
6.25723726962367
5.32122007259817
6.19531963134222
6.09565542530638
6.01948971284461
7.38151934942021
5.68981651961709
6.77140880243072
6.12256092717487
5.92229158561243
7.74808624225993
5.74966899417117
4.72805377533555
4.93743457023395
7.12469724569943
9.23524992378668
7.50447223590012
5.40290081552464
6.47212859868893
3.88750598955821
3.03439206868094
5.66060815962274
1.14501620745139
7.22355431499902
7.45390383110484
3.57943856300285
7.30432474711597
5.12062453251379
4.83523940657904
6.15903148327489
7.63272370861635
7.80071694499164
7.46382874228816
2.26424377446458
6.75656728630487
4.61184889644045
5.43829658296785
6.50786074251576
8.17779185117868
4.72410120439356
5.31048029350656
6.1933461493723
5.04092226008078
7.4321465769379
3.55124408857075
4.15973757100986
5.73433845413871
5.13370253089077
3.9923032391641
6.05951728748099
4.3875306998948
5.29955343949914
4.755257887022
5.00338534293981
6.96259525299201
7.25400948565901
4.92872860555786
5.0545246543961
4.2156538299916
7.24567097914785
4.08889381432691
4.88246226115001
6.44963239970918
4.96746078711487
3.95525690092057
5.86056075760018
5.84656570810907
4.95983287606204
3.9177760134783
5.48358209787521
5.79489361379824
5.05424968921795
4.16420095037574
3.14891521940547
5.16547753681986
6.34153086062549
6.94747761269867
7.10433150066621
5.31725741273259
4.4525064374934
6.82763213666833
4.44697153076758
2.76662173900417
4.41750225248975
6.28293633485148
3.89742287899939
5.53822481218493
5.79298304522442
4.41622340096004
4.09309669787472
3.60368746920535
5.12683190596496
5.70955532630117
4.3383733776633
4.89686896970731
5.17118068047869
5.90994225683284
5.45512022746029
3.80827964531622
4.48645354927089
5.73110035356248
4.53032991516552
6.18106106729459
5.03241010320749
5.48872101304308
6.50885373113944
6.65798675231542
7.06983469756219
6.33962595053749
5.21139318775886
7.58502126466324
5.19071212606388
5.18474428132586
5.09987951889699
6.5731406132298
9.26672076862063
8.31279429814312
5.51194997399197
5.14018664277659
3.74508121964625
3.10690482955418
5.49568003097181
2.61575337399348
7.11225459593599
6.63356607166107
4.09430622998516
6.61708021683262
4.39216532296998
3.29100740904904
4.69345183673776
7.84125003238778
6.338608673809
7.82880996435871
4.00437074791192
5.74391542903917
5.43132644785054
5.15150255069755
5.49520888525005
7.60760076421619
4.99056127565417
5.1884870912483
6.48822972163141
3.35449302915526
8.45185002999145
2.99718791453851
4.8541276400263
6.02922202639782
4.84690849862047
2.72458740840621
5.56556375855383
2.95763157180527
4.33253872304832
4.46846385475171
5.07111303764764
5.83901946142446
8.28640766612376
4.79376438090165
4.28737239062248
3.32421187569735
8.03056628997943
3.47762078302102
4.86130686444021
5.85981412945829
3.85042699174285
4.43287791535044
5.70790343153293
4.90539445321674
4.01866162116971
4.39539702790816
5.05611630725929
5.36742782318233
4.59457927290113
3.98358568528933
2.7993348558043
5.58556417149229
7.87270545222989
5.0739218623304
7.68503591337385
5.25189666015875
5.64461106811164
8.01670391206885
4.2520332045047
4.52031893032537
4.9339796824319
5.64372072431898
3.73357481524508
5.27839923376607
5.09545196628189
3.96479044512724
5.69029934506183
4.56757578024411
3.63775694837953
5.57487156079696
3.76513453919809
6.28817176033447
4.89608512187624
6.24676784949562
5.85003634054961
3.23504080685101
5.3789799287584
6.62362673304999
5.82013849292422
6.89547376861773
6.64780678176769
5.25806643823862
5.76565452605846
6.27209191015005
7.88799195638022
7.06250467704697
6.71538438581663
7.49164601899972
6.1160584575975
5.43243166917773
4.47348269886773
7.49108670912576
8.47545466631705
6.99558682094756
5.32599998843452
6.54034960487494
4.97634543206694
3.19711415789465
6.33364395780948
3.34416703713013
6.82200450856774
6.8985774382376
3.1901500322261
6.76327497215538
5.65440362957088
2.70254811619036
4.7554742113024
7.82751439128057
6.32487303270179
8.13735402206898
3.2146561987742
6.58931729481642
5.77553448114659
4.36236006117659
6.34061075102731
8.05156277036342
5.84162577670415
5.58470657012563
6.89797368938382
4.36236597454837
7.89309738002504
3.8996755933282
4.93347957215376
6.43896599415022
4.37748624313942
2.20849291497093
6.25282443739865
3.65697806638214
3.9635707352915
3.59598803189742
4.82594843725172
6.56848366321677
8.42751956590028
4.42479639314482
4.04220779022656
2.45173605284305
8.17167818975594
4.06709170375724
4.49233887668338
6.16994735733708
3.38100473626179
3.91678342191516
5.48199943358571
5.64951011325632
4.7627772812093
3.87930253447288
4.68714831950247
4.85133332974706
5.26096677862456
5.23454363325605
3.90316629809256
5.40709153836418
8.01381735200641
5.06018622122319
7.5366089859603
6.3802186565148
5.72563300096821
8.20401529036248
5.50299115247142
3.13329247971094
5.46182447946304
6.06999602932832
3.59530031149608
3.89974875445255
6.27137669982918
4.62294049036664
6.00034163619893
3.71805953940985
3.92428747269765
4.61983662491626
2.66130309690982
6.33550316316629
5.30582908962864
6.65651181724802
4.95362714483094
2.13120936456274
5.42631133159022
6.67095813588182
5.46343014663165
7.03801704873242
6.65094126832969
5.66924178632917
5.69569332067251
4.84854023382189
8.04523080435063
7.21368219849792
6.72858449405305
7.7451404418514
6.08005652709598
5.84217563693014
4.88465804695829
7.45508477862425
8.46171902520984
6.98185117984036
6.10867981634472
6.33242113063714
4.9927380176757
2.21314127465345
5.93684811568804
3.3267248305044
6.7249355341272
6.77799624038997
2.68303999949867
6.60086462053733
6.12610927094914
3.67225886585262
6.93949246303089
8.91101504630407
8.31205328641868
6.97580743140342
2.90749251183063
7.36114473799335
4.42266237064288
5.97076312492966
7.11243819420423
7.69216560110831
5.40919075880694
6.41857801445083
7.79703901743009
6.11765764964202
6.74294275404193
5.55205079366189
3.82827162460167
7.33803132219651
5.66187330726908
4.31900404738059
6.8401722132695
5.86310004749274
3.9836377071473
5.45161581742921
5.03622963047001
7.30602461675331
6.73253171624431
5.21045431795297
3.19316273248042
4.202521411733
6.04310271945711
5.79104314882905
4.66541156240545
6.54935398586302
5.21166639264909
4.95376710826347
6.39660921075898
5.45981657984132
4.5730837477943
4.91628622082119
5.44135259838714
6.45625289651726
5.85440741219463
4.6437792365823
5.0759858340088
5.85009564890454
7.18826799403182
7.49441285292289
7.74836792408871
6.85066691781227
4.11932276323992
6.56929379098867
5.61590794859919
2.82213352751723
5.08037826510243
5.82044433061632
5.19840199946206
4.74785050412743
6.27035675955207
5.21638112393672
5.87025741994025
1.70585012309963
5.69401042502054
4.21139112191002
4.31087202234421
6.60936732675447
6.78475186326098
7.11204418762678
4.94335517056294
3.78077828999714
5.70017549517839
6.94482229946998
5.7596344393232
5.77123014527442
6.03284013950825
6.62668944774786
7.74344762704337
6.09099946765859
6.28902890198118
6.00107905487984
6.654082123983
8.12009626183342
6.58074314751785
5.5050407964884
5.6129012375861
7.65334413781373
9.71489801872472
8.39230536764297
6.34346480362058
6.43340116377363
4.14454335014437
2.99030331533026
6.4106764814727
2.50772640532244
8.05166564567927
7.86287059581875
4.63982370046855
8.00245442303302
3.8079211332517
5.43034620044688
6.33110852910009
7.51519822761708
7.31025560383457
7.92149013263082
2.43632082028978
7.65141813354321
5.06951028678309
5.32077110196858
7.4027115897541
8.63545324152133
5.61895205163189
4.98189595101358
5.34948479608438
5.93577310731911
7.89123934761871
4.12637470176919
4.63547037820252
4.89047710085079
5.42056655597278
4.27916726424611
6.51717867782363
4.93254360587779
5.77528624669178
4.9273349328472
5.46387619996931
6.52072834497098
7.30728136992039
5.40446141275051
5.51218604473874
4.3877308758168
7.29894286340922
3.97136833332765
5.35819506834267
6.92273731332398
5.25432481219688
4.24212092600258
6.03263780342536
6.30705656513857
5.42032373309155
4.2046400385603
5.95931490506786
6.08175763888026
5.5299824964106
4.99762766756304
3.75772561069486
5.0479520558206
6.39480274488687
6.82995213169941
6.98680601966694
6.03092011223774
4.93153409984171
7.28529352701098
5.27756878126804
2.93869878482937
5.07730213772955
6.76535172577419
3.77989739800014
5.04776347102786
6.62358029572487
4.89195620815269
4.75289658311454
4.061348859548
5.00930642496569
6.18528813349382
4.6252374027453
4.45962325466813
4.64926569339815
5.3880272697523
4.96465888630322
4.09514367039823
4.04920783423172
5.29385463852332
4.03986857400845
6.31900222359734
4.91488462220823
4.96680602596254
6.39132825014017
6.54046127131615
7.12310658182358
6.39289783479887
5.0938677067596
7.46749578366398
4.58546380564999
4.66282929424533
4.57796453181646
5.96789229281592
8.77625942746357
7.82233295698606
5.39442449299272
5.02266116177732
4.63993206688459
3.3937688546362
5.37815454997255
3.51060422123184
7.28433164176117
6.14310473050401
4.26638327581036
6.78915726265781
4.44543720723134
3.40853289004831
7.35239242063022
9.49306210274212
8.65580552060683
8.92713821038733
4.72804757089126
8.56168631032006
6.75374457354482
5.65859677700338
8.32950214605891
8.9858960053887
7.79036704573996
6.5245589976283
8.58139918685482
6.19388053213738
7.17626103567126
4.19737725406781
4.20424078570996
8.12239149162122
5.33795969168601
4.15286196049767
5.82001063353142
6.25524256839051
3.97623420066071
5.14474066163941
4.09771565327283
8.434183943931
6.48389002231998
3.86346310859609
3.9226670720802
4.91601858403214
7.84406018171759
4.40916398855418
3.67917421043909
5.34158507335743
5.36012887592209
4.99364664392822
6.2695061951441
6.46617475568204
5.57944192363502
5.04843197197
3.59558497789059
4.76202167940081
4.75516960646539
4.71116226090682
5.36242614912187
6.22500296047496
7.99222259588433
7.39406877656025
8.79384447841713
7.29157768052745
4.83726575457091
7.80613586073602
5.68758673850719
4.74998712742454
7.51943469639414
6.28133207634815
4.3210552989059
6.05089770519616
4.64340880112866
4.11714331820749
7.51996817588851
4.48280544382205
5.99604461695957
5.35124108644514
3.16962885026295
7.85473610147572
7.15160576983148
8.03538251898238
7.27941532180404
2.63953511791587
6.76184372137358
7.99277667737685
6.87573797956666
8.15720827265955
7.57065755940182
6.69730638811802
6.72372384661568
5.60870989579347
8.60950967924911
8.24990775329501
7.9566704980807
8.38559786922288
7.55806788438159
8.00119846155377
6.99935727136415
8.51998294342928
9.41223135401485
9.32761851868138
8.48601026731572
7.90114484526369
5.29250206713711
3.06158649256622
7.38702956888145
5.18888494223972
8.25893072211294
7.66176807860709
5.28074623002725
8.29599105054943
5.09367657265057
4.05472774590149
5.14309757109664
7.24553134730848
6.79749246250868
7.34682407387604
3.24869263084817
6.08477259273563
4.05867408500297
4.47300603104834
5.83606604894651
7.81315386096872
3.75891393306033
4.51281604059864
5.8739585142709
5.33534283787567
7.96637492402095
5.15479267402726
5.07393901543836
5.41495081903732
4.94573734521035
4.09590354652858
6.73332090215862
4.11266209423482
5.42671753636038
4.45250572208477
6.10441540748391
6.04615447365997
8.2437274768895
6.00823504260023
5.17408932712772
3.64966088373538
7.50068640602169
5.26673253878429
5.63502489009652
6.72323257495513
4.49123466500685
5.01772715889609
5.54764001746759
5.09258367680012
4.2058508447531
4.98024627145382
6.27058696895789
6.39302970277027
5.77757836666906
5.42483647967423
3.92879931675053
4.27192152888255
7.85034189117066
6.09445801699473
6.18744091804168
5.88440555488695
5.37000273707756
7.84536208569659
5.64085145863206
3.76464081326163
3.93858431407759
5.98521674032469
3.45312255909994
4.35254400185604
7.24130232551394
5.14778953889518
5.69418467405281
3.52189063713733
3.56282375011838
5.35300645663705
4.93650946663532
4.82519075555256
4.66399293238983
4.93819613599912
4.20314360068559
4.40641573428825
3.91599892397647
5.16064572826807
4.71207610693706
6.04032339413173
6.1375010631572
4.77383222527383
6.40087090393948
5.68252762520057
6.98548318588034
6.33520393028634
5.96413722346326
6.26462468658006
5.34571972770557
3.4234589603448
3.68838935408876
6.72074797923383
8.61091729243389
6.88013960454734
4.47124186069168
5.5469314559628
4.94344111641634
4.04787828002465
4.23129315568522
2.3436781894987
6.88882421047071
6.83728891187783
3.38146233406105
6.97874373505159
5.01980834536869
5.07683295566276
6.87133824184437
8.70159647009338
7.99647596161265
6.60738843642486
3.17729282833554
7.28824206749354
4.13300896441111
6.05620576864243
7.03953552370443
7.48274702489763
5.17832784534039
6.32389059316992
7.71847279341387
6.04475497914221
7.03153657470038
5.27920985199442
3.40517265741379
7.25946509818028
5.74268939217927
4.40444669109335
6.56876265194018
5.64748997375042
4.08636272424278
5.53635805104749
5.11528194811827
7.24091486927826
6.68106613807435
5.22092059719701
3.27221505012867
4.28157372938125
5.99163714128715
5.51820220716158
4.87053111570012
6.29254947271333
5.29710903636185
5.05649212535896
5.9735102435711
5.39023097831664
4.50349814626962
5.01901123791666
5.45181887763118
6.57121940659017
5.58156647052716
4.5490918153014
5.0110267912867
5.42699668171665
7.11337849045621
7.2849942767122
7.51003219660986
6.77776424731246
3.70123637905299
6.06899456113527
5.52122052731828
3.82852858743887
4.94774428952787
5.55434171795535
4.74639369257115
5.56280787929232
6.01598943890247
4.94354018226925
5.77438902203056
2.71224518302127
5.62905138229845
5.04762613570777
5.14710703614197
6.27011382371202
6.70618563924475
7.08381375914929
5.35948488263423
4.6170133037949
5.41029353723259
6.65494034152419
5.5028299261735
5.62502595182599
6.01023945325747
6.53200202646696
7.48369325529394
6.92723448145635
6.2664282157304
5.90410478899707
6.55710785810022
8.02684022089068
6.27011382371202
5.47681036801092
5.54794219486401
7.23202888275971
9.50547944251404
8.18288679143228
6.27993714123664
6.22398258756294
4.41434366664927
3.8028656296808
6.26447228802427
2.77752672182734
7.84224706946858
7.60606608266905
3.82726138611802
7.7427000512836
3.3478162915162
5.15750525877941
6.53620547016763
7.24605220735134
7.78698130388442
8.02527997252287
1.71803157381385
7.85651507461076
5.47213491176232
4.8313906496951
7.60780853082164
8.73924308141339
5.88945077648332
5.2499965258234
6.15889013105587
6.14087004838666
6.92270754687772
4.82028750289955
4.64196834281682
5.69988243582229
5.29982619827361
4.16272267213044
6.72510981503462
5.45981305462946
5.58437177292971
4.81089034073153
4.74558695349339
7.70546460091466
7.6943092590697
5.04233200385868
4.79389679826282
3.99115037215913
7.72298874171915
4.88848249280608
4.99606565945084
6.96261715637668
5.13788022008121
4.05120645224049
6.02365933784348
6.50928912096077
5.62255628891374
4.01372556479822
5.56573185025255
5.84619380645398
5.73934501395973
5.45747595479745
4.21516231387366
4.6815141602771
6.91601091098164
6.56080611143367
6.56725831296633
6.66811358281158
4.93301948145507
7.38299050920381
5.73741706850245
1.63267258950045
5.41063825683047
6.8329251705257
3.81101754315971
4.57474000761785
7.15084974447655
5.10131872570183
4.96769676391728
2.7553226642191
4.84289888621359
5.26086366302947
3.70081293228095
4.92948130449243
5.13242889657877
5.94675036442743
4.77024467405336
3.17071919993387
4.519065884056
5.7637126883476
4.45268427721895
6.82070268639387
5.13027948348528
5.45810795912043
6.09540426760681
5.1984515820298
7.33850144310063
7.05055159599929
5.75152146796002
7.25672130467264
5.89005862064075
5.22155238892046
5.06685488091873
7.27248710780667
9.25298512751342
8.29905865703591
6.26933528926735
4.75351514151158
3.92164282040867
2.08774265930729
5.22956687035032
3.05932171039367
7.38812148165324
6.58960690837764
4.30034037012955
6.8612922000355
4.99327137390618
4.69858290968455
7.45889403886918
8.6584524563648
8.84652804404669
7.92257990697685
2.2540054835442
8.28256699020235
5.2939465905802
5.9613913636999
8.05441223515867
8.53828551855751
6.32752458906386
6.45271600272637
7.53090620961697
6.48355405059641
6.45886620275868
4.61964565713063
3.39284221513043
7.07189851438337
5.64075427838252
4.42313180441211
5.84341569506272
6.38250162333102
4.1157510650019
5.45866547538982
3.56900706697503
8.23381044571741
6.27158002939585
4.03696705247007
3.51776560263689
4.5090438659026
6.56401864977688
4.87037889474342
3.99070070806222
6.33391155101649
5.49964574026326
4.25710598266299
6.45415748292806
6.3584822656546
5.47174943360758
4.2196250952207
4.56036689886395
5.72680360037415
4.85588681980614
4.20255109761172
4.85531794974262
5.88423363718008
6.26202377356698
7.98140392824976
8.14913456238786
7.07928111192135
3.57677826612336
6.15181523515999
5.18047853912795
3.14775280423741
6.25816584786217
6.27716758126574
5.03886970488784
6.216038779565
5.5831440479847
4.21786053154824
5.84010514910989
3.33846476510116
6.24849510481766
5.51638216081398
4.7745249616132
6.24725643451147
6.51861905544786
7.35825800882719
6.13371160179341
4.24443122926614
5.9226718936437
7.1673186979353
5.20918837851427
6.88404609189428
6.03024346067005
6.66082743602341
7.16631449934714
6.79836862241189
7.3294681473084
7.06345564310382
6.49417501261026
8.14810906617515
6.71153472601618
6.52202113442742
6.48433588302677
7.67344978506387
9.96111183992514
9.35860539719817
7.31010934602087
6.18599774183164
3.57671954051705
3.40468567042836
6.75568665728879
3.13377951135336
8.29787946687967
7.21757907974439
5.07870176914953
7.41667416489737
3.91903444524188
4.49794106391563
6.09404872026095
7.91585578160911
6.99111734887054
6.27695085290011
3.56615080269447
6.71762836228658
4.8876179954087
5.50098167414916
6.46892181849746
7.70615292903027
4.59148242758045
5.8716743926853
7.15453417428704
6.0431155916021
7.69769711903366
5.54834298175342
4.77490806754955
6.69552647905346
4.82345176191427
3.91620014047621
7.44231430486026
4.98782751322586
5.51417668317355
5.02287623298641
6.09582884762693
6.19364202843268
8.16900892323778
6.17780558345041
5.07399527603356
3.86928706668112
7.44256193728997
5.13788997724156
5.63276282790291
6.47356703906289
4.36894908171078
4.64252923654469
5.70326433747081
5.82626184824784
4.93952901620082
4.6050483491024
6.44015750980807
6.18966438346265
6.49868110693684
5.97690577423217
4.08286683663563
4.91670193243703
7.79880409971062
6.83161745373293
6.25763507963172
6.38765584866401
5.07097178918875
7.08207459186355
6.18604140201455
4.08209898510792
3.67430800726274
5.70766568260611
4.95766042562811
5.00758378479905
7.47587197163639
5.86065481867892
5.37957257169921
3.63884353199695
5.07382728780518
5.60695158865443
4.73314414732771
5.43482124826472
5.93921039202203
6.30079547868627
4.44694932591505
4.20305041498063
4.52562941668864
5.77027622098024
4.74826830826935
6.26137688377153
5.68984664934768
6.07978582598234
6.97630979801577
6.68224717210495
6.91076463222862
6.26048537663461
5.51648280965374
7.69851957820596
5.46764120031084
4.78605830303194
4.99271810037073
6.84266945183909
8.90830586657673
7.17752817869017
5.46090534322103
5.58722847865049
4.94117905422273
3.76276171247479
5.50413173662419
2.23834676260984
7.10154351257217
6.97003623362166
3.23923260734249
7.04078426241832
4.83140802098332
5.32092625427782
5.56156281299585
7.8192897648871
6.99831501992951
7.20260101778601
3.52423603815719
6.16261113348407
4.34694067311939
5.11947994535817
5.91390458969495
7.60958691230826
4.04718052117675
5.0666930550347
6.37330592290227
5.5907010854425
8.04776105314004
5.04000569477044
5.00026844066101
5.91429822766868
4.44195003312328
3.69296773826672
7.02158749027505
3.73972623407702
5.33207200566272
4.64137450419541
6.07441545937985
5.38771641785706
7.94432387102461
5.97823509449618
5.06897180370967
3.86426359435725
7.18096617198179
4.59673273821247
5.59084806336563
6.55927114454357
3.98744735291979
4.60061447200739
5.74667737477358
5.27218889237034
4.38545606032332
4.56313358456512
6.24058702085384
5.99009389450842
6.06584495478548
4.73218038547652
2.87507892506672
4.92169029834802
7.53062165713077
6.66821643457335
6.7611993356203
5.60642759727924
5.29633216230021
7.65009158946948
4.94819536443435
4.04018422057064
2.8729923597221
5.80248560098557
4.51871451345544
4.62608205600806
6.54864623131623
5.4360561270116
4.62859271969731
3.43818971873191
4.51975433192768
5.22544985986345
4.53357365837347
5.43720517903716
5.15581610298382
5.3958012681983
4.54297747128342
4.0034799260264
4.52801334746108
5.77266015175267
4.95250418260679
5.92553641487492
5.5919939759129
5.24493377457124
7.014234839767
6.33917011470572
6.81291195879383
6.07471772721644
5.41863013621896
7.26620462705355
5.47002513108328
3.88106409254397
4.15786604895963
6.84505338261153
8.81173984985472
7.08096216196816
4.18297527257526
6.15848007402122
4.89406182415056
3.6449424717628
5.29688511004072
2.15157204204373
7.00497749585016
7.05574033910235
3.77090280214087
7.11252589023473
4.83108646982782
4.77976901524874
5.39982694193073
7.71366102856847
6.78892259582989
6.71356923574503
2.85248955675595
6.4100450670384
4.74681217386065
5.03129048869155
6.16133852324928
7.79085845798343
4.27493871918102
5.39150168203695
6.70859607509528
5.58883964889878
7.65332526870259
5.19286875976039
4.60433591130793
6.24958837986168
5.04641667065438
3.96459583352237
7.1905513459424
4.13605488112775
5.35780231587788
4.26491845941238
5.7086738584231
6.46392784812539
8.14646120074178
5.83518505316184
4.7166351568758
2.93676007741315
7.42001421479397
5.36028487018942
5.48479557166496
6.62781539052651
4.59191399045088
4.90924011689673
4.99716042541937
5.64207285843534
4.75534002638832
4.87175922945445
6.0975369795195
6.26172198976408
6.22728457241546
5.8205314069365
4.30583174537574
4.50508929577444
7.77625637721462
6.45719915604719
6.35859708795973
6.05650472872905
4.89877477852058
7.46993688218535
6.02316047565166
3.37971404698501
4.05751609697065
5.88960763576853
4.41881318597407
4.53789259934145
7.31580422487195
5.59749574464158
5.76278066140713
3.44167389797268
4.60413610234758
5.40475683561379
4.80520175362912
5.18074680781422
5.53325520180825
5.89484028847248
4.16142123954108
4.27510802128206
4.27155497623814
5.51620178052973
4.74469532540855
6.23743107492685
6.07305473905561
5.59961311533399
6.69665620142335
6.21857279235238
6.88821690973263
6.23793765413862
5.89969089936165
7.31817853178671
4.92530017174391
4.38010311281815
4.52302691491314
6.30032842327216
8.70611111353608
6.97533342564953
5.05495015300724
5.65151808872794
4.56035987343635
3.84695438303147
5.19468373213441
1.81787009132952
6.61108217141509
6.87562508360291
2.36382268127907
6.6422549869276
4.79992848433096
4.96545203228481
5.8406834448548
7.43052895557571
7.598522191951
7.71933163650196
1.97305361638447
7.24432638263126
4.66241853587113
5.20328187788109
6.99561983884215
8.43329474539247
5.03974699798297
4.60896009085578
5.67143116229175
5.52868135640716
7.54894849177838
3.46383631478693
4.39156960564146
5.21242346705817
5.21700997349522
4.07700876811725
6.11008692691168
4.47493847367863
5.53138547413073
4.43690984860191
5.25465754578562
6.76040049995136
7.1897921458329
5.15916255384077
5.30436547690374
3.89730579157151
7.18145363932174
3.88669906128627
5.11289620943293
6.68313443506989
5.05216631606802
4.03104010548764
5.52827781179305
6.07068003061489
5.18394719856788
3.99355921804536
5.69154414130122
5.86566423536437
5.11396842111257
4.7821995224138
3.555567114566
4.92154050734703
6.27731352079937
6.74528285965804
6.90213674762557
5.41937121920589
4.67708614846804
7.08313503088212
5.06353872246749
2.47689787982071
4.90796359364681
6.54068741959488
3.49029487117568
5.30321010709817
6.42142179959601
4.47594213285466
4.5835580390318
3.85499459060965
4.89181720087821
5.94138736093277
4.41415658223036
4.08668739451034
4.64926569339815
5.3880272697523
5.22010552237353
3.88406284988329
3.67627197407393
4.92091877836553
4.30123795881227
5.82857713935206
4.83021535016687
4.96680602596254
6.29795243268118
6.40903713984164
7.00561735773609
6.27540861071138
5.00919843471823
7.24190527072153
4.58546380564999
4.66282929424533
4.57796453181646
5.96789229281592
9.06452601558
8.11059954510249
5.68269108110914
4.93799188973595
4.24558463636351
3.22023453774396
5.08855202314808
3.10351247031988
6.82672650956201
6.42108268811172
3.77595819156508
6.32126349994992
4.32794798314386
3.49186622338165
6.36122623631552
7.83491846165699
8.00291169803228
7.66602349532881
2.46643852750523
6.9587620393455
4.81404364948109
5.64049133600849
6.71005549555639
8.37998660421932
4.92629595743419
5.30161618505349
5.66920503012428
5.24311701312141
7.63434132997855
3.43371860757149
4.36193232405051
5.21019733489069
5.3358972839314
4.19449799220474
6.26171204052162
4.96266131309324
5.50174819253976
4.95745264006264
5.20558009598045
6.43605907292961
7.05181473261838
5.13092335859849
5.25671940743673
4.41784858303224
7.04347622610722
3.88669906128627
5.08465701419065
6.65182715274982
5.1696555401555
4.15745165396121
6.06275551064081
6.0487604611497
5.16202762910269
4.11997076651893
5.68577685091585
5.99708836683889
5.25644444225859
4.73933156357418
3.6730563386535
5.3676722898605
6.13933610758485
7.14967236573931
7.30652625370684
5.33826401804004
4.65470119053403
7.02982688970897
5.02210214396602
2.96881649204482
4.99263286568819
6.48513108789211
4.09961763204004
5.74041956522557
6.36811365842286
4.61841815400068
4.66822731107317
3.80588222224598
5.32902665900561
5.9117500793418
4.54056813070392
4.77934348870804
4.96898592743806
5.70774750379221
5.65731498050093
4.01047439835686
4.36892806827164
5.61357487256323
4.73252466820615
6.06353558629533
4.83021535016687
5.28652626000245
6.71104848418008
6.86018150535606
6.86763994452157
6.13743119749686
5.00919843471823
7.78721601770388
4.61558151286544
4.98254952828523
4.89768476585636
5.99801000003136
9.46891552166128
8.51498905118375
6.08708058719042
5.34238139581723
3.94727597268689
3.30909958259483
5.69787478401246
2.81794812703414
7.31444934897662
6.83576082470172
4.29650098302581
6.81927496987325
4.18997056992934
2.71587679585061
6.23081902853558
8.02746371415932
7.27423695938231
8.2427305827935
3.33542017746309
7.17540281239351
6.03502846435432
5.55792026801105
6.9266962686044
8.57492691753603
6.14728077230743
6.00805263646137
7.23379132076452
4.85581370872599
7.84855353569812
2.35812744517586
3.5171073511815
6.77478362553094
5.22997880933834
3.70805865085029
5.2078855737767
4.92762778895241
4.56967317151862
4.8748815720652
3.78355948115058
7.59366926039419
7.98003333833677
3.87179658071916
4.06915273275471
3.94209736182684
8.38977080815285
3.01147253196194
4.42927344258333
5.63832645929341
4.75158578337373
3.98768352814061
5.19343414702867
6.10188179841343
5.21514896636641
3.95020264069832
4.59262923947893
5.18415116755502
4.23244245404931
4.79207519670295
3.9084625027029
4.95444384541064
7.45185812926861
6.30630679129631
7.92474067072121
6.25117791072952
4.25361739390264
7.46581283554671
5.10178670348861
3.91742068574632
6.57440749895318
6.13466122992944
3.53502122100192
6.16762284404036
5.77208755365406
3.5944161657914
6.27949270821006
4.7544864159475
5.05274216518422
6.20988325455793
3.72062932824755
6.36675321297039
5.79333236349481
7.29895662933865
6.6296352917536
3.19053559590049
5.75102642547127
6.99567322976287
4.65171495830331
7.90342049598456
6.50775080003353
6.19332734448162
5.18820604257374
6.48943173377477
8.51930250301003
8.09243747638675
6.99007760498633
8.10689348435786
6.55845304576366
6.89764413517559
6.04417003608483
7.75159929693481
9.03787116388519
8.22797174991347
7.29599620558165
6.06941899366251
4.67924170481332
2.13711956671162
6.82427979207177
3.95151617037874
7.38605459365814
6.50231176745356
3.49638058825211
6.58516588007879
5.3848143644927
2.21358612668407
6.29434669091953
8.61471869368886
7.76557732804962
8.74890580239678
3.78628748629641
7.27497698700455
6.49370192575167
4.78934354036648
7.02627044321544
8.78434549374671
6.4926207609415
5.8451562331429
7.64083519875886
4.99456853142119
7.27338302509894
2.99806525335161
4.7752459102684
7.18182750352528
4.46140208169377
3.43825833434538
5.98592946646292
5.246186341538
4.29987285501371
4.10630484442063
4.48969495807235
7.65719692277814
7.64026460742005
4.09193064253985
4.21161041051862
3.99026566673793
8.30174557640139
3.53991075191726
3.87289643613769
5.60855428250238
4.48178546686884
4.21665962277537
5.70221950871223
6.1714673999381
5.28473456789109
4.17917873533308
3.83289454464845
4.41557443991045
4.97270553568316
5.07348050468385
4.47219795656466
5.59034409586683
7.65040958745789
6.515725367507
7.90417455733971
5.97285643980869
5.51175595298955
8.18242299253071
5.41802520224499
3.70092850198301
6.63597194207184
6.39146574307915
3.54406827775303
5.16122778411872
5.38365131546488
4.33467924742525
6.64162476683526
4.25141754224345
5.11770120790631
5.20348819463629
2.21545785718623
7.07774908032285
6.21543103603886
7.16612928234547
6.40107191275077
1.68536412483918
5.87887663644835
7.12352344073994
6.00648474292974
7.8153952642331
6.68042936684461
5.91893135294273
5.94673682546282
5.03710564480069
8.43127727125858
8.02133954976573
7.17968347692784
7.98612871994449
6.61630779978672
7.22421144040091
6.10912907880693
7.7954708009071
8.86984598901415
8.43739032612416
7.61455475816725
7.01091665270647
4.50886537075108
2.09587809148375
6.44646558078549
3.92197152817379
7.21763676654997
7.26229892932869
4.25561447067812
7.23794532083873
5.59317570706293
2.7420243466394
6.21361930501259
7.55636950655758
7.598522191951
7.83682086058945
2.84476588768194
7.53392890945572
4.77990775995863
4.33156960658363
7.28522236566661
8.55078396947997
5.32934952480743
3.73724781955832
5.79727171327362
5.81828388323163
7.1676613047262
4.01292199119871
4.88071235216828
5.33826401804004
4.80290283439693
4.16167804015862
6.52007771695887
4.84787433383642
5.64887469821821
4.31106929762004
5.66604642218149
6.84506977199273
6.80850495878072
5.57055143023665
5.42185470099123
4.27024165172931
7.29894286340922
4.23085148291496
4.73300710872944
6.31239442683034
5.13683558810938
4.61448578866868
5.40243726081118
6.18816925470238
5.30143642265536
4.5770049012264
5.52545412381509
5.65783194144604
5.53288153554583
5.27274035528932
4.13901279774704
4.04982823604957
6.89357915602653
6.37234699950024
6.03042447632811
5.21019733489069
5.17515121938093
7.57227777740894
5.6144555861636
3.34861015111818
4.99263286568818
6.6703938232241
2.82485744505818
5.30321010709817
6.2464094577238
4.89485524728793
5.16700372221283
3.97248381469714
4.51888134072041
6.05887658502026
4.20632428831203
4.2125279454922
4.77510624438001
4.51631499845483
5.22010552237353
3.67623055596497
2.80455970277647
4.04920650706806
4.80001436995194
5.94606636343955
5.4136610333479
4.09509375466507
6.21751813848308
5.53732486854418
7.12310658182358
6.39289783479887
5.59264411789926
6.37019299942406
4.45962325466813
4.28989343408753
4.20502867165865
5.84205174183406
8.56574960444033
8.11059954510249
5.68269108110914
5.06383244071782
4.03641075204831
3.59740537574503
4.21683975185063
3.39311499714435
6.70088595858014
6.91985909925138
4.14889405172288
7.19297577124739
4.07378368479201
4.04095189979343
6.6537309511669
8.31995923168945
7.98917605692507
7.82308521948224
2.3343334659528
7.65432032157012
5.2699401587217
4.90774485175388
7.40561377778101
8.53704832837276
5.68725602344268
5.32635072788218
7.23279715539398
5.93867529534602
6.22173638269742
5.02788838863611
4.81142711221552
6.77378946016039
4.2259191739355
3.587592058932
6.81541662795368
5.57733853562874
5.38217701988907
4.42963941059114
4.83589376641245
7.13033398771622
6.99333809488941
5.13263881677775
4.59170204522218
4.10867585315839
7.52079398867851
4.58881120488763
4.29509449527053
6.26164599219639
4.56274960688277
3.97485225018172
5.64240840770308
6.30709436792013
5.42036153587311
3.93737136273945
5.07103553125221
4.97856162729585
5.8296518268788
5.62693472419615
4.13880811181489
4.75786836233587
7.21259256908067
7.1359367246321
6.6436125150251
5.96714241863127
5.10247825085376
7.55244927860251
5.96864995507044
2.2489744816394
4.83550764363203
6.63073041748506
4.09364659039846
4.77693476065849
6.65615342547621
5.1916255386209
4.89134256185852
2.55312791117845
5.41802949941204
5.05866890998883
2.83318075312281
6.00338832883052
6.20633592091688
6.02310456648621
4.97243942709401
2.30308702077573
4.59542008611478
5.84006689040638
5.15365544139926
6.61850793335324
5.05392528142651
5.53446216117921
6.96303644676494
5.27480578408858
7.13630669005999
6.84835684295866
5.67516726590126
7.33307550673142
5.50880769050035
5.79668300211891
5.64198549411716
6.89123617766627
8.9564034694144
8.50125341007655
6.471530042308
5.82742216584968
3.22067165622837
1.80511361206855
5.30592107240909
2.85712695735303
7.00687055151284
7.29057807255794
4.41786585112882
7.47759409217444
4.41942309842621
4.7718474819239
4.57592635573848
7.63905527934714
5.76347806061056
8.23004207470534
3.95324643538904
6.37677190145792
5.66762006461725
4.90756552122472
6.12806535766881
7.98059288251747
5.59580959606806
4.37830551605132
5.96631473455086
3.95974134956914
8.69521817588191
3.21237731252658
5.12949581414766
5.50730703931728
5.00736097522892
2.92112008974072
5.73645208875887
3.41797520574689
4.71794018649347
4.51412935210334
5.31731395208784
5.7214939804252
8.33967955038512
5.17916584434679
4.53357330506267
3.27308756317448
8.0838381742408
3.36009530202174
5.24670832788537
6.21384046298851
4.0108794683513
4.62941059668494
5.74855634588362
5.07628278342176
4.18954995137474
4.59192970924266
5.42725547682375
5.5596332944547
4.78070955326931
4.74758508059841
3.37446546900274
5.34000228759291
7.92597733649127
4.87172710928977
7.48284116033322
5.45409141319939
5.92327409738866
8.3986334460077
5.01603259981378
4.46919461780249
5.50911029563033
6.03117821269161
3.39284797589773
4.65990148970889
5.84137994474096
4.15092072549542
6.05225289572417
4.81073222097282
3.2306289405558
5.96503417829442
3.96313351942923
5.52851414863517
4.37417013479569
5.72485286241507
5.12775672039777
3.43303978708216
4.61932231705908
5.86396912135069
5.13792943934254
6.76215653907835
6.53028130076842
4.73615145115808
5.545678382604
6.06570138429992
7.95739078883548
7.11577656130835
6.59785890481736
7.08451801117598
5.88374599734142
4.91051668209719
3.95156771178718
7.25877424886968
7.9003240531186
6.42045620774913
5.12380523539387
6.3381548518343
5.64799492095721
3.26077682462858
5.92651594998574
4.01581652602039
6.90941228235157
6.28261471433954
3.13902571970321
6.8237855426266
5.7359155058776
3.19300945734743
6.0197796727572
8.19120861975689
6.96913139395985
8.90058259980674
4.47445902555688
7.72318377025538
6.50335238241758
4.83507685941882
7.47447722646626
8.93602229115666
6.92789109674682
4.68121070878276
6.01652014972821
5.42254133977511
8.45472052000943
2.84649605722907
5.05575773118504
5.55751245449462
4.93487231342301
3.96609410659504
5.84031537065681
4.68879918557089
5.22695650083741
4.44164069029744
5.3547760655094
6.43727137982876
7.69040200511942
5.08375794316779
5.13869405634232
4.32560151261475
8.35188297410076
2.69148968878753
4.86472373676563
5.84550734875735
4.93190829200245
5.01961814129265
5.68108026707867
6.18534911153858
5.29861627949156
4.98213725385037
4.82472184527639
5.16177437058656
4.85311918924379
4.80307577958288
4.06517439733376
5.26913848021357
7.70054698515726
6.09221529357503
7.60982283967168
5.87135509917547
5.84953601442604
8.46325814620459
5.14479101045717
4.97683699009646
6.59048078364022
6.63772928664203
3.0814241251186
5.51650080714473
5.11184850401523
4.21509290098588
6.58412636322981
5.81291037487436
4.55210028258138
6.72007983025256
3.60615332455652
5.91523493630086
4.96405184716601
5.91475009347262
6.27576589096073
3.07605959220945
4.74533930616226
5.98998611045386
5.55301151402532
7.86365531377189
6.55976939928335
4.66612078373171
5.59449087744188
6.00373259619557
8.48141466895796
7.83696298671549
6.82450954861694
7.29538858205364
5.28159527758054
5.97283225152806
4.89332650741348
6.66402376474646
8.07340005492438
7.64094439203438
6.39462921521788
6.58740657877451
5.8085287342149
3.48657355885403
6.40601570786776
5.06833047546067
7.08372921944246
6.57862130071288
4.19153966914349
7.17530189964226
5.3008081776901
2.12865424550819
6.50279551499912
8.22806613647802
7.79112421311829
7.40139434024229
2.51672600867388
7.10033131802911
4.92701486822855
5.11071297646592
6.85162477423999
8.2743578679007
5.03926717618167
5.34918878760054
7.27175641237702
5.38468629180502
6.45562693875633
4.35356687817404
4.33505626076627
6.81274871714344
4.79719660000276
4.16349604380184
6.58882443185332
5.27432068810259
5.43163015272319
4.42767428052007
4.85884473311249
7.55726766648935
6.88860063245808
5.22291096026013
4.61748247860908
4.10032039702282
7.41605652624718
5.0297486902369
4.38536663875291
5.93020332277965
5.13865359175261
4.56803860843427
5.10272873826338
6.18423688213409
5.29750405008706
4.53055772099199
5.16130767473461
5.58398947852583
5.58355683359028
5.47614595196702
4.56431041024985
4.45229487614726
7.06202333485125
7.04404362942068
6.52280226854552
5.39811485345799
4.60975371039979
6.99887816448774
5.82069064952816
3.16796176777721
5.19333500921454
6.29590001949392
3.75916376450682
5.70941761682265
6.51304929615763
4.94553054533237
5.28593550510588
3.50625108683872
5.4705959376892
5.84163203952521
4.15987710807763
5.831031851884
6.25570718072962
6.11239961900799
5.54671340795699
3.62978337573056
4.42306360916825
5.66771041345984
5.01437640924882
6.41620238895658
5.52178593633279
5.55730022089757
6.82154573494908
6.24080777186303
7.06043411954784
6.6981106928145
6.06865434117555
7.34041351129737
5.22619283561276
5.85068082073423
5.69455193239433
6.41655145089729
8.86451037420298
8.40936031486513
6.52552786092331
5.73552907063826
3.0000106315762
3.10813726757615
5.27724235995993
2.65241005055125
6.71004420151833
7.14530616744317
3.52738300088873
7.13446498073113
3.90604637242934
4.23186228495904
7.15300123133717
8.95566125676113
8.50540383417196
8.77673652395246
4.03266053922399
8.36352510448382
6.58977266923609
5.72146930606309
8.14683047809798
8.83549431895383
7.55819362408561
6.83790344193401
8.03861383302923
6.02990862782865
7.72246702987888
3.54530147725848
3.5400610899234
7.57960613779563
5.40083222074571
3.71695807841771
5.12049674041815
6.10484088195565
3.54033031858074
5.20761319069911
3.1630353600532
8.27021203962227
7.04452243342779
2.92878281537644
3.48676319000024
4.48011470195218
8.11417606148316
3.75855451064147
3.7420467394988
5.6749581998502
4.92422499384212
4.0589663507086
6.60137635772104
6.30077147103515
5.41403863898813
4.11375167875037
3.65845750695029
4.82489420846051
4.10159086574021
4.04547960120443
4.69824645333532
6.43713506514835
7.8216253482065
7.24366709012538
9.17040099291639
7.50337475202409
4.23251709287961
7.35448028954033
5.02340704272064
4.91330325697626
7.6392383376008
6.11592879170126
4.52222559542325
6.48680158727612
4.99178352583346
3.46356457748231
7.34937092821067
4.91870932590201
5.83064133231268
5.7871449685251
4.1043091434826
7.29105029554477
6.55502064935271
8.3363667321263
7.44481860645092
3.57421541113551
6.86619305965764
8.0395291124902
6.0914593727819
8.25823923045747
7.53019967569045
6.94040932316114
6.02420995350242
6.54339018901309
8.88906972194793
8.45765269246876
7.95404743423065
8.56367383676614
7.66836999650925
7.83046111901012
6.83395398671725
8.63028505555694
9.76060607871965
9.17721683224651
8.33560858088085
7.42442500680393
5.11608133464447
2.99871396350652
7.93944642625814
4.75298106015975
8.53837982689368
7.0563402901799
4.98314011540493
7.67817698546668
5.05555360761556
3.4041182679888
6.33114478601186
7.63272370861635
7.80071694499164
7.6346261075488
2.46351495754154
7.33173415641509
4.57771300691799
5.40547663092173
7.08302761262598
8.34858921643932
5.1271547717668
4.81115484389642
5.8736259153324
5.61608913019099
7.46424296282522
3.55124408857075
4.30686407668831
5.41461822009881
4.72654863233817
3.58654742696019
6.02538139795853
4.96539981483569
5.44667994517759
4.92737118975899
5.17135010318117
6.26993915879431
7.10508661687975
5.07585511123631
5.2196599479506
4.38776713272858
7.09674811036859
3.39623772012921
5.02958876682847
6.60897608492937
4.56170497491095
3.54057876433058
6.01873915295013
5.98597450166174
5.09924166961472
3.5030978768883
5.61576093673415
5.37520289420731
5.0381852165455
4.69889207980933
3.06510577340893
5.12373526038767
6.19260799184622
6.94747761269867
7.10433150066621
5.50677899298972
4.60130294390096
6.99842950192898
4.97883319351434
2.96735922097778
4.41750225248975
6.46819907018347
3.6924896242163
5.50540486013881
6.33671627064286
4.40015892828759
4.09309669787472
3.7702890616565
5.09401195391884
5.85668183197963
3.9236952410733
4.28888214755098
4.85146044643878
5.59022202279293
5.42230027541417
3.39360150872623
3.87846672711456
5.12311353140615
4.50343271185291
5.7438716103989
4.33975400900979
5.16900077900318
6.50014718572183
6.61123189288227
6.92091182878293
6.19070308175823
4.51873709356116
7.44410002376216
5.07592514680707
4.86502404728596
4.78015928485708
6.45835363397299
9.26672076862063
8.31279429814312
5.88488583414977
5.14018664277659
4.33299241014733
2.72977319658689
5.29074677618872
3.19092024410371
7.31718785071908
6.62327744115235
4.26641953272214
6.811724841107
4.24324245419071
3.57927399716547
6.59020328878296
7.6117642443391
7.67359873211903
7.45466622450367
2.10535737131803
7.59079265918618
4.98028675248992
5.49196390660632
7.34208611539706
8.32762975216207
5.52972851733873
5.73043971774094
6.6554545202381
5.87514763296208
7.00910661449552
4.34525180819145
4.0166746225883
6.1964468250045
4.80551166998536
3.67303470264477
6.34959475015499
5.36172846188643
5.48490203698455
5.01385846544357
4.62244451810101
7.06680632533228
7.44064892785912
5.00175269541182
4.67075436287044
4.18772817080665
7.46932841050855
4.04051093794018
4.95548635100396
6.50361789018635
4.64819225059554
3.57880085613754
5.68891292318687
6.23750876639546
5.35077593434843
3.54131996869526
5.52515254180568
5.38602970332846
5.36239856874196
5.16059378047591
3.57507265795313
4.83354580628765
6.61651880797296
6.92651814842142
6.90405319868592
6.38735260575471
4.3127383442275
6.68049652630977
5.44053489418091
2.75659313042136
4.70287366805748
6.37392590433535
3.93413984946725
5.59189213582339
6.85882274637871
4.72437228048405
4.29669775280916
3.55952297110009
5.35307045668993
5.89490392378658
3.96191733288026
5.21472995974506
5.63940528859069
6.49365054914839
5.42918792695773
3.43182360053319
4.80431453930865
6.04896134360025
4.3980745171099
6.47230373990481
4.53254818403607
5.93855115103797
6.41151868799011
6.62205870200344
7.11370600380921
6.75138257707589
5.07941658887881
7.72166444143777
5.81237702053625
5.73315533973496
5.57702645139506
7.00273563582078
9.24576130434338
8.29183483386586
6.40800237992405
5.11922717849933
3.98924838387293
2.32517436045939
5.65849329010033
3.12692727385793
7.29622838644182
6.52900427530425
3.61479077467257
6.7230963433753
4.33097177913004
4.22354721497645
5.24593555245946
8.02970914432121
6.52706778574243
8.05264849311583
3.70511753993127
6.67672506860025
5.69365841888028
4.56455481421723
6.42801852481114
7.96685724141027
5.92903355048797
5.78690132316628
7.10016844242445
4.44977374833219
7.80978993742059
3.98708336711203
4.85769636758668
6.64116074719087
3.88702490198235
1.71803157381386
6.17094837513235
4.14743940753921
3.88778753072442
4.08644937305448
4.74946482259016
6.07802232205971
8.34281403694713
4.34901318857775
3.965724175565
2.94219739400013
8.0869726608028
3.57663036260018
4.41655567211632
6.09578900719655
2.89054339510473
3.4263220807581
5.97246077474278
5.56763405099002
4.68090121894301
3.38884119331581
4.6113651149354
4.36087198858998
5.18518357405748
5.15876042868898
3.41270495693551
5.60928629140484
7.92911182305327
5.26238097426384
7.73880373900094
6.46762643029863
5.65147465082769
8.11930976140934
5.42720794790435
3.62375382086801
4.97136313830598
5.9975076799169
3.79749506453672
4.10194350749318
6.18667117087602
4.54715728579957
5.50988029504187
3.64557118999844
4.12648222573829
4.54567827477573
2.17084175575275
6.53769791620693
5.50802384266929
6.85870657028866
5.15582189787158
1.64074802340567
5.62850608463086
6.87315288892246
5.66562489967229
6.95470960612797
6.16047992717263
5.87143653936982
5.89788807371315
5.05073498686252
7.96052527539749
7.12897666954477
6.23812315289599
7.94733519489204
6.57051786825305
6.04437038997078
5.08685279999894
7.94554611978131
8.66391377825048
7.184045932881
6.31087456938536
6.53461588367778
5.08014579145953
1.72267993349639
6.13904286872868
3.41413260428823
7.21539687528427
6.98019099343061
3.17350134065573
7.09132596169439
6.05533864938301
3.75966663963644
7.32792389752462
8.52867325205405
8.23997624451154
6.52522870030366
3.62348148657534
8.04059280892719
4.36637831259825
5.68318674838139
7.86588138407172
7.14093431188432
6.18041766159419
5.93352158668343
7.92593128252002
6.24817337092635
5.66997015560536
5.00179819599737
4.1326102485168
7.46692358728643
5.41399626169954
4.68799147669317
5.24511456070533
6.14614279899501
5.28173972201814
5.17059651557027
3.95826937827206
7.99261432703972
6.66359150722977
3.9806058392955
4.88613418820303
4.99436388272044
7.35440134545485
5.21002879687272
3.14306151778828
4.39947684574313
5.83531089846696
5.10271883657322
5.33386239084538
5.43126608110168
4.54453324905466
5.11489052007487
3.91900255376997
5.77762685359207
4.34125171262564
5.36742790724554
5.24081043881771
4.9288965554912
5.95786629733753
7.34704580581109
7.08406473957396
6.48947918049668
4.4752444924679
6.92834884621124
4.71342008416923
4.29597799333153
6.11392521145907
4.83466593032654
4.52618462580671
6.40322455693433
5.99315636475499
3.70322542436773
6.24860496157622
3.06215254643188
6.16725324440356
4.95475173257565
4.74420990716052
6.43147989390232
6.88553713321461
6.61657861922242
6.31543661100471
4.21411617481345
5.28570042695583
6.43773671595207
5.22422991578256
6.03322741866528
6.57835629004394
6.11087126568864
6.99440240419035
6.34566517752564
6.5265342599393
6.12685262686264
6.82180371747955
7.45071755303029
5.89254329142156
6.20180611097247
6.40013859122437
6.85445835046926
8.75717182042418
8.75205359766302
7.08850613139207
6.07822235343616
3.94864272126883
4.17612168772236
6.20597132445895
3.96048404864878
7.21023854669708
6.8965967602274
4.83649867075977
7.47002278962616
4.19725027154265
4.83126043164054
5.72732121923755
8.14459677321408
7.29545540757484
8.73648152917644
2.94733003684321
7.51405865006906
6.34760852365925
4.03371942424661
7.26535210627994
8.77192122052637
6.72493698577109
5.37213663343333
7.17071327828408
5.23365019448569
7.69761610547716
3.24781945505518
4.61253246214616
6.7117055830505
4.02549819961381
3.00235445226542
5.92606707693864
4.67916086985603
4.00194638614828
3.26734739496743
4.20430531024525
7.4932250184694
8.05780206333338
3.80315326613835
3.91368394165318
3.15130821728473
8.71928303231472
3.38807768514424
3.58411905973619
5.59194750426304
4.04588158478887
3.78075574069541
5.05015374918786
6.14253856458989
5.25580573254287
3.74327485325313
3.54411716824693
3.97967055783049
4.93853820168206
5.06105623146351
4.30679467191777
5.03637000960106
8.06794704337122
6.04560344703222
7.56321099312888
6.17517252520832
5.35986159806033
8.29915707557431
5.40416954868649
3.73377881668973
6.74901014504359
6.37657669268511
2.92674192909081
5.27741143215878
5.37122704224454
4.30051191342415
6.79299152017191
4.82529883753794
4.63257768921952
5.77736948993078
2.65136173926621
6.51510066909786
5.74530911556408
6.69600736187069
6.24675496335776
2.12126800691914
5.28515120877592
6.52979801306752
5.40126231324474
8.23293272014643
6.95998940954341
5.4473780521298
5.42627910944931
5.15328929284075
8.84881472717191
8.41739769769274
7.43776421164033
7.48732849760251
5.99717717372315
6.74051930205227
5.62400556012013
7.11841203990134
8.39972406853937
7.96726840564939
7.13086261981861
6.5407947322317
4.47601505604436
2.53178197356371
6.36072266457878
3.88912121346706
6.66418151274186
6.76206732664857
3.61644990776808
6.63415427149189
5.44565092463235
2.9932448472396
6.48975904685816
8.16955754525458
7.8387743704902
7.67268353304738
1.89842958387283
7.49034841726139
5.1101515084635
4.47583623492406
7.24164187347227
8.38664664193789
5.52328411913395
5.15130830143176
7.03205967342038
5.77470339103728
6.49717295666808
4.86704909038051
4.6363846857651
6.57305197818678
3.82160785061441
3.15568344210218
6.61610809803843
5.41336663132
4.94627313780911
4.00012585457569
4.39998988433249
6.96636208340749
7.11647516280986
4.69673493469779
4.15579816314222
3.67277197107843
7.64393105659896
4.4369781381146
3.85919061319057
6.0962427075495
4.13084099005295
3.53894836810176
5.46189703906285
6.1401881193574
5.25345528731038
3.50146748065949
4.63513164917225
4.54265774521589
5.6289119166254
5.45189229774573
3.973404827168
4.58282593588545
7.28989786520303
6.98553503819724
6.6436125150251
5.76640493665766
4.92566756078335
7.40814044986687
5.79360752862002
2.68487836371937
4.87747631414788
6.46532713283817
3.85185563677602
5.20884337748831
6.50575173904134
4.99088562836749
4.97007681003923
2.98903179325842
5.25262621476514
5.49457279206879
3.26908463520277
5.85152034349901
6.0408610526923
5.87270288005135
5.13784271174089
2.7389909028557
4.44355210078326
5.68819890507486
4.98825215675237
6.64690638599522
5.20592724126615
5.35941973472879
6.76303714372563
5.71070966616855
7.28830864989963
6.89869263849739
5.72550306143999
7.15399551842934
5.35840600406548
5.63271109781017
5.47658220947027
6.65126928610263
8.80600178297954
8.35085172364168
6.30755813799926
5.67702047941481
2.7847677741484
2.24101749414852
5.32928267573428
2.42122307527307
6.85646886507797
7.12763956508474
4.12974697440079
7.28948837662379
4.13392090278112
4.62001441515088
5.6807092513466
8.0923981523842
7.2714234074266
7.02975451131973
2.54983892554432
5.9096708526271
4.6472999495528
4.81238182355602
5.66096430883799
7.71189793454472
4.00174990778135
5.63456758947717
6.94796130396567
5.22717141267636
7.50075922846214
4.83120052353797
4.84395164788815
6.48895360873208
4.50778777147894
3.55124408857075
7.09252788354052
4.60431683580843
4.59977057328302
4.12934312761017
5.02503088013945
6.36660720108734
8.16045281507752
5.24168838615938
4.06370154393306
2.82485744505817
7.45663944766987
5.40167020134023
4.69664563061188
6.57042011262175
4.05328509127544
4.2682166815221
5.67197451980826
5.42230905971316
4.53557622766614
4.23073579407981
5.50404031251704
5.81535182844008
6.12154339788782
5.61283545988039
4.22547674020623
5.06608522393087
7.81288161009051
6.94132482207045
7.03430772311739
5.5730961561863
5.13672051437168
7.63344613499638
5.82885043883821
3.28888994161698
4.23211874306106
5.83728227942741
4.77991875116478
4.45728170166357
7.21921214280822
5.49175457011393
5.93738330749755
2.71945274060182
4.84350133121798
4.86448586825264
4.49712935976276
5.64777710327563
5.73080417789077
6.09238926455501
4.43329178785767
3.9670356274157
4.73858527169956
5.98323207599115
5.15581678795127
6.27262492746458
6.24765738514601
5.84267902277421
7.1807818674466
6.12572040169704
6.92341076227035
6.27456288701451
6.07429354545206
7.56900625395786
5.47566380053865
4.57765208890068
4.76239214378353
6.85069205206691
9.08484823735181
7.35407054946526
5.25249912908977
6.25041222238124
3.45160210747825
3.4702959507609
5.68900661226473
0.709112325371422
7.07315262856416
7.29268305147693
3.28183244838053
7.10432544407666
4.8351223368687
4.60378379606237
7.42356773160972
9.20384071404727
8.89313989058949
7.96919175351965
3.90697502323975
8.25416777139515
5.19323520904516
6.01096816150573
8.01328719839986
8.58489736510031
6.16260616312196
5.4807180253216
7.33325969614344
6.4424290138376
6.65318501838934
4.40990847247641
4.0230648165978
6.87425200090985
5.69033107618836
4.9714850133576
6.13155780192847
6.02070704280393
4.66410427394739
5.51906136638869
5.01570176149061
7.53738752110423
4.852684811868
4.95628697427181
4.35024998837451
5.35960866762709
5.54349465009307
4.10135804227374
4.1187426527646
5.93536004058659
6.04799894920875
5.30423560274814
6.09262599161544
6.32315595839513
5.43642312634811
5.26675471530586
4.89468368874628
6.0611203902565
5.14436162051545
4.41509281971882
5.06206094235037
5.51690341636811
5.74027618502282
8.02801577479256
7.696969997791
6.12000895246818
4.24409913909913
6.69720349284247
5.38722153173569
4.46548165686133
5.8828610582454
6.37499742116112
4.5841030872332
6.63008948630299
5.03537464115796
4.50633533225754
6.04534713126608
4.03783368140819
6.20737006805885
5.93043286755197
4.89607410239149
6.05510692100057
5.99663111495258
5.70528846913165
6.53565838955418
4.36598037004443
4.81071564522792
5.98405169806047
5.83941097998164
6.27324243854974
5.50849587212591
5.14128667324879
7.58626976650498
6.71793868359371
6.30894414762459
5.90926251454794
5.91202600685295
7.64497319594153
5.43150104647843
5.36782800587154
5.46357153139182
6.39341610552613
9.50894727532828
9.40521724374097
6.93324158370405
6.7313859995141
4.23213625793326
4.32985804760213
6.13966236096874
4.14536577648705
7.84571490228282
7.81418533077942
5.35688612049151
8.08366234402961
2.3788098483732
4.06500252091333
7.09085752441352
9.38927226285006
8.55201568071477
8.82334837049525
5.44633681736719
8.30138139756018
6.49635881515245
6.02405033009564
8.08468677117433
8.88210616549664
7.50382975432063
5.81631397581552
7.65042694482612
5.86811379677348
7.95514475039067
3.35315196374756
4.17028369139076
7.20820175473288
5.70341324477827
4.65841185570655
5.55712944463418
5.72797311963884
4.34168775375297
5.5321435349786
4.76933266179452
7.50252498909806
5.96110579932961
4.53508011711777
4.28812062517247
5.29747930442505
7.09365206179935
3.10313779322526
4.39746345691501
5.30762797903823
5.72558242901435
5.69223952776198
6.23984486640841
6.22029406439701
5.33356123234999
5.65475864031969
4.26720198641228
5.4336386879225
4.351113601148
4.20041778862242
4.8707333178496
6.19104586615578
7.07272955399844
7.29027893666819
8.79637027343201
6.52640505392831
4.89821290669974
7.79680906119331
5.19589390723493
6.00484345098876
7.39603970415607
6.24737498202896
4.17813138031137
7.09882682241986
4.11613935237699
3.71308731289009
7.37780050024169
5.60386778950786
5.75016392567453
6.39917020366885
4.21755796748668
7.01194219149364
5.84701095484073
6.73078770399164
7.84676539421169
3.68746423513959
6.00562352829811
7.17895958113067
6.85377750885885
7.78642108446041
6.77037947456917
5.42828819060667
6.69119813263465
6.67998641961279
7.87947012917734
7.43712869278495
7.14389143757064
8.12271668032564
6.62640892954865
6.69660364656302
5.7303390738528
7.58832398859634
9.30844151412279
9.22382867878931
7.95874081856404
7.79735500537163
5.91519259417672
4.17461857999616
7.59292981863742
5.70309203071587
8.15514088222088
7.62188823555438
5.28204251382463
8.2677611021519
3.8587032324238
3.12163741073039
