20.2752526948128
19.3385227268983
20.1544765119405
20.165284651613
19.6337927263366
19.3131178385753
19.2997578469467
20.4565990446057
19.4564121410505
19.0212561220985
22.0764408358786
21.9653772616821
22.3971788504829
22.9919789062753
23.8540380844717
21.0956731169752
20.2575590229537
22.9776112313557
20.933902296995
20.9787932340865
17.2900477139655
16.2804845440817
17.0462221597112
17.1209606632236
17.197068305615
15.2160887614234
15.6757943668929
17.3956818013528
16.0573666651126
16.5483918948807
17.3792676607616
16.2430758874552
17.1380177066944
17.1924924211423
17.2692507012166
14.6440802337151
15.3109357634891
17.2604506412075
15.4853581374043
16.1841447661066
17.42447424196
16.3057649892362
17.1881510249221
17.1654563497015
17.4582332418621
15.0707953754287
15.8325506726955
17.4550966597629
15.8001575959909
16.8585623713024
17.3617398809562
15.2053922349779
17.6616457534708
17.6227079959403
17.0906255735174
13.4114977234131
15.6248450066925
15.5914123158958
13.9024133448488
16.8582905023967
18.320583756146
17.371503612539
18.5807905188065
18.6834110935823
18.2977763356446
14.9402682044528
16.3894149113417
16.985821554435
15.5443405087405
17.7089907874517
15.5161775910872
13.7566491212194
15.5632747062386
15.3916033443352
15.3118168397667
11.5217487584877
14.3834414172141
14.5569655908299
12.0636674089461
15.527774280096
14.7708734600664
13.9923736293731
14.7878383391387
14.665245433132
14.5547033129887
11.7524113698459
12.9654447688334
14.4971846784311
12.2953162753253
14.1282772542369
17.0984556267742
14.9193350644873
16.866280474229
17.1261131588211
16.6361392747991
13.2939771992718
15.3726457343143
15.1303967212067
13.321664037533
16.3702982996558
15.2410075521501
13.6274324503655
15.2596407304378
15.116742481715
15.024943243069
11.1696862553543
14.0434861434988
14.1926104792745
11.7243978165311
15.2271073596815
15.5965569388184
14.060203723617
15.76223811609
15.5439926970737
15.703765786758
11.8530657765355
14.2621406328264
13.8936433863045
11.9392269579074
15.3902497159718
