29.5581934773979
28.2865214165949
29.7506351821264
28.2093236407737
29.7525785759202
29.2116193201259
28.1530250944276
25.5412688619234
28.4279070263772
25.4095374017612
26.5440454197214
25.8541045650528
25.1966380984452
23.9498161627892
23.9701896090213
23.775804510499
22.9906333968265
25.8491133643781
26.605891475318
24.5929644021942
26.5496579739211
25.0175790866701
26.5007877168745
27.7419823083321
27.5854021097494
26.7105946565152
27.2496105185156
27.4439956170379
25.245733223884
29.0695121787743
29.8778837638556
29.2616678564216
29.8006859880344
29.2638972772966
28.7226519944211
29.3666944341885
28.5752064594383
27.5939163581756
28.4458817271901
26.5691366619393
28.5739030830924
28.2305756959602
22.2108021062295
23.3184579934158
23.1240728948934
24.6215073470957
29.3098519910805
26.7852129082877
27.8871316481423
27.4561756790035
28.4783177133725
29.2394586601724
28.2600758361403
28.2021138931582
27.3273064399239
27.8663223019244
28.0607074004467
