2.68601026786995
2.64193967201405
1.13158996067112
3.25320031958793
3.71315404865503
1.65191927376837
1.13158996067112
2.12161035891681
1.59154368973822
3.77352963268518
2.12161035891681
2.28827091933585
1.60505853514763
3.08125031345177
1.04065862619449
0.520329313097236
3.77352963268518
1.93989161237477
3.1622689851113
2.64193967201405
3.54117265819435
3.88955196515543
3.1622689851113
3.88955196515543
2.00038784824487
1.56098793929173
3.77352963268518
1.65191927376837
1.9356741647596
3.77352963268518
3.25320031958793
1.56098793929173
3.53695521057917
1.13158996067112
1.56098793929173
4.06806329343794
2.56101026786994
1.87529858072945
2.12161035891681
3.1622689851113
1.13158996067112
3.37555351145547
1.60505853514763
1.04065862619449
3.25320031958793
1.13158996067112
1.59154368973822
3.77352963268518
2.73287100649068
1.04065862619449
3.19282473555779
1.65191927376837
1.56098793929173
3.88955196515543
2.1656809547727
1.4799692676322
2.64193967201405
3.1622689851113
1.65191927376837
2.98949421227962
2.28827091933586
1.41956229927753
3.0208433450971
1.93989161237478
1.14236873043264
3.37555351145547
3.0208433450971
1.93989161237478
3.26397908934946
1.25394315253866
2.29460177873315
2.68601026786995
3.36922265205818
2.28827091933586
3.89588282455272
3.89588282455272
2.29460177873315
2.64193967201406
1.93989161237478
2.28827091933586
3.88955196515543
1.76794160623861
1.66269804352989
4.06806329343794
3.36922265205818
2.28827091933586
3.26397908934946
1.94645293452112
2.46678224761837
2.64193967201406
2.50051403199985
1.41956229927753
3.54773398034069
4.06806329343794
1.94645293452112
2.68601026786995
2.00038784824487
1.04065862619449
3.25320031958793
2.17224858686561
1.41534485166235
3.25320031958793
3.25320031958793
1.56098793929173
3.53695521057917
0.611260647573872
1.56098793929173
3.54773398034069
3.08133958096719
2.39562789382669
2.64193967201405
3.1622689851113
1.65191927376837
3.89588282455272
1.93989161237478
1.76794160623861
3.36922265205818
2.28827091933586
1.14236873043264
3.54773398034069
3.36922265205818
2.28827091933586
3.26397908934946
1.42612362142387
2.46678224761837
2.12161035891681
3.0208433450971
1.93989161237478
4.06806329343794
4.06806329343794
2.46678224761837
3.2063395809672
