24.3240203797731
24.6933177904501
24.3152428621764
24.6224171436862
24.7287105251486
24.2710457883169
22.8274856588008
24.750987195424
25.4703773226142
24.1763488516188
24.6563250905195
22.6470597714649
22.7354487999679
24.2485520283112
22.6628216947899
25.7548263234308
23.3232449915493
22.7630210713053
22.7812046484016
23.3756669479789
23.2208017917284
22.5412225653218
22.999003285745
25.0428489578687
22.1617509530273
24.1467418122488
21.8219309509868
23.0695582213796
22.3599827137577
24.679636797095
24.3172621328097
23.8667477289958
22.6824542601986
24.4885538937641
23.0409776162564
24.5965572918365
22.423351820524
24.2233038154829
24.3919076602563
24.5015385555068
24.7374591953324
24.5766305194281
24.7452343642016
24.5688553505589
22.4055837286619
24.5133867451854
24.8802695767616
24.5886258662509
23.1943680199217
25.0589453531129
24.701438749393
24.6805198064994
24.9084310111697
24.8803137245847
24.6315867228471
22.9097272400336
22.9405344844056
23.230537199618
23.0235978667533
10.6481294549842
13.2588223554713
13.0333705408129
11.6089585008691
10.9262232118962
10.5742916491168
12.6588918108736
12.2944129412794
11.522499651637
14.7416109249735
10.7499709226514
15.7157990393514
14.7117543824346
11.3577511937949
15.499798659441
11.3591206389453
13.427471275562
11.3713925572144
11.4156200726005
12.3828515218742
13.1977571073829
10.3546732672414
12.182108537412
10.4363816339858
9.82410584331237
14.6460231372666
14.4964768381454
16.0082379621348
13.9716402752874
10.3079947177911
10.7267062112609
11.0996108977181
11.7159972248498
10.2413808637115
11.1488319047842
10.2876864073048
11.4489480880911
10.8428662445523
10.0773045450877
14.9038631084169
9.88546702724825
11.4017101439205
10.6361484444558
10.6510287267129
10.5365759493442
10.1106088621196
11.3031497862921
10.9046497416985
11.6068189936458
10.8699181845117
11.3617594777925
11.6354798839763
14.2795083529961
10.4366516252569
14.2480420412233
11.9845401585016
11.2159534998563
13.6661585305121
13.7123067380029
11.8759143339137
11.0413556472771
10.5370499842514
12.8567518428312
12.2595118470515
11.6133303806033
14.7093125768959
10.8283333555047
15.8995041895157
15.3580151998817
10.8156543907588
15.3597765210741
11.6623557133932
14.014715490219
11.0395897525727
12.1704825820595
12.0510487172325
12.8659543027412
9.76570583979637
11.593141109967
10.2237216193286
10.1278733268687
14.9182442583026
14.7676486564644
15.9678090374852
14.2300213199039
10.420566401534
10.227937604603
11.4667650353409
12.5942799368981
10.2237216193286
11.6506669022669
10.3506758912331
11.1171452834494
11.1945864994499
10.4290247999853
14.4309791315477
9.76248563648188
11.1670186758053
10.4014569763407
10.5280473359465
10.4081265238472
10.5055682697857
10.8870679261072
11.2747614408907
11.0723086164201
10.6902687927301
11.4843700032587
11.4558304921947
14.4802085877703
10.4758221262014
13.9860295249664
11.6223499148933
10.5736408610645
13.250995825324
13.5268402666461
11.6024969725008
10.5940857732716
10.7895120196216
12.597529373257
12.3648946709127
11.3494271366716
14.8974015800486
10.4532645378129
16.1592917399055
15.0307256547107
11.139272454244
15.320974650116
11.5586346686903
13.4715518532883
11.2125149340877
11.3869733775995
12.2239738987475
13.0388794842562
10.283142234891
12.1105775050617
9.96195470082468
10.5024777083047
14.6184051677558
14.7660555987765
15.9484673463573
13.8127626521607
10.1491170946644
10.7838903835967
11.1268938374555
11.9897919707552
9.92446704241582
11.4931756034772
9.99719431514309
11.4185361857899
10.7683776506326
10.002815951168
14.8110639291167
10.0575306023692
11.4183402670226
10.652778567558
10.8230923018338
10.2047933261388
9.78947905554951
10.9603175365202
10.4412526494581
11.4463281313949
10.615543608391
10.7783599873193
11.481283035207
13.9059844418604
10.3078272029044
14.2858286054678
12.1470348873997
