5.22930223391661
3.6695846915053
3.13835563612238
2.77979705205101
3.63726952453051
3.73464461243249
1.64369801463828
3.04383959542087
2.89397913691128
3.94735756776836
4.21474203263854
3.50093316268136
2.46554702195741
4.93785810391143
4.55649361975163
3.50093316268136
3.63726952453051
4.21474203263854
3.6695846915053
2.22199058810174
3.59252985666717
1.95794804473189
3.0073370437026
2.22199058810173
2.47369844069952
2.43008504480855
1.85723514804309
1.13609903741275
2.67908415536222
2.3518927695272
2.47369844069952
0
3.0073370437026
3.25193405212768
2.77068084934803
3.25761816597561
1.49465762148412
2.89929690634065
2.66142346973376
0
3.17374177684634
2.81542051721137
1.64369801463828
2.57104401800027
3.81587702898467
1.72757440376755
2.47369844069952
1.4001415807826
2.91702236143613
2.3518927695272
2.3518927695272
0.821849007319141
1.4001415807826
2.66142346973376
1.72757440376755
3.73887136875526
3.3928930253194
2.31650662880325
1.99357150989224
3.81587702898467
0.821849007319141
2.47369844069952
2.89929690634065
2.3518927695272
4.07946717329474
2.3518927695272
0
1.99357150989224
2.11626612860052
1.49465762148412
3.29333591120422
2.84773568418617
2.07213012959215
1.4001415807826
3.37034157143363
0.821849007319141
1.95794804473189
2.35413956520741
1.61744041963592
3.6339317157437
3.6339317157437
2.07213012959215
3.17598857252654
2.93811513591965
1.64369801463828
2.3518927695272
2.22199058810174
0.821849007319141
2.84773568418617
2.54849256411449
2.31650662880325
1.95794804473189
2.81542051721137
3.29333591120422
3.17374177684634
