7.66672662815396
9.40192901571249
8.96842066634119
7.37212937731278
7.3558888882968
11.5025142429592
9.74337720542587
10.0573849334686
10.411460659044
8.21999544856517
10.268815970713
9.64496487889572
11.8897160234463
10.9073595284814
8.30669541283119
9.9914260993608
9.01700769417799
10.7130347644999
8.586129233207
6.94272417973599
9.32185878996359
9.82137761907514
10.341473676808
9.53115031981234
8.20582210781484
9.08041080256582
8.48000943230337
10.095466720898
9.80344961875468
9.88587202071025
11.3109260408738
7.56551320982123
9.84105946038583
10.162203152908
9.53022172052868
7.36651752540695
9.88927762366186
8.07453928310748
7.50395214801219
9.73230169704118
9.802445013072
9.25863866300551
7.98149912873033
7.93979271137606
8.59567398257163
10.7058966212497
8.68182700667574
8.31193372788162
8.60293115372494
7.64065956540365
8.21539464986023
9.76738757623124
9.37273039791951
9.12496383901897
10.2270428396438
10.1247359997119
10.7492846080562
8.29938894724748
10.7965763673089
13.3205481065638
11.2115566034127
9.3502634806671
9.55470191541839
8.14322823800489
11.4202572904913
8.62116186514906
10.2250815978435
10.8465015779235
8.55137910594246
8.94702789175938
8.70685654542207
9.71351908737154
9.20191689159059
10.8202229812542
12.4826458674668
10.2268850634257
10.4935012922882
10.6980198188335
12.0949509793143
8.1518197478318
7.97935435530603
8.91464740933529
9.23353545551154
9.74558790152701
8.55697444347078
9.89109300125113
8.91091171962243
9.92279339708665
9.87780581304719
8.55912503717379
9.42902070081452
9.73985844067169
8.19907472649017
8.69081340012927
8.72528797573818
12.1353670721148
11.5885836833265
11.9605207447962
11.5494068398193
11.6731484314461
11.0147723919034
12.1414899177769
11.9384629654446
12.5916535626408
10.7039346520462
10.5294798980312
13.9026144833791
12.7311376075159
13.4709818063415
11.9652530810518
12.0364079107934
11.8007390045621
11.2782779759148
11.2056858648751
11.6747133380422
10.6122973102097
12.2247748537185
10.669896311263
11.5085787788931
10.3190812927076
13.2490543301392
12.8125204971719
11.074453625116
11.6179281072026
11.0140204396317
11.8665575309433
11.7637536411446
14.0280794593712
11.8291267341132
9.3971586075628
10.1748579412743
10.9174862912956
10.6902700419727
10.9018509294341
10.3794323021155
11.3820722849286
10.8684741799505
11.7286529129278
12.3986684877203
13.0992796148848
13.4752939659444
13.5691756983208
12.5743889442508
11.938980670554
12.9221237248713
11.9734139030613
12.3402073524184
11.8252820631523
10.5662160187966
10.9443060163573
10.8647439258748
10.6506747843728
12.7807908548678
13.1261761113033
11.9627182310415
14.0022134518235
13.9055917582304
12.2346298277464
14.0562166926555
10.4188182817225
10.1740388264424
14.4938662442805
13.8498901094411
12.267782237409
11.4231312568891
13.7461257018594
9.30507655554313
12.534215974968
13.4172784553956
12.6474533211737
11.2611928237587
9.9932907750934
9.25923558567896
11.0349176670541
11.8927526935476
10.3109683047114
10.8070948207273
11.9591257937923
10.6789186116656
13.1078237418541
11.2871309194968
12.2659568383406
11.2465760529751
12.9828728976126
13.0756748894962
11.9927034292331
12.1236578165149
9.84709945615211
13.3549157280911
11.6395348437427
11.5014469808015
11.8122847206587
11.2213449124679
12.8273743391637
11.6115489927851
10.606630953516
10.9131963807803
11.1564189627049
11.9434167486061
10.2957932136588
10.3752818903832
13.2683503608831
12.1648610393286
12.2327599087142
11.2311986151614
11.3201547864328
11.3328843477605
9.79316646055149
10.4284533147575
10.3126747238111
9.91916322418194
11.5443922082472
9.17844045921044
11.0440928471351
9.94180287003178
12.5701129936624
11.7083200709025
10.4162958435646
11.0103673518084
10.837051566916
11.1331494011567
11.2383358906993
13.3785585991802
10.8918980045312
8.8348365601375
9.65369920285624
10.5780731730441
10.1279479945474
10.6066390699808
9.81711025469025
11.087275476594
10.3288729558432
10.7687985056139
11.8221532668966
13.0332198394885
12.3534891531012
12.6840032356749
11.5354483942697
11.0788392142855
12.3536212911496
11.3635313936043
11.9067374243464
10.7105808933167
10.4109198871363
10.158489245052
9.75004275603928
10.3069278469606
11.8677774818005
12.39397582083
10.7341439603257
13.3273884243659
13.0787497782192
11.4732952301874
13.5008096336684
10.4021537450882
10.0237910770254
13.566439395971
12.7498458213631
10.877756834632
11.5603766231968
12.6174781584991
8.1326142447611
12.0342595263609
12.6647050588455
11.2403860820146
10.5381979975437
9.47097798885013
9.08640237933612
10.1293157231443
10.8034459888602
9.33516714186918
9.50694992727084
11.0135100191621
10.4067948808087
12.4482176191125
11.1713450981664
11.1108567333097
10.6210044190097
11.4422523536515
11.504451163872
11.3412797357757
11.4471975253867
9.45441106113138
12.6693231886759
11.0136300475248
10.8272773762815
11.1381151161387
10.7884694347274
12.2247451884374
11.4495187734196
10.9537527241387
12.2245287267843
11.7550115348643
12.5937747355004
10.6429149842816
11.0802053670454
13.9047356562387
13.0268244257297
13.5581333403908
11.7831712518702
12.0197323035913
11.9467354280631
11.2215765021851
11.2248711910614
11.5094538649217
10.6013337479189
12.0447287771378
10.6494359092063
12.0249921196388
10.2103668365961
13.2255334814173
13.115785004186
10.7008471479963
11.6148991824005
11.634642243726
11.7249819616556
12.1896629845729
14.069250492789
11.9271237587262
9.49174715430492
10.4500653208971
11.1198906587866
10.7848585887148
10.9871341445743
10.4740208488577
11.5865124050205
11.1409144901586
11.4701078143509
12.1546332411633
13.5358682369838
13.2377066829944
13.4898865943227
12.0899624999077
11.6897431721272
13.1398786948897
11.8158869932558
12.8566206931641
12.0891945500974
11.0833860760873
11.0922810888373
11.12865641282
10.3760064022332
13.0025602264661
12.942724680723
11.7792668004612
13.8709752121474
13.7842272574454
12.5029574129125
14.2706627770971
11.3091978614878
10.0767367454646
14.0047804864336
13.7466731630039
12.5952887985613
11.3620702475842
13.6188597739339
9.06982759156153
12.5100026713922
13.0676552705439
12.9525172545919
11.7251581123938
10.2745050845698
8.94798986387269
10.7903633714705
11.6498763466048
10.1539979090106
10.4648356488677
12.0444090089325
10.5219482159648
13.0836104382784
11.5994054604091
12.1087273503863
11.9466959190457
13.1114602000417
13.2405032635983
12.6923163998585
12.8253599334193
10.547545978893
13.5987293968823
11.658720169929
11.5640478828073
11.8748856226645
11.0964495662351
13.1949061299187
11.536999361307
10.9660524545324
12.1162340786975
11.4445334571683
11.7613867303795
10.6552147146753
10.3849021027599
13.1046101513145
12.9502091921988
13.0254872374336
11.5938005767003
11.8781559829381
11.3636157886143
10.578882941604
10.5305745209651
11.1352870292289
10.4725812758349
11.8981908825833
9.95485160866108
11.4695780308458
10.0934482757757
12.9356809284444
12.7419787409436
10.9000474830498
11.3759352865904
11.6006201197527
11.6467108250419
12.0150217560869
13.4569667687146
11.6097896585037
9.34538031800822
9.78611340171665
10.4020765914045
10.6384917524181
11.102960315213
10.327654012561
10.9208364498557
10.7445221578639
11.7440163176875
11.5545234046945
13.0699022569749
12.8532653135154
12.5269102231291
11.8096470730348
11.0305862541614
12.480238934435
11.3883748754899
12.4425266493708
12.1172538214385
11.1012685516099
10.8274384101069
11.156715684161
10.4911425719327
12.6659964782245
12.4103490390953
11.2439108673115
12.8191105633519
13.4078952689831
12.0901828519354
13.9739174804588
10.7168994339274
10.1165447454511
13.6291768089273
13.4741462723891
12.2172803342979
11.6531302916225
13.3675019029567
9.04274391748032
12.0308547127836
12.8158156574883
12.5659368901418
10.9183163366264
9.72828019152992
9.04163084800459
11.028071203321
11.9072647934038
9.62912138605732
9.89397512531097
11.3710720216628
10.6276438357573
13.0161173007033
11.8202885766007
12.0811474101323
11.6263140027217
12.6423102106175
12.6499320662747
12.3463321504766
12.4525071090987
10.4779717736045
13.3102606937332
11.4452922697842
11.2658177352
11.5766554750572
11.1093494341288
12.6846372597696
11.5495502365003
10.7757164712888
12.0710250317885
11.519023310757
12.6106353317241
10.4648787314316
10.8487009127966
13.8596162283425
13.1862773901427
13.5106633794799
11.9798835496372
11.77154531347
12.0550469411048
10.7961359115915
10.7023663892861
11.5213700021659
10.3531467577976
12.2414410749048
10.2239953186127
11.6441174377427
9.83112746746144
13.5608218790533
12.9000666644787
10.7614139779122
11.9501875800365
11.4509681422981
11.9899610173633
12.2235861432002
13.8772240503542
11.7132084158657
9.49333346873455
10.4303647067606
11.2481699082204
10.7864449031445
10.9980257906058
10.4756071632873
11.7147916544542
10.6237074449309
11.4655811039772
11.9431010225148
13.7119388026761
13.1481004829958
13.0148312686187
12.0621515062988
11.3503474289395
13.1361213201358
11.5112744931752
12.3771571993752
12.2657751121363
10.9528721683187
10.8643836256748
11.3052369748589
9.9181902179482
12.6232982675472
12.9949381002387
11.4444423002345
13.7546235760881
13.5800089178988
12.2710721855592
14.3378169392503
11.4011291120169
10.0139948233415
14.1970568236284
13.5806737997676
12.5209507576335
11.2993283254612
13.4593424629208
8.80663943998631
11.9778180271145
13.1616155999074
12.8797474852576
11.677957153403
9.74390817684005
9.42627278372927
10.5364805514973
11.6794157286956
10.1235936412411
10.8050089334158
12.2138566950584
10.5108714010092
12.6311277345871
12.0176313986661
11.8951317963139
12.1125315452947
12.792108581393
12.9273790250269
12.8581520261074
12.9911955596683
10.1793946563547
13.0910160496134
11.38089833959
11.5740332334116
11.8848709732687
10.7077612964587
13.1983985423999
11.3073107286264
