5.91438248765228
5.25208360284273
5.94383745579102
5.47229984981732
5.35187288476478
4.63725833990105
5.47917089655189
5.31847225465884
4.95176234585821
5.58659679229677
5.15444466559107
5.59538893974464
5.59947086661665
5.44963938244069
5.28627553531225
5.04650411626347
5.48702647877325
5.57263301172263
5.94383745579102
5.856420743543
6.07027772398743
5.81237541135315
5.64834782228538
6.17898055626035
5.08303423753348
5.77638239708967
5.3625175868487
6.28098763255948
5.82794642903315
3.36814092534465
4.12092228729993
3.79781424807978
7.33742063574711
6.80801043912379
7.49976429207209
7.13094776876733
7.05791914896908
6.36820596484173
7.03509773283295
6.86880443449441
6.53725533015097
7.08873862518818
6.93351954959363
7.20774383204146
7.05663305817058
7.00556621872176
6.81798351621536
6.70515203521349
6.94683893833822
7.09717194887455
7.49976429207209
7.41234757982408
7.6232404751579
7.24889186697255
7.20427465856645
7.61549701187975
6.7329274702977
7.13955954346724
7.14159247085125
7.70402578065431
7.43051987002889
6.59546396812751
6.9671996036091
7.28721782107581
6.97845290137166
6.61184775646446
6.92853767239101
7.07043735924098
7.29295690732883
6.69644449463628
7.1768055976357
7.17716134121635
7.12483095830925
6.32470885915468
7.43704250414818
6.92635176242163
7.17716134121635
6.36820596484173
6.73481110974894
7.49976429207209
7.29362853232119
7.34470230269822
6.63896107381455
7.13509630867162
7.00556621872176
7.48786342242722
7.5434107425429
7.02287342334836
6.96206911303472
6.70515203521349
7.07043735924098
7.03509773283295
7.41234757982408
6.73481110974894
6.73481110974894
6.53725533015097
6.82383148250765
7.23540957940161
6.76434262386012
7.24889186697255
6.70515203521349
7.20774383204146
6.79968225026815
6.96206911303472
6.94683893833822
6.93351954959363
6.61184775646446
6.61184775646446
7.55058521035114
6.92702338741399
7.5572487736945
6.88260286543728
7.20427465856645
7.24920801034448
7.174615584031
7.50616468837443
6.65626827844117
7.43704250414818
7.17716134121635
