14.2839841699519
14.2502669342126
13.4034100596184
13.2844535959466
14.779126830633
13.8432033629977
13.8704498615314
13.1790387179371
13.8521837139561
14.1343899183396
14.1740323715929
13.006092055753
11.4390761287171
12.6048899816171
11.9014431711407
12.3409499248089
13.2700321125612
12.9878259081776
12.1796845156135
14.2920618640416
12.4220929074101
12.796294772903
13.2275962191278
15.4127008146046
14.8665545534128
13.5178052885862
13.3565398793909
13.5996754523091
12.9719270762349
13.5344485281228
13.1173406945754
14.2131549676375
13.181405767149
12.7351176182119
13.9771347156294
13.5636288435125
12.8301094287668
12.7678385622404
13.3754469905707
13.8760650687198
13.9575985919656
14.1014988158071
12.4378101001177
12.7923070847112
13.3794454065016
12.774388277996
13.5110912677341
12.9356536871914
12.7842858738405
12.3105229066463
13.5251491704694
12.677436765858
14.1122862244252
12.6649560833522
11.8982882321109
12.6388966190074
12.0151809317238
12.6478312282158
12.5895898155869
13.6547450041023
11.8229219643457
11.8339689831272
12.2203043526738
13.3718934242608
11.6766239093801
12.5075356184823
13.5779701820632
13.2105247497471
12.6887475670789
13.1836978505373
12.3800788022868
14.2500477589183
13.1352839945565
12.6262209430911
13.3141242912831
15.136062337849
13.4407928229683
14.8538561334654
13.2934478045573
14.4796542679725
14.3907040342405
12.5035316371821
14.2749802582121
14.6175608813224
12.8965608084696
14.1578056103357
13.4106224524336
12.8253802948189
14.8967621015199
14.3333270765598
13.0877736182291
12.9408261313014
12.8759389570178
12.9375526189829
12.474393180891
12.7865516517518
12.3556955134138
9.02621386130469
10.5322464708225
8.34188628583722
10.5689052000441
9.47406789786406
9.51253240231868
8.91548148959835
10.8351719286463
10.2026859782876
9.92047977390399
9.82329000239069
8.92795488952688
9.48306079394263
9.9629992765031
10.6065756367587
8.95800099219745
9.93295317383253
9.93295317383253
8.48665826525782
9.06060222769845
9.00734817529055
9.64752821160863
9.35067231273693
10.3328646094594
9.32786632515376
8.48356692882041
8.29124092906169
9.02371575215739
8.75470338928733
9.49351659680815
9.87498385735407
9.38982619810647
8.89910180297016
10.5365860376345
10.1508666023839
8.23749962268971
9.15077935013284
9.38624555282629
9.94889264961395
10.4564788432716
9.93641924968543
8.7847206946222
9.21577501648723
8.62377568026342
9.18309851254244
8.58592053337378
9.23529881422476
8.74254536496379
9.36114548809481
9.38746459277242
9.74217156727396
10.0095823677651
8.89412918668053
10.5558976727553
9.23190097699939
8.53217922700181
10.234495177935
9.7226253721357
11.0508742425963
9.99179016401851
9.4167808252554
9.19774919646237
8.01432469255227
9.00684957692942
8.39372066844916
9.01932297685795
9.66347914092021
9.7613893540185
9.49165654956348
9.23079568401005
9.04567004426394
9.09892409667185
9.28833533972799
8.00113085103877
9.41959480551003
10.3751131874886
9.47977807462475
10.092906983105
10.1250916779571
9.73322230213168
9.29367778635811
10.0058729362842
10.5808822750473
10.2986760706638
8.96747375474472
10.1126182780286
10.5933556749759
9.62647696038733
9.97624356047562
9.57320924208202
9.58748630517488
9.59897968704592
10.94786440483
8.91465211157848
10.6659495720412
9.59897968704592
9.9203450312232
9.34222348547011
10.9818261712493
10.3486341970749
10.3486341970749
9.96923822117803
9.35469688539865
9.69545669944354
10.3466379757603
10.9902143360159
9.3409450561156
10.3611075970034
10.3611075970034
8.91292735403746
9.48687131647809
9.43502969136932
9.77537342553297
9.81658761407776
10.776929737693
9.77051902608822
9.14552771991949
8.78584303894618
9.10652509218143
8.83751272931137
9.9609228248303
10.3423900853762
9.4579096601406
8.80140098688612
10.4395798568895
10.0817509388403
8.7042112153728
9.05377316938784
9.57144557646485
10.1636940394927
10.6695693841116
10.1512206395642
8.96922608292171
9.11876883574223
9.03821522144789
9.39789990242122
8.79831643887469
9.56591187438571
9.15800111984801
9.49508967393454
9.31834892922879
9.7360490399379
10.141815704566
9.32039827546017
10.4191667800669
9.04477684963991
8.36614538981293
10.3298287008933
9.71530527395046
11.0520371108247
9.99368299132793
9.69166693145374
9.54739840660284
7.8482908553634
9.12516433050422
8.50989303564386
9.13763773043274
9.59436347737662
9.69227369047489
9.986953294787
9.8765696817602
9.16096217010509
9.21352158717393
9.47353536336658
8.46784244372185
9.53488693135121
10.4438912848618
9.83006774104246
10.4438912848618
10.4760759797138
10.0842066038884
9.81759434111393
10.5304841263791
10.5410810563751
10.8232872607586
9.47038306006914
10.3967173097215
10.5535544563036
10.1510881504822
9.97599400140493
9.29075347862775
10.0896778185392
9.68792775891694
11.0661747088469
9.00360018344949
10.8206272336849
9.61959473781211
9.94240783303044
9.09173862920231
10.7299174992057
10.097431548847
10.097431548847
9.71803557295016
9.10421202913084
9.23666336286287
10.0176707469872
10.6612471072427
9.01197782734243
10.1099049487756
10.1099049487756
8.65400399540792
9.22794795784854
9.17538854077971
9.53336237271422
9.89753931441467
10.8578814380299
9.8521885183852
9.1824483636815
8.75614151064217
8.96221264871466
8.6932002858446
9.77688566942015
10.1597889128627
9.46094849238517
8.61664603951591
10.256978684376
9.86982326622882
8.5194562680026
8.8697360139777
9.2051944438681
10.1153693563391
10.6420216306643
10.1028959564106
8.96741507181909
9.11840557568067
9.07684671424871
9.34957521926762
8.76176912970226
9.73205951500026
9.19492176361003
9.53201031769655
8.87333553161274
9.8249971118089
10.1804471973668
9.24441885309822
10.3424695657449
9.01847286998902
8.31805648465237
10.4862172115758
9.86277532285829
11.1910241933189
10.1598306319425
9.86702749756295
9.73167743448674
7.61725801393524
8.892683738035
8.2788601942157
8.90515713796353
9.20022182757849
9.29813204067676
9.54193989717093
9.54931330202582
9.19260931151112
9.24445093661988
9.10728423076984
8.08711536681496
9.56726403183822
10.4283069622567
9.81517805377648
10.4283069622567
10.4805625629995
10.0886931871741
9.88725534542451
10.6001451306897
10.6107420606857
10.8929482650692
9.54175491341853
10.5349744331347
10.6232154606142
10.2207491547928
10.1156988758592
9.45834887028337
10.1610496718886
8.99567706880451
10.4259514468435
8.31134949333705
10.4626101760651
9.16082089064545
9.19928539510009
8.6298131131347
10.5495035521826
9.91701760182394
9.63481139744036
9.53762162592707
8.64228651306324
9.07435396677547
9.84259762563489
10.4861739858905
8.83690470599018
9.64728479736891
9.64728479736891
8.19501382063329
8.76895778307392
8.71639836600508
9.35828925136197
9.26088663619427
10.2212287598095
9.21623047550388
8.54222510167808
8.06547803816213
8.50005594147375
8.2310435786037
8.70939784294162
9.05375150801969
8.9660514245957
8.11357062180451
9.71535368830013
9.3946383657188
7.45196844152406
8.32954700079848
8.94964820845773
9.72484060775321
10.230715952372
9.71236720782467
8.53106728652125
8.96212160838628
8.71711880759005
8.9590464706817
8.36015764247423
9.03980882488784
8.83690470599018
9.45619946446027
8.97875776560525
9.69715883046364
10.1029254950917
8.21784973709017
9.88031285850401
8.52842564554672
7.8280092602101
10.1264893049172
9.38165819403342
10.6961271255294
9.63704304695163
9.07581364715312
9.06185280624311
7.69478973072637
8.68800925044256
8.07418570662325
8.70048265037109
9.25477231375307
9.35268252685135
9.08294972239631
9.09032312725118
8.73242303704535
8.78567708945324
8.85173799535946
7.56453350667022
9.10634779829144
9.93033116454639
9.03499605168255
9.64812496016282
9.68448342740839
9.31158991500102
9.11186292229029
9.83853264652007
10.3997620463186
10.117555841935
8.76465164124549
9.75787116096167
10.4122354462471
9.45913667062319
9.62080180806967
9.21776748967606
9.38394639971557
8.90168120440794
10.2799281543379
8.21735362894047
10.3165868835595
9.06682502624888
9.10528953070351
8.46658583785367
10.3869709122406
9.75448496188196
9.47227875749839
9.37508898598508
8.4790592377822
8.93004152330869
9.69657433312932
10.3401506933849
8.69088141348459
9.48475215742693
9.48475215742693
8.05070137716652
8.62464533960715
8.57208592253832
9.21226595885639
9.0983539962523
10.0586961198675
9.05300320022284
8.3962018091725
7.92116559469536
8.35574349800698
8.08673113513693
8.59297591667624
8.93732958175431
8.84145114840841
7.99714869553914
9.59893176203475
9.25032592225203
7.3355465152587
8.2131250745331
8.83322628219235
9.57881731524762
10.0864035089053
9.56634391531909
8.41464536025586
8.84569968212089
8.57280636412328
8.81302317817611
8.21584519900745
8.94581296049126
8.69088141348459
9.31017617195468
8.83444532213848
9.60316296606705
9.95861305162495
8.0735372936234
9.73600041503724
8.41200371928133
7.71158733394471
9.9821768614504
9.2563061721506
10.5845550426112
9.55336148123482
8.97835214247169
8.94543087997774
7.57836780446098
8.57158732417717
7.95776378035787
8.5840607241057
9.11045987028629
9.20837008338457
8.93863727892955
8.94601068378441
8.63842717264876
8.69168122505666
8.73531606909407
7.44811158040483
9.01235193389486
9.82740432724859
8.89399100771916
9.54519812286502
9.54101546009029
9.20001783208282
8.99857999033327
9.71146977559845
10.2864791143615
10.004272909978
8.65307955832729
9.64629907804347
10.2989525142901
9.33207379970156
9.50922972515147
9.13408592395925
9.27237431679737
9.2778832731881
10.708157651227
8.59355569772063
10.4626101760651
9.07653427284357
9.39789961702084
8.88879072689076
10.5269695968942
9.89448364653548
9.89448364653548
9.51508767063861
8.90126412681929
8.99006734897359
9.84259762563489
10.4861739858905
8.83690470599018
9.90695704646402
9.90695704646402
8.47722002501686
9.05116398745749
8.99860457038866
9.35828925136197
9.52055888528939
10.4809010089046
9.47520808925993
8.82443130606165
8.26339762474382
8.21784973709017
7.94883737422013
8.90801206486237
9.25236572994044
8.88245944213288
7.74777243495812
9.34955550145374
9.0288401788724
7.65058266344482
7.96374881395208
8.86605622599491
9.64124862529039
10.1471239699092
9.62877522536185
8.44678066871937
8.59632342153988
8.71711880759005
8.87545448821886
8.27587102467234
9.32201502927142
8.83690470599018
9.1739932600767
8.61295957875886
9.41495262608007
9.82071929070815
8.50005594147375
9.59810665412044
8.24621944116315
7.54580305582652
10.1264893049172
9.38165819403342
10.6961271255294
9.63704304695163
9.3580198515367
9.34405901062669
7.4125835263428
8.68800925044256
8.07418570662325
8.70048265037109
8.88897412690667
8.98688434000495
9.28156394431706
9.37252933163475
8.64883105458253
8.70139047165135
8.76814601289663
7.76245309325191
9.02275581582862
9.84673918208357
9.23291563826425
9.84673918208357
9.88309764932913
9.51020413692177
9.39406912667386
10.1207388509036
10.117555841935
10.3997620463186
9.04685784562906
10.0400773653452
10.1300292418635
9.74134287500675
9.62080180806967
8.93556128529249
9.66615260409914
