10.3569724956999
10.536921427404
8.94409520024777
11.0187092915544
10.5263128335529
10.2066763615157
13.9081237295152
9.27719109094235
10.836390664886
8.5935361172841
9.41688963340849
11.2698584862207
11.1135527372365
12.0076505302233
8.41918857623139
10.2866637434802
10.1930571421241
9.74463266811387
10.0858404840914
12.7201254497354
12.5055459796218
10.882536695096
10.8695745960787
9.16494075389313
12.8985701647566
11.9779028275887
11.1833575285303
12.5985076441894
11.7681558630595
7.52956368427817
8.29420896257335
11.4068890302038
11.9904924553521
10.6679495710186
10.8560287660982
11.2845833401066
12.4596710487898
9.12002485281495
11.4155714170052
11.7264624559502
10.8740960766162
11.1900171557681
10.6057128406955
11.0955174280572
8.38390213521092
10.5585655252714
10.8754484266834
13.046658413681
7.67232255762571
10.1048190689483
11.9681026596675
12.0102543259933
11.2350700913297
10.5069553686878
9.43257006121559
10.6274617882015
11.941297243436
13.6055280544968
12.677724485714
10.6410617703018
11.5460934521239
10.6665087188859
8.42078566485835
9.77581971398641
10.578938643189
11.5832595553225
10.8262935504895
11.9425110820481
12.1315694241338
11.714427944087
12.0130265439626
9.44116055716907
11.5885811986142
11.7445247849365
9.76416825516872
10.3997289381421
12.1516964215907
9.21859331921452
12.4249049317421
11.7953207728237
9.3046655681319
13.0051171668813
10.335395195299
8.58866252151579
11.937829667288
13.0464568439143
12.5849422495752
12.4066320300139
11.9289016664971
8.38098058146097
7.58428269886296
8.43545976396084
10.7502508087065
10.7966885074611
10.6115471383202
11.3634430293998
8.99998571119424
11.2390825928882
10.9554671515434
9.36863261426805
11.159949935485
11.4471305391356
11.4342022678931
8.92376690606907
10.634715816316
10.1492672134082
11.7982058508032
9.37697416702338
10.8981416987509
9.82275822692674
10.2920042967991
8.25664104191998
10.0409740551263
8.12375834982257
13.1278562570385
7.77132844032328
13.1684386319736
12.6751849489594
11.5960309249525
10.2488655780671
11.9238776274822
12.0196736336884
8.90830520129879
11.1072815659154
10.7845882663935
9.02892109993076
9.88366242371339
11.2710676882019
10.981864268306
9.07129899070824
10.6055957284514
8.14654437823631
9.24227142018432
8.98198244891524
9.17844491629773
8.18425864630095
11.4812676450791
12.1068810742312
10.838347822642
13.5275489085044
11.230237139793
10.290763505552
9.80373599044554
13.5275489085044
10.3333938908879
22.8147498519756
22.2513421498239
22.1507574398442
20.5169764582938
23.7702311871971
22.5447641981131
18.8105559121749
23.9260275269936
19.5740464431822
22.6763893535791
23.5879849665449
21.9801465413798
19.7136675548528
21.433103317795
22.8768380234421
24.2292649273319
21.4268322248983
23.5956581219313
22.4233444133053
23.2283005796007
20.6381425338389
20.2532679003842
22.4720675317716
19.3702160197458
22.1770911186608
18.7112452377203
18.7743676459534
21.75000293441
20.70415538054
23.2869125505506
22.989499668202
22.9153367655525
18.3062614447521
18.9449104809565
22.9708668704994
20.8227355119059
20.3711953248994
22.6380495021032
19.4373444437879
22.5320769347247
23.5605824909714
22.5442706129026
18.5558872404561
21.9340503828712
24.3388714012085
21.5804700028863
21.9333182483003
24.5849123385854
23.2233235386918
21.195821676143
25.9713245723328
20.1200160659985
18.7527473740196
19.9293034233481
21.8575812900673
24.5462585969699
20.3134786590062
21.8858410101654
22.424250001715
22.7521009063511
24.335033209051
27.2637614286555
22.7611241349756
24.8684589867283
22.7035580844658
20.1676087077086
24.3697129278878
23.9039528646277
23.0264535440715
25.3702611644269
21.2834039221636
21.236562313104
27.7587104881539
22.3187472206913
23.3149411201911
23.2929201784263
21.0940984961636
23.9152165453807
19.5350037016856
20.9685603690739
23.892219958183
21.1989305093543
21.9872373187634
18.7075854529759
20.3798006966161
21.8082066828376
21.4995029131779
25.4065144811856
22.6790278413285
22.501673226391
23.1457427157647
22.1759475008427
22.3510069572046
23.4954590536184
20.2887716728577
20.759951958829
22.9019575849411
18.4868606391231
23.2200352064985
21.6876043597
21.0087548953223
21.104413174129
18.6667207405571
20.445171850299
21.7115275407148
20.7372301789031
21.8434776046051
20.4776843390493
23.6380820479036
20.2439595389123
21.6395279143645
20.9438569274777
19.0449151442184
20.9482182537279
19.3701562442828
20.476065456506
18.9886106244999
21.6310919660392
19.8027293071746
17.9925909380367
22.9965558207888
20.9249312136398
20.6297171184218
22.7442257120118
23.0096522588522
23.5600606832455
18.9906479487467
19.9703225544216
23.0719274726215
21.8141349375335
19.6379868697491
26.1120590979743
19.7088355066343
21.5274793187278
19.9128425207661
20.79489216174
18.9854870810447
20.7654119411152
23.6608598137495
23.4512315019909
21.592187217288
22.3498919959633
24.5067327404747
22.3997558552386
25.8319950483017
21.0050369712867
23.8862259898993
24.7193978477474
22.4254881091487
21.9813701289414
19.734821562029
22.5056920790331
19.4915969446176
26.2462172783668
21.4967503943167
21.1998154123074
22.5925025367922
22.2671647736129
24.0681558755351
23.7511418314182
20.5376180322444
21.1295570354611
23.5258103394663
22.2408449376168
23.3151776756037
22.1449745269939
21.7263913216131
24.2328996353338
22.7579923356717
20.6824283755967
19.7511463033613
20.2659369251881
19.4625749855681
21.7508098116063
23.1237345065882
23.6218792870953
18.7773929781005
22.3362895936547
20.4725387593469
17.6984254412251
23.7377664320732
22.3659024614389
23.7254241136826
23.758042177296
21.5024407141353
21.6164418537637
24.8743947057473
22.849184510079
22.1166401206766
22.8966972401311
23.6184904373154
19.409745034553
19.8319550156267
22.0040195720084
21.7107191562968
21.6677619204564
24.4681226203789
23.4391745994989
21.7534004435436
18.3161037860262
19.7994727667617
23.0992473792933
21.443130256595
22.8839886481185
23.7409637001849
21.8835095640006
20.1590537105455
18.4892179918987
24.0580721284284
24.7458066077789
20.1909578203222
18.8698022143932
22.6156154879136
22.088140851341
25.2464803806648
23.2437428582221
20.8990683793947
21.0441744379913
23.7805067420523
24.9770057556992
23.7763890671896
23.7997193306906
22.207551713018
21.7637207752517
18.9394238195925
21.2848641648495
20.6916639053273
23.4992577135206
21.1829212942359
24.5759843218487
24.7232755157751
23.285429497643
22.6247594877667
16.9311343832236
20.9728975479372
24.3344487559926
23.1944876332617
23.470831825872
24.1566581353423
19.032551708603
22.195427005734
22.2115602924322
22.972696696536
22.9769117406568
23.4434498153496
20.7204780937526
21.6183973116062
25.3308744174308
20.9538343619813
23.6611904136014
23.729179429823
21.3455701815702
25.463589315422
23.2938138299354
20.3381675247878
22.1516684479548
23.0524268832835
22.3479112840424
22.5848482834199
20.6424834889243
22.8449663370732
24.0752668866518
25.2164585914302
19.2998139240322
18.9260206853038
23.2284401036089
21.2426446725435
23.5612484432094
21.6258903050357
21.6195370090345
23.7575102303731
19.9672506587253
21.2017865935664
24.8005294566934
22.722854062482
19.3135887268288
19.4749848551478
22.1326324989008
22.477956699128
21.5892615099508
23.403583190543
19.9144253846286
20.5178174601788
22.316254436609
21.751820807425
19.892899362883
21.7555533805638
22.2106813965657
20.9599863966522
21.8831514748662
23.9467110286266
24.872319401676
19.8574842831691
25.7713237118257
20.04372594084
22.3530379842261
21.367284998741
23.6242558209777
22.1395067618087
21.8044158028782
23.2930227977951
23.0955993020831
22.5681188812689
24.631439443924
29.0034626824675
22.8718033886164
26.9060827407792
21.5329918160446
22.4288385562928
25.1456801803109
24.1997348804935
21.1437118314958
26.947493497158
20.1399444015164
21.6793100561685
27.981791122455
23.9298839679055
23.8799806188446
22.3496149732894
20.99666628279
23.7056562473387
19.6892133557658
21.3910497015497
22.6733104059518
24.0100924398341
22.7886506033092
22.5186545287909
21.353534896574
25.5922790452119
21.964256585082
21.6971140268324
25.4334909263127
21.2496679170814
22.8267958479504
24.2936328043804
23.293836524738
19.1090880692752
22.0453323469861
24.8480749024449
23.202363327188
21.2138141029221
25.2405978973847
23.8699220663017
25.6146440424016
21.2752503657321
23.4196713772934
21.6185603974417
21.7291571407176
24.9046206784098
18.901968722875
22.9220302991148
25.0471752904582
21.3791499646272
25.0187535701629
24.9631912366211
25.1132313142836
16.985756477358
20.6795697879795
21.9686387361699
23.6222207355021
22.4991957779018
24.1206032899197
20.7345585270746
22.5025903807427
25.6877867123511
23.5911360793071
20.8973144102176
24.2091441369117
26.5007302938434
22.0798815528453
23.1500336732759
23.0256026228554
25.3948363048511
22.6739314689791
28.8062065045871
23.6730730240974
20.4082112040237
23.9183952919051
22.9641898408926
23.5521811682158
22.9228320740463
21.1741570849845
24.4612626867928
21.9075334557848
24.4603063117796
28.2945756440504
24.1682445117575
27.1574164460135
24.3977908387048
21.1671939378611
24.934124587391
24.6929356987501
23.4248791716727
25.1347971482686
21.0471247843509
23.075228102718
29.50003605912
22.0740858305468
24.9502700603477
25.4851825879535
20.2449403231902
24.9509345812989
23.5764567644137
22.0596091703467
24.3133669634785
18.7981174177573
19.5595338951636
23.0304731921482
20.2286570171377
21.6450902504124
21.3031182731503
23.4446351468474
24.6794737807702
21.6386880845927
27.4064423069644
24.5911807771339
22.420118372591
24.1057942867999
16.5314012666104
23.4701559700649
21.8006122382656
21.9990154529214
24.875273705254
21.6312631126233
20.4621898745852
19.4467175127714
20.8811146158874
19.3919350181657
21.3785308437882
20.1201163555544
21.5706497007899
21.2141318940014
22.4839914485014
21.175233955098
23.9947524406437
22.8728519624204
21.0318925992503
19.2111945704562
19.9647130857216
19.9922850275426
20.2233432607805
22.0210325365846
21.9108972620974
19.2572075421579
24.6424566108345
22.2032973368787
19.3704931402389
22.0101892303242
21.5628875053161
25.1874724936582
20.7604576379847
20.0857906907871
18.8012242759986
22.487447218083
21.1384752809864
25.6411617354202
21.3596032660709
23.6280951627861
21.8123256782973
22.1576235248638
20.7597348687379
22.4240601150407
22.879432379324
23.1721504018292
21.9064915622328
22.9360510023436
24.6115537659944
20.9116413426821
24.8539350598388
21.8348906656656
20.8458726784665
23.0114678734043
20.3310490501818
21.9092482104843
22.7524809340052
20.7050839499951
22.0806130202086
26.329415965394
21.9927514818202
21.5942567474943
20.5059330329915
23.3364248219785
25.4311725481011
20.6288680938767
21.1531869208892
23.3397786911517
22.2274907187184
19.7427157533802
23.9867548764886
19.5454305058084
25.1775175116435
22.8424640443463
19.2793881221628
24.5626618502578
19.1382860303781
25.069378171011
23.7482452284915
20.6795189885911
19.1667650256635
21.1813462904608
22.4506815736556
21.0978978059152
23.736025251006
23.028527669975
21.6594608861868
19.9158609472999
22.5836935363245
21.6909031211671
20.4376403471073
21.0273068266923
22.103272229417
19.5728061095432
21.2840342232174
22.8792023508786
22.9417506228607
23.8929632053086
22.2546204212014
22.5846945131093
21.4064848634172
21.9101167834305
22.5717541218287
21.8520182453373
21.317926577395
21.4693453755738
16.8953665446268
22.4250622372397
22.6302768336919
21.175169341489
19.7621660760213
22.6331746253107
25.811710209399
21.1901337563115
21.5350227684045
22.5112711931981
23.2713355117313
20.928943187258
28.7592874854839
21.0646052919582
20.3993220108092
21.2668644884833
22.84245545833
21.8609047288617
22.3871957450031
20.6217464989707
23.809084154701
22.946316581671
26.2291269401872
24.8412698028723
22.8538921802315
25.5700847986522
22.0809992658254
20.5247351948188
25.2157167314099
23.4940354974791
24.856355984163
25.3634034190818
20.8510716664738
20.6790981600815
25.7074769065484
24.5219217755528
24.6285324050347
22.383106066692
22.5516035953196
22.5066872098426
22.1059980061926
20.8916782148107
24.2807224301423
21.9262307666362
23.7978107491033
22.5180538286792
19.8255302840876
22.5673930795435
21.6018390164102
21.8101095152152
24.6222922343362
19.7405425640282
23.5458683754156
24.4860685502899
20.9539933028736
21.912556092422
21.1888183402844
23.4054677748825
23.2650757901182
21.749469682197
25.7951458324582
20.6398353930878
21.4592877943907
20.8502369805382
19.9009500794914
21.5822594702136
21.6274207473459
19.1447912378124
21.7019697641187
19.9127656824757
22.5171437188976
22.0767610962997
24.6183801030915
22.3536853020165
21.9764083137485
19.7953936883705
20.383244773869
20.7615902790539
20.6128409115791
22.3747053996792
21.0835735357786
19.3247860824601
23.7842776311227
22.6757025087229
19.8916329723746
24.0669820301265
21.1205157069439
25.2701434215246
20.3129081549855
21.1914444501533
23.0481925341076
22.405977905048
22.7746574541749
26.4294691215001
21.9046560923072
21.4642574106043
20.3987092763756
23.480630874295
20.240379323733
22.0034898148967
20.4751517288803
22.9141712627579
18.624795048069
25.3353413357711
26.6337917678551
23.2397158092527
26.0485242901172
22.1634024205915
23.346810886704
25.1239497852812
24.9072000996778
22.9447481202609
24.3197862816611
19.446687799337
19.65560977078
26.4186395853058
24.1999790794418
24.3603671518161
21.5300851918659
21.4671310750592
23.3657404358289
21.7251846548011
20.6786938716718
23.8690671709068
21.669405077794
21.9411448945408
19.6644833472416
21.2316805353933
22.0551797179728
22.9271524747021
24.9985032283567
22.3217785785522
21.9845081226176
23.1020190909332
20.890114642539
22.3968236447004
20.9327116911769
21.0624701593191
20.8123054524961
22.2328250871763
18.7567460708992
21.3437055206938
21.7129093153764
23.2938985473504
21.6437736477268
20.8560097846183
21.4663355930059
20.051623566461
24.4262630961333
20.4033571239714
21.7510147764951
22.0747408813345
20.0311011580947
19.9403994549824
20.4304509893404
19.9081680206252
21.6758891870798
21.9742242393505
21.3032548511107
23.124472597666
22.1428330235121
20.3045066372204
19.4746158908318
23.2069193462433
20.483555519531
21.9427557974397
21.6485740452282
23.2862249899108
22.5517046266605
18.154632954435
20.4229638239408
22.6699370796719
21.6842863176477
17.3270085332212
25.0581945243932
20.72701664973
21.0891956956225
21.2630713663434
19.3232442972159
22.0275505565398
22.5446506399313
24.4999315739182
22.9101965598012
22.1871271825388
22.9520642869745
24.832477241785
21.0496336769481
22.3411306734558
22.4368283649978
21.1876823920463
23.4892187979799
21.7472482715019
21.6707393785458
22.5044933211121
23.202961988885
21.5452035642831
26.9827411099048
22.5098060593213
20.2309866644755
20.572105397807
20.0848662698597
22.737536533207
22.2214771076367
19.2432396506296
17.6750376781169
22.0919146534301
21.4855246422224
23.7829081843259
20.5741748006358
21.7838724656725
25.626628040075
24.3292222811018
21.7362509016851
21.8645413350339
23.2147225139191
17.7055698032645
23.2927123114634
23.6895746266484
24.2467865805065
19.1652916405723
24.1807580562258
22.4681219548525
20.0807851360293
23.504668129856
23.1712524596963
22.8978997429717
23.3676200525138
22.7894581560343
21.7717100554215
24.5526057334485
23.8976149266577
23.4166095841077
24.4244518501217
23.2681319508954
21.0204090290408
21.1173806800577
20.7933379241512
24.2795859796565
21.1285829394437
21.5339027280933
20.9939407789776
22.8582523594957
20.124852780859
19.7771183676316
24.1700423227401
21.8232615640911
21.6495859230191
23.8119574119671
23.1615123634803
21.8059835497807
18.4867343426647
25.117273120909
22.589682699506
20.1525676674289
19.3596388627433
24.1306917131348
21.4521055344463
25.8259675415736
23.4723564738865
23.742318487977
19.8353255573008
25.0322168287656
25.6517474556029
23.7485840191254
23.4890649659
21.1927566091038
21.334409325688
17.4376765753151
21.1013745218055
22.0971899380664
23.7915541004916
20.3661599584178
24.0067148678629
25.5143013004558
23.4937341035734
22.8563158565797
21.1231104875106
24.0746458434659
26.4157844987707
23.9192795917377
24.120802224719
25.6703769120272
21.2525892396153
24.2338289774727
23.4943621162641
22.8689535043329
23.7328937671655
24.78726213831
23.5304765297935
23.7011865083388
23.3254951143594
23.0110768067201
26.6439019686211
22.1525965816596
24.1767316588571
21.4891618590572
20.6221017488635
24.2319163623832
23.0259748075864
23.5912809531515
19.0664838435779
25.0268200023283
21.8419207959162
21.9462753409482
22.5760401414539
23.156922129943
22.2137317761324
24.1768950651398
23.7608420102739
21.7719368200478
21.5600000796637
24.4589164009009
22.8311407882331
24.223219927851
24.16048795723
21.6113969069308
20.8889605252017
21.6925614352049
24.4488082589073
22.3798495744491
21.4666257574359
22.1071098519946
23.1274128438749
20.7951702826584
22.0995786002135
24.4709223327713
22.0441682590859
21.9980658654266
25.2141152169153
23.8529565360382
22.1000099657973
21.4066769583752
23.1244976106141
25.2748896163332
17.7126851288709
22.3870057122142
25.3901797124713
23.0549462689171
25.0110525255207
23.8943318143287
24.1658105177436
21.6024260634489
24.418219135578
25.2128173149087
22.0381555632705
23.9647283098129
22.8189160076387
23.3895226576418
21.100241879926
24.1567026508495
22.7472335521311
24.4511375044066
23.5185719120339
25.296904787382
26.0629303016773
23.352060073197
24.8816431918688
21.4298106177291
23.8439454119956
26.2391219984863
23.194866755297
25.223792493182
25.0233120456628
22.8067835567838
25.760855567639
24.7727436180634
23.7353615516284
20.536465424747
22.7802718534753
21.9632557149316
22.6413257207341
25.2059955656112
23.8402512748329
25.0880471494143
24.2057972177737
20.7680293609764
25.1800686399462
23.3078255173686
21.2510300825889
20.5410249834072
22.8482129163838
22.6501964940676
21.7508209044609
21.6616339124686
23.2454506103847
21.4674760009838
22.5318031134629
22.3028654578663
21.2130156337849
21.6363791575693
20.7811873456495
19.6091036483866
21.8517259840932
21.3783301149506
22.7668532042567
22.7835723108369
23.9280486986143
22.5346930584767
22.2790379402104
23.4071597497418
19.6272679968273
18.385951660924
19.0221269218297
22.9949268421815
22.723855500065
20.9121774809741
23.0818143516985
21.2532707368231
18.9926563648073
21.9757534962102
21.5003818522013
24.1445440581989
20.5274880154789
22.0121307259926
22.3341430207071
22.7148690972901
22.5875714308356
28.8436916339411
19.9250809508434
23.0330762735562
20.7671750050584
24.9994108914626
20.6321313816754
23.4282517659993
22.2996726885419
19.033481751444
20.9253701174009
25.5730682141698
26.7343844291065
22.0681391722633
25.1406669489726
22.8413171426837
23.6220728829024
25.1685199270738
25.4324259112368
21.7999141499116
25.0903715784889
22.2623849467113
21.6778710384352
25.5871536760612
23.6601326572474
23.1973983145583
21.4323064548994
22.43403634382
25.0188799094089
21.8063684475752
22.9460111593252
21.9997976245467
20.3268204904837
20.9653202581667
20.6606299125322
22.1552270577786
23.0303083075808
20.4709158070135
21.9601102427948
22.8520379221292
19.5892552730856
24.2187818334275
22.5529909804304
19.5447332413426
20.9058219216057
21.2651201022297
22.864906599351
23.1659594222305
17.8374747161342
21.866302513875
21.5820589977044
23.688004017731
18.561510369375
20.1550988040969
21.1635920491594
18.5963337872423
23.0995853609113
19.095487385454
19.9425890690532
22.1296056231694
19.3753570656046
21.5334441076551
24.2587783937274
22.3112185192543
20.1057092261101
19.377850932787
20.3949535248274
20.7106026671032
20.3307706241406
22.1160606335012
18.865604366625
21.044249493192
21.8014805889324
20.0714956701051
20.1846830131941
20.3650275395486
22.3649246563063
19.9205434539955
19.6609889992738
21.820906299093
24.9972546134441
19.9033319743138
26.6072496373504
19.7721364668951
22.1622252054458
21.0027109502268
21.0212163896912
21.2799127642561
20.0516292582472
21.2299185722243
21.1717389969707
19.5585731182136
23.3776370101106
26.153468981055
21.634683022193
24.6692670030058
23.6385994214679
20.7987677948284
23.2805495215881
22.1718559174004
21.9658634596357
24.9590771613892
20.841363158694
20.5214435452502
27.5350276767638
22.9523795372188
22.1793329642015
19.7717971044123
19.3193985467958
25.3223089358674
18.9954425909444
20.3668556166708
19.5646915333114
20.2483596343102
19.8090589708541
22.9653522291451
19.2663526662081
23.6533088548194
21.5409514434772
21.215961052989
23.1015699041694
18.9511910234541
25.3404801149488
20.2064460180431
20.0262749427606
20.4258099693061
22.3992468487678
20.3837192993384
21.3401559286668
22.3668719383714
22.8237683837374
21.2881147813018
22.4454706780501
19.2880881413807
18.8871009411843
22.1310406841322
19.9290768854344
22.9943748750158
20.658839217498
20.9212115981591
22.0603072952429
21.7063452673095
21.597228574938
22.3111837639637
21.996738699579
19.6455913370281
19.983796570155
20.7505691078913
21.4434167785233
21.6208657598219
22.1994818444387
17.4592206259693
22.2464939583741
20.4677910885808
20.9569606044147
20.9064701431866
20.3100670955143
24.2505068975056
16.5727963079564
22.4430527834308
20.0730425106625
23.498721830088
18.7209140972634
26.8251414126524
20.6572520291843
22.7204306754634
21.0294261940089
23.1681793656024
21.0547068920905
21.7338104833554
24.7636599063649
22.3548478917174
20.5937699801932
25.0245557706825
26.3301476458688
21.7277993314476
22.3559343508284
22.717490570219
20.9598625532338
24.1592269563959
23.4378710047861
22.1289484726176
25.9145546943761
21.924066152659
20.9531096973462
26.2757271611737
24.2590151649273
23.5795832879067
20.4064292925527
22.3309310139659
24.0489601197834
20.7845578228196
20.3177487049041
22.1262159324315
20.8553696791468
21.5812698044579
22.6639421814314
19.2834866827848
24.7921705012975
20.4873665288598
25.2910948737235
26.6698042112216
23.1063419647852
23.8936788793832
23.922186704465
22.6309103425658
23.1850214873304
22.4575556129161
23.8796631774122
20.5030665594076
21.1380399735449
24.0548176532011
22.0622674185491
18.4104418304324
20.3937759163367
20.3249035932986
19.85427802766
23.0503319677761
21.4272509507798
23.1712927352652
22.9752023652579
25.32265404493
23.054357412708
24.3830363650413
22.4252891062172
22.3086813832342
21.7580738855786
22.6021182941275
21.2766338835878
21.370220418789
23.097960836641
23.1099287068828
20.6288676639629
24.2084755994106
21.4949352807152
19.3562484914235
22.9158482360266
22.2840666360195
24.5834034395596
23.4452233592582
23.7332000118935
20.3210288617444
23.1926979024504
19.8355615538254
28.1978617664929
22.4597536255765
21.9222368567203
21.1515598448505
22.8020961873492
20.3374203061523
19.852723353228
22.8234593900487
24.7689594240524
21.930670957174
26.593151872844
23.0286474568776
23.2395677567616
26.6423200568677
22.8073081057442
23.630455055593
26.2974061125922
21.4458772519668
23.6477310722179
25.1551890122142
22.2104776247449
20.6462948012082
27.7317730303171
25.8720521270489
21.3166193576811
22.1989263774262
23.5058789272246
24.0062992707627
22.3765545400823
23.6177202828575
24.0398726929671
24.4837468898108
24.6210815594845
21.9414861749964
22.4703893613361
20.2056583065064
25.3656176732249
24.9339815715525
22.1500996335336
22.8623645323977
22.318025345941
19.2316837348729
22.6592334934182
20.8694158076862
22.6735854963714
17.6096508484937
23.8631719262778
21.7092560267001
20.6500458913896
24.6855733251905
23.4091972433368
24.0916586538416
23.2551634111202
23.425410921526
21.7735099006264
23.5714655289034
24.0365445697773
22.2366037376439
24.2345611261421
22.1965048464538
20.8034474775983
19.3683457095617
20.846878520638
20.7992923431704
22.0329201775779
24.575435083103
23.6084295284941
23.561331317816
17.7210934910226
20.6456804495588
24.025906643339
22.3988907207942
21.2671269867179
24.7178356645299
24.7329591798675
22.7094566256443
20.6182229837294
19.546264082735
25.0712147261541
21.1903025877968
18.6303272942058
24.9794728149332
22.0008606818312
24.3050880525937
22.1016473694618
23.2491719526322
22.0726480131522
22.1353942232382
25.9126806445076
22.3534341832748
24.7335847542777
21.9930096305898
23.8565897180569
19.2655444629287
23.3385452673655
22.4962894259468
22.0195100370627
21.1570990757002
24.0882493499531
23.2121560358196
23.2972078511149
26.8271232687604
22.1202308308234
24.6717366733442
25.7567328808846
24.303795868818
23.1638100494367
22.2442274007157
21.357205750755
22.872783417231
20.2087264662061
22.8757062854818
23.5738798129885
25.4631167247158
23.1966418695648
22.8683704484949
25.6286503741073
25.3113600058551
26.4430509686438
23.6193031102536
23.0291574092704
25.3097465176978
23.5391082963716
24.1709590521023
25.075152503621
21.4236423397073
23.5190975180757
26.0373748372141
20.4032294755445
24.4826817198081
24.0260684815088
23.2686787176819
22.1853255938723
23.2332329057833
23.7005738511582
23.1428666560917
20.1940407144568
23.8637092173579
21.2410505021216
25.0270679130549
23.3957482961466
24.0250670004928
22.6386039294858
22.0222994998173
22.0633572143451
21.3201311793756
23.2114106630526
22.7359411760613
25.462321803831
21.5852146139261
21.2240325761648
24.7084793466211
22.3451779910358
20.9046498159885
27.0630071977944
25.1647340470565
25.5110077206851
21.0313688369685
23.1241427524465
27.2881766728153
22.2805800836763
20.6893065507776
27.990546840069
25.3123230375599
26.0257241593682
25.4056472646267
22.4271506806494
21.6734324440805
24.6809211893417
23.7354662899081
23.2494186530654
20.366159711114
26.2181542728754
25.5384240419066
22.5056090548976
24.9987661455019
21.2209248994183
27.0213910208073
24.5375816307988
26.310999849312
26.8743053214365
25.697290874244
20.8279940362451
20.7106804258026
27.3699896446984
25.5582785683291
24.2973840228789
24.9766719825748
22.3094429619482
24.5570711818709
21.1057188720345
23.4643646654279
22.4659439490501
19.7626707721094
21.1788852913773
21.2416454259613
20.6762852621948
23.7655917606419
21.1524611741272
23.0555027499874
22.7634186678063
20.405515695266
25.7151978129643
23.7208297887704
19.8035155358953
21.4729502172669
19.93281834383
23.456560144518
22.5728442843521
18.154990129902
22.5760787876643
22.1437914510828
20.4003136577028
20.5342942931878
19.3500027395156
19.0230084501145
20.7506932700512
22.3655625263061
21.222003471947
21.6283301913391
22.8543707333251
19.4981888530248
23.7945970797087
20.5309636611618
22.5641708332942
17.8237285553978
20.111274885511
20.3447557648527
20.5672428096906
20.9429199396972
20.9179075073747
18.9314180863382
21.7454404981774
23.5952183761061
17.8857117204675
20.770074764023
20.8935033988436
24.1444310685084
21.4504865883153
20.1054281167294
20.5033292247519
23.0624522855627
20.8122706497494
25.056863244534
21.1614031518782
22.3769940221823
20.5667689366365
21.3354773145825
20.5844350916621
20.6297431610911
20.3192131374321
21.2675367179708
22.5072002226428
24.7841600470932
24.5903337277231
20.5138035411314
26.7891643107955
21.7094029300079
20.2549934286947
24.6197865391641
21.770657147884
22.4655141320467
23.9999281152507
22.7373097757565
21.7596526809044
26.321933744852
23.8295182525509
20.4232616271691
20.9083916069001
20.453420672704
26.1790383798287
20.2032474716739
21.5989643747781
20.9488566651297
20.9434131349022
23.162258855219
21.3965307625953
21.904194962823
21.2187612276799
24.1681426147358
26.1038281463018
20.9256068128668
22.9493286798557
23.5615483235442
21.3142977255577
23.5604444718004
24.3434085961887
20.7714393247539
19.9519999208266
26.236280971284
20.8718354415794
21.5918982870962
24.3980172386527
23.0796758591721
22.7038428111119
21.7379481048776
23.0032214993135
23.2827621076996
23.7713998905684
22.5188876009194
21.8461054153053
23.9894992766656
22.0804662863115
20.2069161033526
19.017874510415
21.877024268106
24.4951488296379
22.660464890044
22.8187271626876
22.4661229683991
23.9708412803848
18.3575841977296
19.9256948715738
21.9246296160751
23.2138720494935
22.2556178696809
20.7058213443246
23.4856909135385
18.8041596392651
20.0592184661366
20.1600700737639
22.9642990769569
20.9943257334487
20.7599380235519
23.9986501980105
22.429755386184
24.4476342582263
24.0775220782122
21.4102787353112
21.7335049195969
26.2246339284041
25.5642576507861
23.3731543699446
23.6681920248296
22.5550431093793
23.7012522064756
20.8611332597723
23.7072724213328
22.2194232849267
23.9150055136981
22.8900581830217
24.2765842246553
23.9758503711813
21.9360853940143
22.3369396795634
20.6934491648223
24.0359515640451
24.1982069586417
21.0737790002466
23.940150608155
23.0251629432972
23.3173819829562
24.2801462371109
24.3983067542668
21.8998903029322
19.266332734325
22.8517935255341
21.584479690581
20.1337439721016
23.9118063476339
20.2592952727572
23.0945508853101
23.5804927833923
21.2630656187111
25.4366319521381
23.8820753269722
20.0668514773895
21.9493600339104
20.4726310221656
21.8604780491455
20.3257407444546
19.2536322424355
22.4119471680574
20.6067029585643
21.7073493606825
18.8753841912845
19.5452812043645
18.9917947785967
20.6408511892621
18.233600796676
20.3286020286015
18.6543393288177
22.3937260435807
21.4191999238039
23.940299701853
22.117880372227
21.7601244752454
19.5799804291842
20.4164548322009
20.2496262669377
21.4893856827257
22.3292457064488
21.2329056530552
19.6869803658332
22.9800084177784
21.7204760913303
17.2715745051011
22.3988841327885
21.0570403878427
24.9013233508487
20.2387120909765
20.0584585016108
22.7974377897159
21.4676859555054
21.0123183338771
25.4786410406277
21.3554413376141
22.783657921238
21.148134522646
21.8540876872349
19.576714486148
21.1336808244203
20.8223917908311
22.3611535043833
19.1456356090494
26.3509063382982
25.0411444252054
22.2302785565443
26.7333714394343
20.0423295788888
20.2927358697985
25.3448630011698
21.9389443371087
23.2648690990154
24.5694520517072
19.5401388971364
20.3761395202305
26.407974568502
23.2699650672157
23.0737138488525
20.8680086405632
23.4216498367388
23.4155043322943
20.0998304833188
20.8304150670094
23.7364359185246
21.7012431915667
23.382647289014
22.2198617021829
20.8657255857521
24.9353124725623
21.5103659977838
23.2670371461518
24.2751582092845
22.0896162890946
23.6178495288339
23.018998223591
22.1000267705453
20.7363333741947
20.4716909411743
22.6490659923646
22.8789944538708
20.5663349836372
24.6464460179901
20.7378448278258
23.410485199362
19.9173350928337
20.955792697519
22.0592958946248
20.9276567241412
20.2951613768175
21.290491625578
19.3124053633073
23.1175429065006
21.6102087194141
23.2575275957397
22.2878600363603
22.7495941571573
18.5098281615194
20.3376846284578
21.8602932024038
22.3134835962057
23.1399820103982
21.9820647361684
18.7744185385191
22.3684900592805
22.4880769150453
20.0569093391313
23.5145063668911
23.1016269380495
26.1865095343675
21.1905667017072
19.5054953113162
24.3894612499724
23.2700484048778
20.3343264668642
27.5212438391291
22.1637786759972
22.0571123129089
22.1381830773736
21.2985709523854
21.6711599511141
20.0513638721346
22.393345867986
21.8523126023468
19.3793243199447
25.9114478865991
25.911607752245
22.5853405269375
25.9494136423278
21.2169094151934
22.9738002300738
24.2434948186425
24.7041805930193
23.5599729919252
24.6009783550927
21.2737696890932
21.5855769221999
27.6252150711314
23.2025138468979
24.387568996414
21.4464300595472
18.9213290001035
24.8623804216239
21.1384858466583
19.8371648023916
21.5589324658822
20.5653852204035
21.7763072960375
22.6892182513368
20.2879403474602
25.708342040629
22.0053844030725
24.8666961822047
25.8167098068697
22.9536875421407
26.5234148873674
25.0852621310744
23.2742783549121
24.7475308476447
20.2497616623694
23.439361279954
22.1358421103786
21.1047197028251
23.2511045993265
24.2607330856571
23.9585649719428
18.796792750177
21.5197961027536
23.2023354591225
21.9959502358031
20.8154573865171
22.5842428450476
21.7692376660599
26.0685228636534
21.6888717076348
24.9007271809267
25.1505324174136
19.5762170137106
20.3757547393817
20.7739275601489
17.9550502922812
19.5564133383737
22.9435509042333
22.74191013774
21.3512187627524
23.2012742324084
23.5015710780482
21.2609662640644
22.704273072405
22.6840623425716
24.9580539714714
21.4214687374302
23.7417775442043
20.3712670513761
25.5765620739417
22.7345136319344
29.3402048391747
22.357492619064
23.9048047035707
23.2725686496524
23.0104113599074
23.3398470573505
21.0208999949817
23.2389652757784
23.335402123134
19.7884344725338
23.7092815218818
22.5710651884026
22.0461560381361
25.8479849845916
21.7533178430299
22.3139070478984
23.3447404719874
18.4852183195906
22.1663504525257
25.8602436771586
22.3093752873224
21.1641288851532
27.7284932800608
24.3089608966541
21.6416271983846
25.5338772677066
24.3180781154602
24.9565329405743
23.2305713779393
22.9243298200568
25.1305861314843
21.6150341683821
21.6645092756227
20.8047422582216
20.4929906706704
23.3496461243337
22.4107926592337
25.5742062311859
23.0088965877517
22.1838184661268
23.5245190385284
22.3722418688249
22.5213144871629
24.1959715876795
19.8413180460295
20.7750025448702
21.9235497642659
20.0008036599373
20.6321825204264
25.0117229378603
22.0441497432956
20.6187870905738
20.2398335835029
22.6587827938929
21.3318739109471
23.0749587648277
22.5870874942004
21.9673156130885
24.8849075114464
21.2482989562411
21.4242895433774
22.6887561569477
19.6009568418112
21.2316351217337
20.3482545436943
20.6459225765648
20.6928470065735
21.351506709426
20.6884769467729
21.0619204231487
23.6774403784988
21.9209997123621
20.4480312365917
21.4285223317331
21.367055939044
20.7041781835611
20.3010163638535
22.1538905248702
22.2953603052856
22.9354009494525
20.5010797214982
26.8624238908677
21.436339168875
24.3792797549852
21.61616614983
21.1866510063833
21.5525569826795
22.6037062866315
22.702825564496
24.8570361420922
23.1825778860233
21.9911718457218
23.1968940312881
19.9625603305464
25.1574443080319
20.0617155647736
22.4414669373302
22.0409211645869
20.4796439919781
23.6279617010801
23.8431049540979
22.1928829947371
19.5652275134809
25.3174250180434
23.1888499046011
18.6732727733182
24.477503446785
25.4461688464806
24.1613484104874
21.954342964397
23.4123255213728
23.7897965531423
21.3622231715352
22.7632454342943
23.0306898652058
21.490907149553
24.2039891439242
24.7604494334478
25.5455967899317
23.0297865404681
22.8709543078322
23.9395538569328
23.1894644136634
22.9464356215842
24.6637439917
21.9703447022666
21.2462189944842
23.9666450252573
22.1800470860912
26.226747656335
24.5393489184611
20.1677651705242
24.3677416875806
22.113794037018
21.1901256005164
22.5955059645029
20.0394115794088
25.945247495072
23.7386512712842
25.3940691639504
21.6077888579275
24.3435794458865
23.4344045218565
20.8116807674116
23.9266055030095
23.5406783004147
20.6334025418439
21.8643546633792
23.2644394004478
22.6398748942726
21.666592828644
24.9781874414172
21.4741371578844
20.6811573866909
25.8475367648215
23.2071146893214
24.147514479025
21.7240134771816
23.1057477787439
23.3746854440501
22.5312727881467
23.644149574773
26.3738772664068
22.4671475302427
23.7919859988006
21.6153140776266
22.1066195751022
20.2960503431118
22.6713603148591
22.801500972622
23.2878350854056
22.182795298162
24.7705482149322
22.9294382528985
21.1372816212953
24.9003035937649
22.3757739616944
25.1724163602313
24.2379065510041
23.0948765672552
24.0361016979023
22.7257490488402
24.6238414029973
22.2843291940791
26.923834188409
24.5336990367794
23.335924332678
24.3043941445696
23.9715998872532
25.0544496814162
24.2794874807459
23.8554035938892
22.3718233243671
22.8602608743838
22.4861281226971
21.416117383408
20.6376932259539
24.3002712932123
22.1007378482913
24.3550731222766
23.0806075128725
22.6859760902773
21.765012765363
21.9311858637161
22.0276387590877
22.9392902570209
22.1859802393589
21.0253244890129
21.109461826035
18.8141760157976
21.8832263463482
20.7189300517698
20.6665373730574
20.5974996152848
21.6970840515868
20.5690155181136
21.8629515367635
22.1741377640637
23.198198026596
21.1801032214365
24.841277901493
20.0387910486033
21.5266694421036
21.1384189646798
20.9632119114186
21.7652842649039
22.5777033072253
20.6785556464852
21.5216455361416
21.7389658070943
21.4542441527605
20.7582306404694
22.5042504015099
20.3935658217738
22.5059479872559
23.0147668066119
23.9995235137929
23.4119775818375
20.8397810866571
22.413508956708
23.0855558853711
20.3117095680143
20.0951310045556
24.0489854803015
19.0593059834144
21.2887846032823
18.0891370344024
20.1738830602435
18.9391240559805
18.7652691026993
23.0062614699481
24.3015878560086
21.3184150390352
24.5665298134522
23.9249366797827
21.6361534266668
23.4621204502797
21.1019414491935
24.1244710935463
24.2687516438128
22.9037453277507
24.0981513670221
22.990672790985
24.1074788385595
20.1830098559731
26.2640551339459
25.2386245006319
21.4722344508092
22.9368387174161
23.856712345168
23.3109642390024
23.2948743787798
22.7396494601678
21.4811544668632
21.5733182313513
23.4126777288647
21.1676401104096
20.2293538694287
23.3334204199231
20.4356435038221
21.3929744549573
22.9809272137338
18.3528919373688
24.9828855516327
25.3276404087114
17.5475624835471
19.2513882579236
21.268441269358
22.0775048991701
22.7128390029856
20.3734030296627
24.0097471408118
19.4984829569131
21.9860863877986
20.0206552311822
19.0509736672741
21.2521962716328
20.7236591294977
19.9068973727535
19.9235718408333
17.9652642848637
21.6043247525179
22.982204861009
22.9052036841939
22.6806437443836
22.6324035981046
21.1815611839491
20.0957891278262
18.8615266586871
19.9975094287221
21.9394758649136
21.1954710532676
18.9390483222773
21.9643003060788
21.0994974272036
18.9771183629368
22.1077975105876
21.1532560233308
24.8373934437624
20.0726408895849
21.1245955878559
24.3760107037896
21.050238505353
23.0435433928963
26.2410008236121
20.5867635555171
21.7827635959089
20.2907417118225
22.838336411781
20.6893635076337
22.3646528897701
18.2555204170862
21.1912947591326
20.3824781075954
25.4557051076398
24.8583162161116
23.4418450604643
25.9158129637666
20.2048524484429
21.4873661056147
25.1288823319341
25.4331968572578
21.8232734864519
24.5399520443396
18.9148487890556
20.4891762924193
25.0849051699347
22.8323379455657
22.8353487567814
22.9645134177869
23.2314765933854
24.8289563462319
20.001898627614
20.6165100328968
24.0432687711715
24.5895202231272
23.5824870489752
23.1433005247404
23.9905029157921
23.1859886285307
24.8548893082633
25.3373426464032
21.0703542844357
23.253711592264
19.5287167653639
22.2450222505397
22.8246571095316
24.9593982604656
23.2098635185313
20.7716386411071
24.1563900426334
19.5226844134386
18.6109458207679
24.8426932533537
24.7095681738139
23.1042098678259
22.3329962940208
22.5228032100165
21.9581270006957
25.4193357439
23.8670504671594
23.8066987582171
25.3191433956052
23.9547885756428
21.5600579589624
19.7667906745554
23.8710534284768
20.9198418183197
21.1855809909395
23.3150643432418
22.331965698759
20.7770372218377
20.3237616852407
22.155485174553
24.0102090490736
22.3829533657027
24.084428137202
24.8607721898784
23.1123713296522
20.8842514744398
21.7829992490413
23.9724752640366
26.3634382290411
21.4122265378405
21.867661869162
22.1630364831821
22.5466472916611
24.644833619311
22.0824154570046
20.0640405715399
23.3505102976353
24.1805146043074
22.9665760950175
25.1706132899417
25.9668752879267
22.4533641966528
21.3276602472677
21.5166847839842
23.0115102748754
20.6446311831587
24.5007072845164
22.7891855842583
24.1833886395249
25.923131320983
21.8893378703365
23.5567403024528
21.7992273615689
24.6948242339107
23.3135515572455
20.8598577762503
24.8971267803546
24.220466249192
22.1739214724354
22.0067439137468
22.1718051708559
25.0995994797417
19.5249105854223
22.330295130351
22.3075526107798
20.8160676289959
24.1424684165541
22.131067858519
22.6048543674778
22.2700850233043
19.9155607443479
24.9254067625746
23.3548952999929
20.3300918908556
22.3998820674329
19.6302202259078
21.5580141463392
23.0911476143301
20.3412600222464
24.5963881875952
23.8429522552823
21.6524831824531
19.8145375714905
19.6796100520776
21.7081403955504
20.3885541501593
20.1593897038141
21.2083375334456
19.6174793959709
23.0116823455025
19.4659070154461
22.1318686600001
25.2597147190922
20.765942516334
19.2615722480837
19.4412942652966
17.660922418346
19.7899324656453
20.6294886643484
21.8414195441593
19.0752344470651
23.040502403153
22.070044904731
19.3155486073754
21.8550372302435
19.6489755078897
23.6902397992746
21.0021122551459
21.1365907429514
21.848105670507
24.7474386370307
21.9178135013633
26.1485026944033
20.3112312460116
22.0052405162947
20.4497722288617
22.0215555099671
23.3859696903562
20.9388477038351
20.6921087798181
22.8273988955455
20.1362387265623
23.7532816274801
24.5915751898759
21.0433171400531
24.136378240182
20.2529426033021
21.3635187948149
23.1781722926044
21.2381500263992
21.1119336412906
25.065766774315
20.8878785492995
22.1084522062841
27.215810494042
22.470873819118
21.9427723583392
22.2845171378467
22.9654814440569
25.6509724407377
19.5514775918054
21.8127651865573
23.128493832669
23.5700461136205
22.2471110583154
22.6929021524828
23.8564935040631
21.4434106939298
24.4796866980855
25.1711462855975
21.4838434615883
22.5611391008388
23.3980679215408
22.4386841738882
25.0074443661612
25.0670166394542
23.2775538429667
20.3025912528958
23.6613999641175
20.2121274206068
20.2407522563908
23.676161425672
25.4447613500782
22.7521700995331
23.7768418901975
21.1806264105984
21.8792299847387
23.1374296037011
22.9538638563338
20.8302269243631
24.4383503036251
23.243541048542
20.7554500190982
22.1525747831604
22.9969466107861
23.9278362507997
20.6499958402945
22.9784863705471
20.7842477010108
23.7160049019122
18.8097289673711
20.8683452374263
23.8433705248469
21.5957112722033
23.1708482522392
24.2713729155591
24.8129852477848
21.6950446319884
21.69848408073
22.916113180264
25.7549654822551
22.5047927443962
20.9789961558958
21.5235782606375
21.615350140881
25.3874010949574
22.5189326066588
21.5160219069353
22.4014544315689
24.9008543149176
24.0283865464446
24.3768870409588
24.818272628859
23.2239502048434
23.6315061217136
19.4422988520676
22.7405281203511
21.5039759993994
24.8450949098618
22.4328286436959
25.629249675258
24.0727691699113
22.4158689657158
20.3175885789322
20.5308625495312
25.2598288669043
23.5056751276174
22.052952369841
21.1008333125742
24.7743686813021
23.2548824918419
24.0050814014166
22.364773139701
22.5548369929957
20.1772747871102
20.2770278341301
21.1100574724309
20.1456402355288
23.7023863552551
21.8835976834822
21.9455089070974
23.3459117478082
19.5148744859988
26.7792839932268
23.1503247466794
18.9770738708707
20.2774476637504
19.5013065495119
21.4928860612612
21.4550140687348
21.7541501832661
22.46211912004
23.1084804981888
21.8023929652452
19.4759447070758
20.1799283750806
20.7212557059677
19.7041643971603
22.2073492988255
21.2926105459911
21.7066347150592
22.4462281140949
20.1679518071372
22.0291420123469
23.2069536955479
21.4380492239529
19.1183989939086
20.1548740656222
20.6869360672044
21.0531734051911
21.4393125354154
19.961381554764
16.6412786550372
21.4264400897462
23.0710904023991
20.125764589959
18.4577325136904
20.3990943395784
22.6211583656069
19.1914179392785
17.6670745271641
20.6818802104184
22.9612940871473
20.0767610596044
26.8287753252362
20.2000027247808
22.6745452355586
21.379258213632
22.1353949058764
19.479649105496
22.8987334442101
20.465397847339
22.413587721021
21.2363484024117
24.3447641215765
22.89383739416
22.0021619553422
25.6780242698022
22.4217501077536
20.8008974903273
24.2629882450046
20.5124998402997
20.8949039553023
25.7280103379111
21.1764859414498
22.3190259881388
26.1226850919781
24.4013152981071
22.3626663319188
20.552930684803
22.2906008920289
24.9433480286087
19.1312327412992
20.676975585167
22.6432518682079
22.5314804841391
20.228503485609
25.0599508047857
20.703611741166
21.9960994995111
25.5733350502265
26.8323047526195
21.8664217956068
24.1442756252868
22.3166366113867
19.7681966257157
23.7681923542868
24.1311173396395
21.9824512984824
19.5857479617915
20.864409947374
22.2931037263388
18.7887896723594
24.2258645302112
22.8532655730024
23.9456310289537
24.2847993572252
22.7362387060028
19.4408769515929
23.9913546238205
24.1126762811018
21.9820899644907
23.4941906769753
21.7692758576005
20.4630711651368
20.4142504386319
21.2807403814611
24.2678074506481
23.3333243653914
24.0778837719031
22.7642718466862
24.0439867117115
19.9684887466415
19.2679263622924
24.8552232112579
21.8132783384752
23.5364320723471
24.502790895185
24.6501755592013
22.175392296686
19.7381895241981
22.5311446842542
23.2372417184348
18.983583950048
19.1005703740471
24.0401019922176
22.3730884686672
25.4134747296201
22.7735405834706
21.9803259411907
20.3617806300003
24.5498758773708
25.8501476225387
24.084325199801
25.280410465655
22.5304088875287
22.7098241113519
18.8550110864769
21.7882028075597
23.0571312273928
24.5530817846564
21.7140338257374
23.2814038172913
25.8746362743656
22.8057688704275
23.2854839408785
22.8318180451988
24.696542063015
25.4582768250934
23.4351100049244
21.9465781493349
25.5136851487027
23.3009198139078
24.0733479481576
22.9978238017147
21.0032214445148
21.2145827144912
23.9976623358767
20.4297009606055
22.1775746434313
24.4075922804747
23.2542662156825
24.01061379761
22.3049155418034
20.8939751757216
23.8210632432338
22.6424637327004
22.3472833584013
24.3943817821325
20.3787552538655
21.7087526729534
24.8002085133658
20.7328723443928
25.7678394030038
22.9771008998858
19.2065135434183
22.5307737589334
22.0256847456261
21.1317287985064
21.8086555361894
20.1658744817477
24.0478534862596
21.6761220107257
24.5465612944204
20.9954346207987
22.3183652451345
21.151430679202
20.4608729331644
22.3563158617827
20.7131273614982
23.0272802383315
22.4971651281512
21.7038840309308
19.1029969944907
19.9528724694129
21.8414856248271
21.8299977380912
18.8356708607088
23.5844015677477
22.8150720026565
22.6064067983739
21.6803336161844
20.9780236111113
23.4027392200933
21.8746229491906
19.6234431103527
27.7297924559967
22.0753071769534
24.0933787288402
22.1621336837082
20.7455353002561
20.6944075123603
22.3280008287332
25.1911933635332
23.0060976127183
22.6532797962992
25.2725098883622
26.0427127726261
22.1232855794959
26.732977270163
20.9455788828557
25.6303536047969
23.8273828862387
24.4484943550573
25.3131347740431
24.0045522059333
24.2113679438644
21.2672621470757
26.5054822756028
24.7672702215963
23.509806084537
23.1524082441146
20.396220728737
25.2093975172346
20.1988051427627
22.1308160786963
20.571905174403
20.4147179340835
21.1914924429492
23.1061540039556
22.7200652270694
22.1468160119587
24.7488341679373
23.4968885204062
19.8167757499951
19.9173103526575
23.1738887720725
20.8838880975483
23.0128044869163
23.2358035895428
22.9974318930632
20.2268585107444
23.2689136272361
20.3239813066087
19.1110713141532
24.7336992908419
22.2741098581311
22.1441583149198
23.2448339348497
22.0674395940273
21.273524482776
25.8427724325886
22.7188463535612
23.1079499822591
22.609000957206
23.6032722271365
18.1495484927005
21.0716374495712
22.71659880588
24.4282481250222
22.7702896078859
22.8225663569504
22.8420504942532
23.4176531764007
18.4347915169596
19.62321505021
23.9325468759088
22.7751732768182
21.8042237567847
22.3780751935412
22.7391281260842
20.3799942340296
19.2999682615451
21.865235976939
23.9012530127954
22.0968268229419
18.69206547715
23.2958414824764
20.8965084961488
25.0259054217324
21.7483183239248
21.3938755516383
20.170953397036
25.1060939307282
23.423037944778
23.0150940647868
23.8828354321244
21.7246095404481
23.4459354684328
18.4187914726472
23.4439584641284
21.0605848162647
24.1904383105324
21.4164272139575
25.4889730702267
25.2904358565678
22.6874515470231
21.9344935293923
20.9497281381884
23.8726606117002
24.2211731977737
22.6093707943448
22.63559613172
24.6028374197376
22.5252262751361
25.3643755029657
23.7514522207903
21.9091475991597
24.3078246545741
22.893935712912
24.6716313986604
24.2837333224746
26.8205477158412
24.9754909070018
22.9519562155583
25.0828294753654
21.4861229585194
27.2995780178982
26.0639974517751
21.9903170985423
22.6311703370975
22.2200668041012
24.2767358165076
24.3324598629242
23.1472155583884
25.0844454439873
23.9231186420277
25.1066719584417
20.8999375123381
22.4561526965384
25.1894365649661
21.8665733670071
23.0676422598724
22.2892158375199
23.2160940024476
23.5501898679429
25.618679354821
25.0251447745136
23.7584494853686
23.2498344670621
21.9909000663599
22.8151474288873
21.5645782876529
22.9521203025948
23.4191865423447
24.9894986036737
22.6357142753705
25.8451957418533
23.9182820921007
21.53840698006
23.9781671293656
23.1546562250437
26.0589435464344
22.1161719230465
24.3788054251272
23.2376674911972
24.7061279215521
24.8265646745059
28.289251732596
22.7050664593221
24.3428815218201
21.1541456232429
25.4686127797364
22.6529351189595
24.7781654609236
22.1724490389373
22.1430712667236
22.6201260929106
25.362510444406
24.2534948810341
22.3020553449779
25.2943307590582
24.6502876136537
22.8772055715364
24.7687099044733
23.2040129655354
24.7595229202012
27.5638995603654
23.7477961308487
23.5168575036672
26.0327994007991
26.3583968905139
23.8263512483583
24.5063181781809
24.3765178488544
24.5032254643017
24.3822821969262
22.650005700768
25.0010674123619
23.7892704958051
20.5082001282886
23.6304480003248
21.3026608758256
21.3799119377398
24.8968019756373
25.6458997619779
20.4813376711934
22.6590546352117
21.8273928574352
19.1831989758791
23.0943373438256
23.1696435723116
21.4175697425638
18.1787384679696
21.9243337698071
21.3544771129535
17.811851481218
23.9368317388127
23.5997910457288
21.7657771828454
23.4164636875061
22.5232370604129
18.8670308072677
22.6753325769115
23.9178789618009
21.6642366124995
23.281103048746
21.0231118825717
20.0090201276965
20.3733518467289
20.9445221729188
21.7787488212083
21.5100624965156
23.1025821635185
21.7901609419817
21.6875201627664
17.9128455067172
17.8507815518126
23.123994434611
22.3564090747925
22.4261952742346
22.5763907182371
24.1623893409637
21.7619447266758
19.2788236733007
21.6455155007151
23.3158059630389
20.0985846492436
18.6674831102323
24.6113659922684
21.3360507257452
24.8727609868497
22.1507083474902
21.3552605144101
20.0674524671318
23.1264928915287
24.4596810821808
23.3198201684103
23.7648375638812
21.3546579481003
20.9638841798963
18.2541509114412
22.0168680052879
22.331544519057
24.0891271339076
20.5474133979941
21.6013452519039
24.9978487673159
21.7166296289296
22.449688349623
21.708331745104
23.93793821899
24.5188450671872
22.0436018858955
23.3328057158041
24.3150698617326
22.4017850733237
22.4550313549905
22.0737402193534
22.5717480073892
22.0077452240828
22.3271448590076
25.0976378098244
21.277763591104
27.8803096911886
24.6277362176045
22.7272046277091
26.8265223154571
22.6687931601644
28.4750763236508
26.8135763075151
24.9214809950951
19.2225716877867
22.0659742060709
25.1946293155953
23.3615586732214
24.1991537223964
25.8745693395168
24.500453251284
22.7857596216258
23.1928940426538
24.2166545550272
24.141020815393
22.5153854285495
24.6004788407205
22.2341764500831
23.1134396912307
25.8304902410617
23.4692728985501
24.97416451857
26.7646531714025
23.3924286223279
23.0562020946386
22.8098380022748
20.0626497508643
20.2160834781883
23.3731468341045
24.5848596958276
21.5068138482843
24.3585334231779
24.914023717993
23.2538835850595
21.334375524555
25.6754891496971
27.5652242235641
23.1306526244167
22.8253011499009
18.7980983499646
25.4667227331887
24.2001545625291
30.2498696441269
22.7621835184002
21.3077848220437
23.2503064891211
26.0611177208883
22.9720249149567
24.797921167818
21.1935064830546
24.9932251325932
23.039536681349
25.5682519897612
27.2315559506438
22.4417791357111
29.230007928924
23.0452437299624
22.118821305335
25.0322634794872
24.811062050474
25.0324291746644
27.3006801825445
21.36796290158
25.9793079870002
29.7842547506541
26.4120934050274
25.0352642163422
25.5600114156201
25.8358560471188
25.8338118549717
26.4427923172022
23.0255424670431
26.3120075835878
23.4748859307041
22.3143738296581
23.2830221336983
21.9122286115256
23.1324076955793
23.707488188871
20.030500308641
23.5197001466724
19.5796560050316
25.8997183802864
24.5007685233635
20.7442036906329
16.4064320194794
20.9626300395639
21.7916505313854
24.0285110341149
21.1167965890965
23.2846470532952
21.5053658970113
24.6339298946809
21.119147974514
20.2483980216866
22.5267551029496
20.439524879902
24.7725761332395
18.5181536478476
21.880491061099
21.328686673787
23.1241265972718
23.3637473748005
23.8118189616553
24.6028428580414
21.2070214722102
19.750193373894
22.4197413101169
21.4165968690948
22.9654096880786
21.4309381899168
17.7526919026606
22.3277981809915
24.1346178071884
22.5573973256513
19.9089817545234
23.5927673422797
25.3520020848917
19.0262299214237
20.4669762453057
23.5321536742388
23.0491292378281
21.6181471429385
28.1131254509802
20.2213803323937
20.0347136322578
21.5238889904702
22.9721243187443
22.4488356145122
23.7224735522719
19.4737546207429
22.3217572246861
23.1113538444745
23.7030345775475
26.955015326414
23.5946273013643
26.3000197095516
24.938460131757
18.8400790005367
25.0532158871279
24.2207403317409
22.5153849951838
26.0739228566083
20.0334089561766
23.7851855994857
26.8908580652785
22.4362601754057
24.3860699187269
21.5425962568327
22.5165574527775
26.1171095793275
21.4226534337713
21.9015309389339
24.7319386201771
20.441441713361
20.1139507994232
23.4441451969783
20.099131642491
23.4724497923034
22.7355350986892
23.6662943487237
24.4182608811618
21.1777860033796
26.0838324408261
23.3891921479022
19.9413509220985
21.4222222363241
19.8770783458136
23.3138917316183
21.3416748905604
20.8747068750158
23.2647792675445
20.1691297397426
21.9629984838948
20.4280370446526
21.078323244426
21.3308766923834
20.3751831354208
20.0546414567957
22.3197838689157
22.9871423130456
23.9354012344644
21.8694148087206
24.4024370337413
23.3108891807714
20.9698434259935
22.6759178965855
19.8312568190624
21.752401081172
20.3089199010482
22.5293002874379
22.2564112217786
17.8038290411502
23.2656688295627
22.9604989116166
18.9285168650429
22.2191619803717
22.0449666120823
24.3153288310411
20.2465263372309
22.2847603066137
20.1314813279071
22.4664770863296
20.1956620416763
27.5495311792834
21.6825815609247
23.6671640273294
22.5812415152603
21.7622962403059
20.182653301981
20.3745895384809
20.8387909126092
23.7690631119535
20.6340434133187
25.247443149144
21.6801212311029
22.4459034429061
25.1517022937535
23.2055786578974
22.1151265179651
24.1048540284211
21.505840800598
23.65115262495
25.1854676877663
20.6330013452955
21.3415338414231
27.1034161976214
24.8694898295259
22.2021193956894
22.3108650032996
21.0884313147523
24.8853969955066
19.2447308863758
24.5560190489684
23.3210569816238
19.7396886465587
22.9659265754796
21.6726050223919
20.940294317945
23.5303776078613
20.9426485224607
22.1327662497469
23.5321705317478
19.3486856245198
24.1913253969216
21.2617518625901
19.6472024922548
22.7082181323368
20.2374648325303
20.4364858213113
22.1809630720892
20.4255301502803
23.2752087307569
20.3817077846722
20.3128751754808
20.6658928692141
20.2278003634369
18.5009530427344
19.4580781886677
20.4288061743709
20.191446927716
19.8698411139717
22.7247324499478
19.801654795832
22.1515913869979
23.0282125759335
21.2728486066528
19.4845663550319
18.6418778010626
20.790740491667
20.8309006432316
20.6387266708696
22.2101485546696
16.5891384610617
22.1266482137535
21.9574150418265
19.0356363453967
20.1184351385815
19.0579304720576
22.9666203714395
19.5744610313851
20.8558884429331
20.6971526654718
22.6382454490399
21.495873555087
25.7765022883138
21.2505386659511
22.1170521868168
21.376158505806
21.9861558448084
19.0141251497241
22.6504185847877
22.6860407697786
21.2027678336899
21.1061319964871
24.7240481415738
25.9847972302755
20.9811442098092
25.4256490377949
18.590307864197
20.8762305035029
23.3212626594257
22.4967287728955
22.2574704654846
24.9601191593547
19.5584818632035
20.1797235396683
25.2729313588034
23.2938801313948
23.5392372929065
19.8160119224763
19.8090878374204
24.6211481861815
19.9043681726041
21.2136779893591
20.7835250009316
21.870439597333
23.5845515512389
22.743427267146
20.4574010122813
25.4029169469776
22.8836538553634
20.5284034603948
25.2946432415124
19.649419215725
27.009706498067
25.2714171923341
21.8784299872473
19.4778477022162
21.9150591595036
23.2485468557291
24.7676444192985
23.2931968209071
25.6539644824046
23.3580386124073
23.2732180719972
21.4682777348295
23.1959716871426
22.317010850481
21.3504129884907
21.4661922518822
20.1519737090657
20.6642829718881
24.5364401599583
23.7151245779107
24.9136373934495
24.0132346604827
21.666954678117
21.4679975980922
20.7741482162578
22.7611069298037
21.4521230870246
22.9984195127866
21.4673857594179
19.0049011515365
22.4043639123716
24.3665546536724
22.1521964681286
20.3451915590546
22.8140395676075
25.0835004807848
22.6914945892218
19.7878890441117
24.6603069104877
26.1965871342328
22.6996299390332
30.063834519177
21.8966598163258
21.5214271227426
22.811394566637
25.487553273609
24.3968391295081
23.089701327679
20.699042967475
22.8462823101573
22.7862997251481
26.8104002552622
26.393312926599
24.3909140427883
27.5439823067155
24.7521988449109
19.3029547758525
25.9946199961181
23.0835946798226
23.5300064890122
27.6633571674018
23.4823458832307
22.6228624474199
27.9584667326429
25.4393279175117
25.1909819048774
25.449334614217
22.0739151676009
24.2761393097951
21.3290410691203
21.8590511389308
25.2202033649455
24.544347097541
21.9735765093235
25.4223828609312
21.1642509876909
25.710880244375
23.2671107961957
22.1339948132797
26.3337676248392
22.9134571503672
26.9666835560827
23.349659009749
23.9376025603535
20.7013531425362
18.8265715764294
24.065896959787
22.7131759580957
23.6075856629252
26.4024850225791
24.2573882140913
21.7509604452353
23.4176969487368
23.3008252016995
21.0807768150125
21.4282882558082
22.0952841438996
20.5772526766075
21.1301311260216
25.5856516519337
21.501403782892
25.1918204808525
24.7968183088981
21.8593457876539
22.2306995952143
22.4385618458388
22.2542959733338
22.2963280833275
24.4563562021226
21.1108547725499
19.2554959318786
23.5437414620469
24.1467496796747
20.7193230716654
22.9105143563068
24.7349414900871
28.0010111774381
23.5634134172368
21.7483413132045
22.3851198054553
25.0226686837461
22.8420245762074
31.0254614541733
25.0972524560452
20.7071536707364
23.4023780435744
23.9965570456831
23.3979251120241
22.0977093301972
23.1896628920544
23.5412551653005
23.6101126538011
26.4062709747501
26.9802851348552
24.2555781772177
25.9808539101777
22.8086114407881
21.5834955423561
26.4858214348299
23.8075657861751
24.6600905243215
26.3524342570899
22.6917313148237
23.7271077608832
29.9982575620561
24.4028738186416
26.1022679361085
22.8843682177348
21.5051760884601
25.4347442831432
21.448106076965
20.609388981498
23.9250826237896
21.61797756619
21.6545506051495
21.6975738916183
20.1515665891066
21.2853715863106
23.3767642935243
25.1406253681431
19.1606343695708
21.8843667395671
22.5776059019451
20.4425334466142
23.2775065541987
24.4336681309805
19.6081914951537
18.8157849950188
23.4738862597346
20.5297338809744
20.4696048278925
23.484726539928
22.3495209408445
22.4697897177868
21.8457619964085
20.4794050203437
21.0378601890183
21.5815905551121
22.3913609232796
21.521483468497
23.0345163397532
21.2503924512428
18.8845028544124
19.2857566358021
19.2499121672469
22.7198236265311
20.4829098849188
19.8605597706433
20.5543421155459
24.0852983996664
17.7749768795366
18.4344331390061
22.4652215035773
20.9251007688063
22.1463677224836
23.209932554172
23.1738938399246
21.0069146658373
17.5506104314053
20.8941262815639
23.2546945733183
19.9062656290297
19.4316370925577
22.364871744325
20.6118069871331
22.0138161252714
20.5326065594002
21.1537148396909
19.2604881174336
23.1881960783178
22.7130676088482
23.4638988573653
23.0527844869188
20.96707872753
19.8766451117338
18.477212430977
22.5953613519518
21.2334214447439
24.1909793376092
21.102635906689
21.7857609721591
24.2210970765533
19.505594311411
21.6129502743615
22.1122323215201
24.8706055609556
23.0560004779343
22.0157170604903
22.1240464442847
24.2657675837864
21.8012189054027
23.5413661809472
20.9783232471137
21.1324600868543
20.7622667363185
19.986336971384
21.6992562563555
19.4667150457465
24.2993972795119
19.1306651055019
21.7312043849973
21.9673010223921
19.8189480247397
22.9410765217903
22.9823666357463
20.1313795308517
19.4796163636097
20.2592583491305
20.4060554282213
20.1223437497589
18.8574924568995
21.1906354116557
22.3903600732699
21.1826921739146
18.4537031334109
19.3325571298214
19.1310997515955
17.9189046901825
19.816411721436
20.4988959188172
18.6038162623168
22.6756563395019
20.4238239200178
23.0800039545225
22.017827084661
20.6671581653081
18.4196916114733
20.6957159922117
17.9294596455652
20.227871937623
20.6806451975308
19.442401074502
18.4017602572161
19.8097380691363
21.6998094974022
17.2867435969723
21.3039993195866
21.4710794332135
24.0890123237735
20.413435860777
18.4600667660265
21.5861816300428
24.1493555285319
18.8673440453687
25.8356041320644
18.9993492247848
21.6260114805164
20.4987433885995
20.9429813164524
21.4724249719924
19.6009992970072
21.6080246448627
21.5527008007722
21.185451387756
23.5594911613805
23.3904257106951
21.8863054374256
26.2105785213181
22.3004580034234
19.9828512475325
23.4643475043134
20.5081994222832
21.3729722547129
22.5986233557551
21.5405535550221
19.1664419961592
25.7440748136
21.2353354483918
22.381062698159
19.7834776730928
22.2285616047168
24.6293037912119
22.0796505682343
18.9111288645442
23.0645772959439
23.7755696133774
22.5972064495566
21.2652579573323
21.500586068011
23.6000009480462
23.8086673706196
23.7409103153847
23.9023366457363
21.7325737440093
24.3295012729872
23.5795281141722
23.1496159814239
24.2378822635549
21.9900675085794
22.3754441616116
22.9091686901998
22.1467505332855
23.2559284143967
23.8622466310871
23.4818238622491
22.3990746944998
23.0673670753714
21.7792650196588
20.2480063387096
23.1461143847311
23.996337099494
20.2621121881084
24.0515531329968
22.1818901376369
20.8247355344967
24.7363483449416
21.4879374860876
20.8554966810021
21.1079213496597
20.9813825019007
20.5318318545422
22.6399354652615
20.8332669829055
18.559344955592
22.2385306199916
20.8856699912025
23.0951754373366
24.883637632039
22.7325767048343
24.0821288113569
20.246520622441
21.5416437366517
24.5323295160905
23.0567171557641
18.3861834594765
26.3307474927853
21.6334899674461
25.0140638389257
22.3471709398958
21.822969398139
21.3880106465089
23.2619482396033
22.4794775957357
23.8949015001497
24.3770430698385
22.9532700846147
24.9011984674001
19.8786785415537
24.2122372721728
17.6167805083324
24.4453991674955
21.8954114066429
26.5443410779885
23.7412033584612
26.1174653519593
20.6558977884038
21.4970072582673
27.1892182567313
25.1474115806595
21.6829497678578
24.415144998025
23.7040747331229
24.6934436828755
21.6332239662663
21.9661376489359
23.0509547497454
20.4629677972766
22.8358361886155
21.3004674090601
21.4936744698025
22.3512700865566
21.3763961503369
24.2663793598353
23.3861781232902
21.7042527396864
22.0955569375735
19.0894561411244
22.757806020709
23.3352358650473
20.7593657384182
21.1728287311132
22.1175746670242
19.5500627579494
21.5145935484414
23.5101441155632
21.4807716586284
21.432722043025
20.7545240057058
21.2258667090489
21.2838516700206
20.439753005122
22.3629675402058
19.9273309933125
23.117244298554
21.2980757294608
20.9380901357686
22.6119503555184
20.0609835993
16.4704710818688
21.6625807902005
22.1080098208837
22.9008071311425
21.2829841841103
20.8795345840887
18.7730409711259
23.4435136491099
21.50139465699
22.4939198170455
22.2239255489878
20.7447254471306
22.3657242836898
19.2585069013588
20.7935540858243
21.5596024052221
21.4880348178842
19.2444648849654
25.9292214795043
21.0627494102385
20.646077627795
19.8320508057677
19.3621543311402
19.8426473252461
20.6513961770027
25.5079928777089
22.6015096346675
20.8894424183071
23.1202775780033
24.6044355986874
19.929500682109
22.7072873908897
19.1092301826749
21.8523488311033
21.6065692228321
22.2549957227126
22.7250502074986
22.7870672805545
22.5454744729941
18.6332258711388
25.5623269846058
22.777940916252
22.0748895631204
23.1622788460727
20.8616780425011
22.3274128416201
20.7130839547761
19.1817441620429
20.9334730702683
20.7085279776127
19.1191655039118
21.1708404171451
19.4608924666535
23.8157287306948
21.0334719168783
24.5427544455643
21.2471677338362
21.0779024291546
21.7062816550265
21.8964161448186
21.5027764485633
21.2389019785656
18.8218311157553
19.4953979209761
20.4226452899489
17.7683823624965
20.190872817097
22.8191621556113
20.7775997847717
20.776441432949
21.9565509107235
18.6260053778565
19.020399452229
19.338858699163
21.7640851402562
19.4263349344988
23.4219668203847
20.6807125945427
21.6665791993395
20.4460502644276
17.6458710425756
21.3170668773203
20.0554126653781
18.9048621865358
20.2968390818667
22.0775439141104
18.738904634573
18.2479162435976
21.8295922924924
19.792795781012
18.1187477922441
22.6281332816818
22.9398625289194
22.90520530761
18.0532670017718
19.7502232009624
22.0140656371274
21.6511093390806
18.2939736601594
24.1609716001424
20.2581658185223
22.1013976206287
20.1577229413114
19.4182371984202
19.0782188479585
21.5255621957216
21.9104212700362
22.1543419690998
21.7529738641568
22.1381090325913
20.1823794470798
19.2471409847268
24.6317738488174
20.3986311272555
22.222545814228
21.9536118970675
19.9738824384688
23.4049431076896
21.2466195460277
21.6716775683536
18.2916074907079
24.6424103211834
22.4239109848948
20.2358873381719
19.7889666599634
23.4923470453182
22.4596380850809
22.7023421823997
19.3841083669019
20.3498432892579
20.0813041776426
19.2488077529618
21.6238525469517
18.1820821196199
24.0187579912971
21.4109602917996
23.0849233144287
23.8853701547613
20.2327137452093
24.9362757671698
23.3499723529069
20.2815429561137
21.8694073251215
18.9764561925431
22.087553532672
20.583706588849
21.5935099109231
22.698411299144
20.8691550071804
21.1842484955637
20.1684926081789
20.6680542251089
19.0546398775566
18.7616912964299
17.9835548917109
21.8114243862862
18.5703055647493
21.9956312453863
21.1652750427441
21.9565888839353
23.6394823564738
19.7139648749572
19.7316085080131
19.1213186631931
19.3900437581647
19.8520388697911
22.6682659190423
19.7541629852329
15.4236664093295
21.6761381293746
21.2590486441824
19.8590930231485
22.3300058525433
21.0720684933986
25.0429948170621
18.4968636138298
19.9901880306905
21.5801640513751
22.3568791530481
19.099493123614
26.3355373719448
19.8391218662148
21.7131229474759
19.7793205216485
21.5543979022801
20.4019492801925
20.6381176094446
19.219632538984
21.552425356419
20.7025876164795
24.1638292931692
21.3250122465974
20.3231412922275
24.5345517571762
20.4481809045719
22.4864142022737
22.9557943524213
22.2718669859899
21.5585074645525
24.4586050346596
19.3502532178737
21.2875759771406
26.6220678175003
23.852965934484
21.8552816597009
19.8833348842777
22.2148986813754
24.1992161759268
18.6966805130573
19.9368631390238
21.1130678026953
21.2403652118343
20.066838838199
22.0527275833212
19.706986870049
23.6592667761377
23.2492810515929
21.1750843058826
23.3656640970538
21.3030142403188
25.7350593615354
23.4955414866099
21.0419811198599
17.9754420441896
21.3597987912299
22.2186333850309
20.5305458050992
22.0754756321739
23.1294799336099
21.1612861464018
21.3418516646686
22.7674428331373
19.4147681053267
19.214158480426
20.2509856737372
22.8539426728901
19.1889929526954
21.5287251524491
24.0590871660236
21.1115694792158
23.2258786578651
22.6286899489471
22.3913134227286
23.335905996176
20.7638773413515
20.9670808079704
20.2601718308073
21.9751418109434
22.2483131640906
18.7445180004451
20.9192923585217
22.9054835239158
19.8221017524553
19.156187064396
23.3518615725721
24.7192719790477
21.9815147594852
21.0744747325294
21.5402414035741
23.1562890654961
21.9416012508588
26.3851313353467
21.0417413503561
18.0364490510492
21.5657230784221
21.9007125467669
20.6463343748607
20.6156734623585
19.2914296283302
22.9156362661212
22.704269650485
25.5119492875009
24.9226148806675
22.824707553861
24.657748092786
22.7011591215342
19.7639762303035
25.6246602883734
22.9368611084369
22.1673478235146
25.2037068665311
22.379880716812
23.7512123800002
27.8902120865214
23.3277995381643
23.5351206190854
21.092010817284
24.0487419350492
23.4986473033528
22.6037926790532
22.0619775825135
22.9210334298788
21.7799400177889
22.7601279860852
20.9036438122878
20.2059480676479
21.4629987908232
23.4918615586592
24.1248231548422
22.1447256168447
20.6707951263688
23.5581813576723
22.8439555959855
21.793645114912
22.6148611806197
21.245939819069
22.0774888011718
25.3500939795294
19.7912000263462
23.2013728370081
22.9688011317738
25.0736025347296
20.2657272210882
21.8410666917774
21.9615377025806
21.4392027790469
22.5273032125107
21.1234046381466
19.7956840532722
23.7986668196924
22.9526882109814
22.9280823386813
20.2769412271297
21.005974979907
19.2243135530615
19.522828969156
21.114487140312
20.4636486688346
22.2516667687541
20.1080095655117
20.5454303788668
22.9192094263369
21.6898722604749
21.9254029747632
24.1084673345355
22.7030612375863
23.4105321398815
19.865516905206
20.6712356421595
23.5880579922599
21.7932082286
18.548563005825
26.0501880724475
22.1969294539872
22.9384136523634
20.7232150268057
20.809045592823
23.4590380458831
22.5130784761108
23.1723184431738
24.41375337709
21.3536898234701
24.565638855954
23.7501157214787
20.8170092922058
24.3952407447641
21.8247723075644
22.46763606804
23.1006416356774
22.2874950961911
24.5085605001803
24.8209858702616
20.8306404773476
20.5072700469764
26.3807419973075
24.37847161693
19.6687443054087
25.9223473728429
23.5694108467057
23.0368488989221
20.3266141121783
23.7262718713486
23.938675317846
18.3586168711277
19.5859954049718
21.1428798335059
18.3977155728697
23.306971423554
21.3415128671865
21.3388264176951
22.3663085981672
19.1330253452206
25.2419651494179
22.8070685766839
19.6990076644007
19.6738345920227
18.1759270337184
22.3496630065563
20.4042638855475
19.4994273880251
20.8001115566359
22.4936507650977
21.4710957855751
18.8155734945016
19.4491978270122
18.880112663265
18.9403212780322
21.0050952341122
19.879981284708
19.5783263736028
21.6025441527007
19.7201604706792
21.9929313416639
21.3896039549745
20.3854086600049
18.1618194667044
19.4357662782189
18.2140919134514
20.048342616152
20.9951689425755
20.8855237084505
18.9893180851379
22.4313139622792
19.8253966802595
17.613152830845
20.8610987220729
20.7143099014501
23.5105524776145
19.3689734689641
20.0438683484716
21.7519625027369
21.3737277950153
17.4041506884173
24.8183221299732
20.7048698109674
21.6275410990443
21.05187584511
20.5330388078094
21.1170769153071
21.406291873779
19.5675996508793
22.3977908076024
20.2658609382448
22.3192248890838
23.6280909264585
18.6633034032
23.66339040247
21.712585747431
20.016848749263
21.701014932933
20.4439702401205
22.2489866260427
23.5621133999053
19.2327369174938
19.7649014669866
25.9158519972953
22.3894033338378
20.7956679980556
19.6355517296495
22.8481361390746
23.7878210980274
19.5332094498489
20.3659577474291
21.5671410576732
22.9789509893189
22.425594799158
20.2322397761011
21.7922858161085
21.7365310220794
24.1104181888057
23.7948834553916
20.8990001036646
21.3319297117613
21.8056999504213
20.9653872177774
24.2034070224696
21.7429327250714
21.21982668206
18.896490388114
24.0248751294555
20.4138143389653
21.8648891120111
23.6943027356296
22.3520115875675
22.6959172855272
23.4410194990868
20.5577396135343
20.2123946871585
23.7079428363322
21.7700253883043
21.9411203597537
25.3598210647293
20.0082211626385
18.6272204720918
19.2127643269699
20.1625317200295
23.9124975206259
20.8315896423907
21.1988460166431
20.9070590301788
22.8423403116386
18.9726283521119
20.0212934826891
21.9141039846848
21.6669102000977
18.5802989378239
21.8298078793781
23.4164067565122
19.0728786067834
21.0847189496549
21.1289255957993
23.3493569794853
21.0138090969375
19.6818443787527
24.0497864327516
22.0861286224034
23.6944349805584
22.948803524355
20.3257776764121
21.989926581358
22.3114846959502
25.0298616606324
22.2971248961807
21.7672656575609
21.0959202982668
24.1279310102569
18.7322060485016
21.9580640265811
21.2974531061222
23.372886841864
20.7563490162648
23.6948704372116
24.6723916817815
21.491002942852
24.3596115834858
20.3861571230903
23.6940875622942
24.8932390940789
22.3379071353779
22.2285250000184
21.3208549097045
21.0057068224287
24.0026936210396
21.3813415780788
20.1637685550786
18.631489108942
19.5781837619921
21.7355674282598
17.0365274449187
21.8965126783778
21.3503858581244
22.8706797548262
23.7051239788314
20.6986485573812
25.3005693128618
23.7063823566085
19.3966601718287
21.3532405027065
21.0956327558385
21.8200878770656
20.6102245175702
20.7480047755273
23.8289293652958
20.930793912228
21.8386869307109
20.5482798224803
19.0925824458115
18.7540948355183
20.6813381879414
20.4404147236834
21.1172289006905
20.2565578203597
23.4960384017765
22.1411828465412
23.8254271731008
22.900086119485
20.5606753417707
20.825298934485
20.0108126591329
19.0815260657585
19.3451722661733
21.5783655597962
20.9022435988694
19.382794630281
21.2464276377072
21.7081693841654
19.1020431327658
22.6572555693025
22.4763524089043
25.5376784614376
21.0753280359443
21.3571829921287
20.3726793243719
21.4624790025172
20.0238301901504
26.0895145929303
20.4851022079232
22.4216612065643
20.9242346751443
21.0017795861067
20.7663347360799
19.4161664343629
21.6793690623082
22.9841473059698
19.2565101215169
24.8107273545913
23.2502754202778
20.6801140604448
25.6135724712192
22.1681300042799
21.6394590068222
23.4603683332523
20.8674190291536
23.0217517454641
25.1730741912968
21.5793103505669
21.845128743514
27.6886096653647
23.7892014140188
21.456424897668
22.3245891582379
24.7639366296657
22.6450997000712
22.0879778325802
22.1795323619252
22.7101556099586
19.2516909636644
19.4598779113706
20.2525706314957
18.8745796394719
21.935962807387
23.0423188982012
24.0781113551242
22.5565148084624
21.4169249859673
24.219264060655
22.1944961112297
21.4725092412141
21.131891000322
18.8124299885603
20.5959440747426
19.8851856929266
19.7431779418087
20.6434749597811
22.08377983076
20.6484684110484
22.2781884932397
20.7466273894657
18.8114681094147
20.548230571511
22.4402083086107
22.2826943162297
21.5563655314318
23.4558210794098
21.745717004751
21.7974602108627
20.7290941450074
19.4434426044895
21.9658644358805
21.7572259453262
20.0367957639821
21.0240881698079
21.5465366969417
20.2431548918037
20.4634636933399
22.641966745068
18.4817161447224
18.9483236953345
22.9399959689433
23.4520352672215
23.2931769013481
19.4523394940024
20.7708327997318
21.9053611742521
19.6760951294575
18.7543260377375
24.6071224630942
21.6170887505486
23.2838008525471
22.027438000152
19.6550232645376
18.4901495904409
22.231058384643
21.7313283686702
22.396370812307
21.4918350924891
21.5737070571309
21.3951671247032
18.2529706678387
23.5553568473936
20.5838998971413
22.3801005356362
21.0107584776062
20.8726870216141
24.1276082871262
23.0198188514246
21.7419341018129
20.4839115227857
25.6136924892449
23.4003717971424
19.2518018112074
21.6325444871218
24.2022749022942
21.2024555100963
23.7342353557367
22.0593428883722
20.4175263286195
21.6277133430062
20.4931337686528
21.997639039937
17.7515886990942
20.6196642439084
22.5472534749039
24.1564351574831
20.7112593328668
21.9687858822735
19.6380597093305
18.7594825387512
22.4212055849127
23.3791417930694
20.5910579829118
17.863355789007
21.7395609137864
19.7640787184634
19.4328217192306
23.4953440087869
22.0843340834323
22.8413678602488
22.9769181965927
19.9812980285251
21.3856903803621
22.422829765458
21.619136912626
21.530686434179
23.4233310260592
22.0599281534542
20.5607065909168
18.812278489029
19.4351246598037
22.5535286725009
21.7641058478577
20.3678620696832
20.5090887954807
22.8934103130061
18.0689754820349
20.7287051036633
22.0898639215055
20.678555146541
22.544983542199
22.9177819773204
22.8598093680445
19.9183848805664
18.105303987229
22.3551495743828
22.6865256225412
20.1300146358857
19.805595372749
24.1892840341243
22.5746399573863
22.6233543463871
21.9608164247291
20.7270087169929
18.8946103422112
25.0099636963016
23.9423789350627
23.57711610373
22.3684350134878
21.5398144128324
20.5869563575705
17.2055435827591
20.5700010294769
21.0955730109502
24.6992987391628
20.4009736281954
22.976862044995
24.9058346926408
20.6016220330162
19.0129207455004
19.2459682890766
23.0916670233298
22.9478495721255
21.9517655674492
22.5767064478677
23.2018670756134
19.1576064903033
23.4923578560834
21.6329711664716
21.3750494267754
22.9113993735361
24.3238167236121
21.7713509841382
22.5345577378657
22.1506466792026
23.2769521666529
23.9784861934563
21.8253684652291
21.6810467749434
21.2515577599016
18.9559092908857
24.2292219052031
22.9182352153588
22.8609734443136
19.2553360157122
24.6641575602531
18.8226487132129
19.2303992171663
23.7936755920591
22.5631188316564
23.2377071594579
22.2142346550134
22.6782983290608
22.3741968373328
24.0079283848035
22.8550722357628
23.101707464279
24.3986957925204
23.2862722454657
21.3828620208266
18.8934332287273
21.1126173631208
21.5000627110265
21.7376201536102
23.2750557369591
23.2651370079492
22.4858707355954
19.0682462067725
21.0816367263575
23.230430705971
22.7005606061206
22.8083372028178
22.8749794194153
23.5450401122517
20.427388904935
22.0616721964624
22.019523180912
25.5141941704571
20.945341293492
19.2163512503064
25.7349526706413
21.15505268404
23.5835135153994
22.2326246420995
22.6984934123656
21.1285987577032
23.6204204827719
23.5494270941111
23.3899326538895
23.749174143095
23.3734802558548
23.4196668422016
21.3479538773698
23.0718616423244
21.3132080541401
26.4961727418709
22.4588191884988
23.9661908358689
26.3433669131791
23.3594377232054
23.3181165725477
20.9444781820354
24.7233811998632
25.3518909613168
24.7302061020412
24.732667348995
21.041896739609
19.8946749691032
21.0413038088892
23.3306119593417
21.1420822853317
19.1640890837224
19.2355206939403
21.6680523971648
18.2530824831828
23.2076417658836
20.4477129611302
21.3558401254061
23.208826304238
19.6708776869566
23.8473747048065
21.0305598026037
19.906210307351
21.7027334823729
19.8541127937388
22.805569521034
19.7147221600723
19.6930479837741
23.3702919372172
21.7814622623852
19.1713635080853
18.4981805125864
18.270413802454
18.8467001872825
19.2932784241814
18.7606978549188
20.5206156816839
19.5189557621462
23.3027405282625
18.9707094326677
21.4933156341504
22.455259368677
21.3265822138342
20.0125680244959
19.890088454243
19.2824873260629
20.7686640768454
22.6471207341784
20.4086501246017
15.9436143686536
22.0743753548006
21.6159329581564
18.87531719161
21.4311867274552
21.1897171899655
24.447292145559
20.1583915458057
20.7824886668512
19.088706221027
22.0306093051969
19.8034359356729
25.8571067791401
20.9690433702766
20.2807468289629
19.3272254848425
18.5599524702979
17.3834143533905
18.0112521387302
22.4245126986048
23.276584596126
17.8710507938697
22.9362871535491
23.5613601860576
18.77241211559
23.1142188463257
21.5636034864999
22.0739445786562
21.4536176076459
21.6205099689091
22.5190796824805
23.8876866072999
21.756522806065
20.695803140899
27.7604378305535
24.041872578869
21.3491616320102
20.6342486577986
21.2092096821019
24.7669714224867
21.4464108614989
22.0044992568937
21.8239302752475
22.7318686123584
22.2150234361474
21.4837930685212
20.6536474316692
24.8607924324625
22.4006559743005
19.4861297317164
24.3745782607062
19.9256346573884
25.1723837989492
24.9066337579522
21.6720015226661
19.5913483655117
22.9578157606986
21.0390582411656
22.8806977659621
21.4662495654304
23.8134374436761
22.640453196868
22.9301589416257
21.1156585074218
20.3172626177086
21.2530230510625
20.4279394034904
21.8279187644048
19.2226300827609
18.1663477365723
22.1394255034948
20.1699167410816
24.0121336344409
22.7001576132826
22.8388931974533
18.3444413626553
20.1645639866416
22.7898694815402
21.1448003268452
21.6163236231184
22.553900400806
19.5059351257217
20.7450960159955
23.2320222469815
20.4888696557719
20.5256628267927
22.6792990354873
26.2256873735781
21.6732188048981
21.1454117183878
24.3751371552871
23.7835532073644
20.8611851744077
27.9289872006863
20.633944866557
19.213032022808
20.8654117726619
23.4860661572003
23.1280855178646
20.4500419626033
21.4799123719469
22.847048243013
19.7296001927252
25.5766218803226
27.6490650182648
22.8766628410897
26.1549735594387
22.8795221569482
19.9460020395656
23.5993241860856
26.0909845082857
23.7519912475024
25.4304636641322
21.4319281317174
21.217494353541
27.2231679257114
23.3170776253541
25.1817752080964
23.1620488134967
22.5697148111619
24.7466566684059
21.7001307338795
21.0861971158317
24.4800239370344
18.0276434773953
20.7299604670277
21.5338510412952
18.3117628230367
24.2684925933026
19.2713586647686
21.4183397964198
24.2138730837189
19.9724913757291
22.7254756767361
20.001571931709
20.6654084791973
21.9115270056945
20.1832822485921
21.427862309127
20.3390616988869
19.7972781099155
22.9077601436126
21.6563543941599
19.5094716432227
20.486181191184
20.2498789616105
17.6030999741344
19.4097986236296
20.4935634663867
19.4043290331192
20.3701372294369
22.3696335304596
18.7363227558893
22.7928472241968
21.9667711742428
19.9201842216324
19.6307338504917
19.9677196610211
18.3512807726078
19.5665817941794
20.8826732972962
21.7424218405994
18.2532916819131
20.9545319279052
21.3666171699141
19.9301654647172
19.2510883041518
18.7931289407376
21.2966341666618
21.0762079546056
20.7390057540829
20.9652577332663
23.4912068189398
19.6690357165066
27.1702796431464
20.1453636119469
20.3219312970623
19.6448544916087
20.6209036654727
18.9885757555556
20.8567085671966
22.0244515975031
22.1858797137995
20.1950611204004
25.3676985541564
24.4063742290961
21.5762428047331
24.498019278939
20.7487715983301
22.8501312886605
24.5918258867029
21.4753749589204
22.2035032712875
24.167636503289
21.04588308847
19.2020613991306
26.3730350696119
22.3615026440947
23.2178667611839
20.3526807825974
19.3416981285026
24.0637192439136
20.9992985293822
20.4990606824458
19.5274912484596
21.5751500883956
22.8585314753363
22.7432937889668
18.1348583045871
24.4853741320151
23.1067257424375
20.4215255095213
24.2703634038506
20.7609072732885
24.7899122991502
22.8613254695655
22.704911470511
17.4234406420814
21.494577039118
21.3468991361554
23.0959658183273
19.6643924395661
23.1076148440617
22.2625449630928
21.6592319670255
21.8230369603834
20.9096080116308
19.6523535092975
20.1145576952362
21.0575146266498
18.4206992697151
20.1532479539427
22.9853162949337
20.8315091466124
22.3767244286501
24.6428495177443
19.7713540700047
21.4095516288925
20.7037598957559
20.7812136844988
22.3191607394338
20.8608242452129
21.8534274529887
18.5330842263077
22.2431817189089
23.4191361452324
20.9534598213583
19.2114090949232
22.7555397198761
24.8307811843758
21.9874036976936
19.5830679145725
22.8270101552457
25.4124793231779
21.2176030114948
26.4548446914853
19.0143954592294
18.1843087609721
20.9388053161483
23.0286877529206
22.3241542634101
22.1828457203438
20.0343272168733
22.0276524994967
22.0927007253183
25.8666813740332
25.6309706712164
20.556864745566
26.407650327328
24.4728861698559
20.5133288722576
23.3047954123395
19.7361234017732
23.4519093137374
24.4769673114976
22.8114524845451
22.0844891503339
27.5995984554311
23.5215072971971
25.2151444304567
21.7741363312969
21.9403160444518
24.5749503747212
23.3959289448833
20.0566793314835
23.4367326491793
19.4963824682981
19.2718223447372
21.4605182365382
18.7584549859623
24.2625071765201
21.5058860880575
22.3288059022294
24.1813969455264
20.1255879943112
24.5493950506801
21.8539944219833
19.7074322100852
22.1822874720943
19.844987236888
22.057579617892
21.5285968905394
20.4914329489179
23.6558611509296
21.6853567012251
21.6192960108439
20.0530976964127
19.8245320963317
19.2683650630143
18.8431452197266
20.8611190582807
20.0925475941747
21.6138385008023
24.5248385844894
20.5098361033458
22.3165312064802
21.5747908505058
20.996395843975
20.1476558032681
20.0141396445895
17.3800064506744
19.9290841274996
21.7465983026054
22.3210567047199
18.8893701883591
20.1579561877288
21.9618883890237
20.6373860865813
20.2423707705803
20.2560247052992
22.689212824842
20.6407037554115
20.5542583388165
19.6072247151484
23.2496975966691
19.8107554648914
26.222607568245
20.5191597732973
22.8051697114834
21.3532340807514
21.8445476760812
19.0351456703718
21.6206284575078
20.3864420852294
23.2935141312777
18.0960871282929
24.0812119366164
23.4013793523796
21.5389505846025
23.3421458837584
22.0104136539611
22.5577427750738
22.8620406579448
20.5993836758823
22.7480029590326
24.6454347163889
21.7546745906093
21.3810236398796
27.5881308093582
23.4870829612603
23.6112360702552
20.3414208060234
21.8505108555476
23.6894651106146
20.9815055276516
21.2571138017727
21.9025701543429
21.9852674153231
23.4813859858816
20.552914901321
23.2454249466746
23.4641739555836
22.4559710523795
24.2797336232642
22.3388513778748
20.8723421356659
22.6087879231013
21.0712348832928
21.3911271547512
21.4242832894449
20.3514493918015
21.0700036925568
22.2078213318589
19.9487826222136
24.7082386754699
22.093078992175
22.8670601908186
22.1744207024302
20.5466087163318
21.8235946793456
21.0366269924816
22.1053984010724
23.540812070267
22.4170765178541
23.9837870508862
21.251481981772
22.1184723587509
19.8561430458607
21.4272488184693
21.5049623819921
23.0137715716204
23.2115100907453
25.2775332360455
21.7939631429113
18.8662948582327
19.9530617728075
22.9245975449616
19.3268576756472
20.8238032161392
23.7885811395156
22.3562632061483
22.9472440900293
20.30985118139
19.7991604632177
22.1426211330084
22.0865906353011
19.6790784089052
27.1985493162249
20.6577602292729
23.7102744272333
20.2928361588258
22.5015267983767
19.7019689855017
21.78476099537
24.7738652117469
22.3618368589553
22.8108593666323
24.497893335077
27.2800145357727
23.7270160351403
24.6480521179877
22.9762864658031
23.4222414250879
25.092431382353
24.0804406626672
24.1109967335959
22.9756782441625
25.2373089622791
21.0658321441137
25.7531146053625
24.0961143060924
23.7408448560031
23.760410452257
19.1531414870836
24.2246276601205
22.3583382246384
22.087668703504
22.3743401326007
20.2976243820367
20.1720786481407
19.5915576154657
20.061024119898
22.2914194593006
22.1072485744893
23.8625707936819
22.1230916458453
21.271076557232
23.7450175833997
22.0961942939394
22.0781040589711
21.2332579283806
18.7047745786021
21.1226302491386
21.0642868373093
18.9125815656577
20.9684101871847
22.0484256216388
20.6271468161666
19.5594266861527
20.3294202094094
19.196096422622
20.4268611639609
21.5108416785393
22.1614188298224
21.0315060514664
23.0398279438007
20.0598401984247
19.7134503191033
19.8430117567607
18.8379803780306
20.2101260498499
19.3813023832466
19.3121945172981
20.1302775789251
21.5368839915301
17.3402871819662
17.6608362881048
22.1458432965963
19.6318507561605
19.0386813096667
22.2321784721604
21.2763509846191
22.2211727361497
18.196527703671
19.1721534999762
21.3694650955489
21.3810543324181
17.3994694963652
24.8051236129643
19.4440978450253
23.7708992324667
20.7663327336791
19.6816569780045
17.4761858435268
23.008172961099
21.1426216274496
22.3810786599585
20.2955000751943
21.4228910351295
21.5517060558541
19.309971859741
23.8232635383738
19.8655734984688
21.6017743535447
21.7378965815608
21.0288781375336
21.912571099659
21.2899777202232
21.8565250602919
19.0696929347685
23.6971515078293
22.6484997627073
21.0677589351202
21.8901319169917
22.330579875131
24.1747821824797
21.7883411246314
18.9945418997498
20.4291584581157
20.5972934612716
22.6835778769339
22.7778642461563
20.4171684476224
25.4977264452239
22.9498175653789
20.0737364036854
24.1163149922952
20.473701219336
24.4303688245941
22.4658157191606
21.4234582258435
17.5624078315662
20.8698975317593
22.6226491627185
23.6422114484669
19.3033995313473
23.6906554707284
21.4945557021633
22.4157819937985
21.0360693761649
20.5003892020578
20.3723275901823
19.3195653816683
22.209875968704
19.1721493599902
21.3894348300525
23.6995204506031
20.9748994744661
22.570420216176
23.7238416993934
19.9510678333238
21.4986559677327
21.0613124021582
20.8000957771276
22.8510245262211
20.3227480808396
20.3753559561824
18.7149037342152
22.3442382782102
22.3050896532609
21.2635339345013
18.7597886011501
21.9001656678898
24.439884317075
21.8875680074857
20.5408738528669
22.2920804866467
24.6553757816445
21.1564683972753
26.9206568662789
17.7998876226448
19.9598229585258
19.620776822004
23.4135476803819
21.3107615447642
21.5884969371008
19.9188468331061
20.9798079759697
21.8257181947396
25.4201822852576
26.2543006267585
23.2547975893403
26.1411635951339
23.9382332987684
19.8036735996525
26.0055825935356
20.7361087844799
23.8743866975583
24.5688141327718
24.3595282020829
22.1151752020101
27.6007443615488
23.6970945888015
24.8485202342225
21.521333656159
21.0771889138417
24.4767519592145
23.0930646128952
20.2960665638319
22.6323356446669
20.6734466101288
21.2008072389959
19.4420147311007
19.4232175934695
22.8934705988775
22.7285479804227
22.0980540093878
22.0405292760678
19.7321907442041
23.4915062897356
20.2658485183562
21.0154155359258
20.7394367341693
20.5072231331534
19.6719508279312
22.5875168139528
18.0195615738929
20.729609718918
21.4246009940054
21.8798179280726
21.1132759698637
21.2591732550658
20.44905152537
19.0501016704207
22.5258166812554
21.610723892763
22.3695179704212
23.6174312639534
21.5666886726585
19.7294578113965
21.2077613060614
17.9134954246209
21.5250592256817
20.2955168308165
19.5636005550238
21.5821425589957
20.8576626843895
19.3746518210728
18.7751383894597
20.9941178123045
19.9623860149334
22.3012303222229
21.1281827971044
21.991349014418
21.3036241046327
18.8155716749369
19.145275425215
21.2465745236161
22.1128898117269
19.1205993067015
24.6231634361962
19.0845831725574
22.2899691574518
20.85834529435
20.9703255725538
17.2079973901575
22.3484676054703
20.8407941544413
22.0893819413498
21.3351780121216
23.5429805992499
22.8895241553943
19.4323288426179
22.5460083342542
21.0061316806496
23.1662869748023
22.2265060209939
20.2749231826206
24.0310453613872
22.7483877275356
22.6419007380979
19.8309166968205
25.2761393247169
24.1976137487857
22.9232764211026
21.7638323500521
21.9407955725302
21.7548893873222
21.9947362259507
20.5861217795349
20.6620144868022
