16.1999562840341
15.3449714027946
15.2466182274426
14.6950286306846
14.9102786166335
15.6713324998546
14.6158579074078
16.3987967169594
15.8472071202014
14.814698340333
14.263108743575
17.7215895817294
18.0187831900066
16.2797067784868
16.3668552848625
16.967788785825
16.416199189067
15.3455070554436
15.7586744609207
15.6603212855687
15.7554287437634
16.6001254755582
15.5705774943119
16.3141365362573
15.8313448851749
15.960270416488
15.4614808526435
16.8507707949307
16.9491239702826
16.6519303620054
17.8769651421992
17.8918238890831
15.9296980605269
15.5168789343432
16.1668217064531
14.8242199387797
16.0485358788002
15.1087316888107
16.6342365872015
15.2178283304791
15.5780949232312
15.436427014793
15.8752885315084
15.988016611551
16.6309908700442
17.580911194788
15.4834289879362
14.9965089011021
14.4078978173019
16.9619319131837
16.6647383049065
16.086369786903
17.2424174111432
16.0141061210297
17.9204300146546
17.2301316998184
15.5602213887435
15.4618682133915
19.9118878495857
19.4971971176368
20.0023630220246
19.5210711731701
19.8863620410867
20.0183260204775
19.8441028599498
20.0065142397381
14.7840949397629
16.3068264161097
16.0412257586526
16.4595649741255
16.9910046860856
16.513218771868
14.6031828057838
14.3752094049361
14.9267990016941
14.194297270957
14.745886867715
17.8720586827113
17.7287738053416
15.1553113841853
15.0681628778096
14.8657803983588
15.4173699951168
16.3154288329559
13.9657773207291
13.700176663272
15.9842381238587
14.5094926414873
16.1593503656574
15.0055266826898
15.7749104064972
15.2425040418461
14.1090621980988
15.3047211911323
15.5703218485893
15.713606725959
15.5624948343821
15.5921452921854
16.0405110639542
14.9841216870076
14.6981327477066
14.7963532630628
15.0610822382453
14.25176626003
14.3776939486672
16.3020544275887
16.8047791599546
17.0251780476154
16.6614942825849
16.4735884508574
16.3627335301885
15.270862864345
16.2464988720331
14.3673919387492
14.9030121221506
17.1176845146443
17.2609693920139
16.7391891083144
15.4997471415592
15.2108669397408
17.4631731478845
14.8426949467493
16.8382661280698
16.5726654706128
14.6522322663322
15.9574977873552
15.6918971298981
16.0713298687639
16.602769580724
16.2233368418583
14.3038974279824
14.2433467315055
14.7949363282635
13.8950118931557
14.4466014899137
17.9530639048441
17.8097790274744
14.9531601772871
14.8660116709114
14.6965151627955
15.2481047595535
15.951381655463
13.6709844671706
13.4053838097136
15.7595150820723
13.9215411500335
15.9262998083954
14.4175751912359
15.4933678604551
14.9416369094768
13.8142693445403
15.1265569740274
15.3921576314845
15.5354425088541
15.29238993009
15.5001681879473
15.7589685179122
14.3961701955537
14.1101812562528
14.5165764648811
14.4731307467915
13.9569734064716
14.0768268162979
16.0690038703266
16.4828213674231
16.8355639085623
16.3395364900534
16.2839743118043
16.1380104884021
14.9479312149097
16.0134483147711
14.0876151405674
14.6668993545363
16.9280703755911
17.0713552529608
16.5495749692613
15.2963586326723
15.0087157328427
17.5441783700174
14.5725900424572
16.4889374993153
16.2233368418583
14.5979276850919
16.341110158104
16.0755095006469
16.4938487161198
16.9915053577148
16.5449843876198
14.6762652494536
14.1890421502652
14.7406317470232
14.2673797146269
14.8189693113849
17.9223438683446
17.779058990975
15.2616922308751
15.1745437244994
14.559898317055
15.1114879138131
16.3835362597726
13.9441215996452
13.6785209421881
16.0523455506755
14.4140122928898
16.068918320095
14.9100463340922
15.6602142118809
15.2060177747518
14.0874064770149
15.3977666921689
15.6633673496259
15.8066522269956
15.628198450095
15.4249467383394
15.925814869338
14.7434853412558
14.4574964019548
14.8273805411551
14.9656018896478
14.2301105389461
14.3019557538757
16.2116223820262
16.871557144414
17.0919560320748
16.7282722670443
16.5403664353168
16.3793002465075
15.1525083909245
16.1560668264707
14.2522695121982
14.8076918745725
17.1329217886059
17.2762066659756
16.8059670927739
15.5231307085698
15.3172477864307
17.5134583335179
14.9676708288792
16.838766799699
16.573166142242
13.9228319414761
15.699225245874
15.4336245884169
15.8519638038898
16.3820740734925
15.9355531033975
14.1096603339736
13.5139464066493
14.0655360034073
13.7007747991468
14.2523643959048
17.3187509856023
17.1754661082327
14.4966129799116
14.4094644735359
13.9162727931436
14.4678623899016
15.7172358968212
13.1759580845749
12.9103574271179
15.386045187724
13.7826444554667
15.508109760422
14.2786784966692
15.099405652208
14.6050009444458
13.3192429619446
14.6844056160917
14.9500062735487
15.0932911509184
15.1835808005739
14.9366011826256
15.365006309665
14.06838959764
13.782400658339
14.3128498910519
14.3342340522247
13.4619470238759
13.6977059094175
15.6508138223533
16.2473461664239
16.4677450540848
16.1040612890543
15.9161554573268
15.9077930125666
14.6641628352107
15.5952582667977
13.7377388620951
14.2931612244693
16.7035039396264
16.8467888169961
16.1817561147838
14.9312122983785
14.5521685354672
16.9098654507756
14.3363029914561
16.2293355154767
15.9637348580197
14.3687860423121
16.143982500738
15.878381843281
16.2967210587538
16.8114737415682
16.3503748564963
14.5303509003991
13.9599005074854
14.5114901042434
14.1214653655723
14.6730549623303
17.7191927742744
17.5759078969047
15.1314525888669
15.0443040824912
14.485384599894
15.036974196652
16.1525849175842
13.8340427072297
13.5684420497727
15.821394208487
14.3558103141035
16.1517988840857
14.851844355306
15.8378144851554
15.0810122373932
13.9773275845994
15.2567216549282
15.5223223123852
15.6656071897549
15.780653245009
15.5353909748585
16.1034151426125
14.6038595171008
14.3178705777999
14.6814661921005
14.9073999108615
14.1200316465307
14.5256524189418
16.2945029460169
16.6419352445829
16.8623341322437
16.4986503672132
16.3107445354857
16.5438833785976
15.3367756032754
16.2389473904614
14.0686368659775
14.5445685881185
17.2988343630534
17.442119240423
16.5763451929428
15.7371577742145
15.1870081444225
17.3103072394477
14.7406770317318
16.6587351835524
16.3931345260953
14.6049739153156
16.4754883440264
16.2098876865693
16.6282269020422
17.1596666140023
16.7164408069496
14.6852043303523
14.1960883804889
14.7476779772469
14.2763187955255
14.8279083922835
18.1675401373685
18.0242552599988
15.4475494780446
15.3604009716689
14.8453285585025
15.3969181552605
16.5536632367452
14.0597508959158
13.7941502384587
16.222472527648
14.5616280201753
16.2130510566522
15.0576620613778
15.8286110974919
15.3304033382219
14.2030357732854
15.5981889116054
15.8637895690625
16.0070744464321
15.8522332954099
15.5716934523291
16.094211754949
14.9082479201538
14.6222589808528
14.843343539608
15.1132176169333
14.3457398352167
14.4655932450431
16.3557551185835
17.0430135637438
17.2634124514047
16.8997286863741
16.7118228546467
16.6009679339778
15.3765432362395
16.3001995630279
14.4143822152944
14.9500023986958
17.3559189184335
17.4992037958032
16.9774235121037
15.7907479334298
15.5031050336002
17.7586546025417
15.1324334077772
17.0069280559865
16.7413273985294
14.2124417339664
16.0762692669252
15.8106686094681
16.229007824941
16.7604475369011
16.3172217298484
14.4662881079401
13.8035561991397
14.3551457958977
14.0574025731134
14.6089921698714
17.7887622472754
17.6454773699057
15.1001819563745
15.0130334499988
14.461883978429
15.013473575187
16.1544441596439
13.687878761612
13.422278104155
15.8232534505468
14.1781834401019
16.1544484704415
14.6742174813043
15.7700085112812
14.9625257957584
13.8311636389817
15.2542226076664
15.5198232651235
15.6631081424931
15.7889650409809
15.513054934904
16.0356091687383
14.5248033400803
14.2388144007794
14.6244273171959
14.7297730368599
13.973867700913
14.4069547276179
16.2971525323727
16.6437944866426
16.8641933743035
16.5005096092729
16.3126037775455
16.5457426206574
15.3132749818104
16.2415969768172
14.0115979910729
14.5472181744743
17.3006936051131
17.4439784824828
16.5782044350025
15.713890331871
15.1557375119301
17.3798767124486
14.7489888277037
16.6077089788853
16.3421083214282
14.5614844464715
16.344723846006
16.0791231885489
16.4974624040218
17.0122150868361
16.5511162017642
14.6951961609349
14.1525989116448
14.7041885084028
14.2863106261082
14.8379002228662
17.9199341195424
17.7766492421727
15.3025584557476
15.2154099493719
14.6780830040534
15.2296726008114
16.3533262628521
14.0039045940992
13.7383039366421
16.022135553755
14.5485087182629
16.0083585913429
15.0445427594654
15.6943741924127
15.2658007692059
14.1471894714689
15.4427247624312
15.7083254198882
15.8516102972579
15.593903057107
15.3440110499526
15.9599748498697
14.7965579212602
14.5105689819593
14.8463114526364
15.1000983150209
14.2898935334001
14.3617387483297
16.1510626532741
16.8426765898508
17.0630754775117
16.6993917124812
16.5114858807537
16.349090249587
15.1500254153734
16.0955070977186
14.2712004236795
14.7471321458204
17.1040412340428
17.2473261114124
16.7770865382107
15.5720001235912
15.3581140113031
17.5110485847156
14.9333754358912
16.8594765288203
16.5938758713633
