10.0158877806602
9.47729814727919
9.55812616909495
9.85742785556849
9.24766041976101
10.0158877806602
9.55812616909495
9.09697720132468
9.40612034485277
9.78346532790024
9.40612034485277
9.78346532790024
9.7165860941867
9.63575807237094
9.25543712641643
9.63575807237094
9.62500540280848
9.25543712641643
9.40612034485277
9.63575807237094
9.85742785556849
9.24766041976101
9.7165860941867
9.63575807237094
9.47729814727919
9.40612034485277
9.24766041976101
9.47729814727919
9.09697720132468
9.62500540280848
9.25543712641643
8.65305303352081
6.61239849767693
6.88688972590712
7.03803339309639
7.27456532597218
6.94183195822763
6.33216439383088
7.29906190512044
6.04898601824409
6.01065557069012
6.2631988765895
5.94510595894824
6.54343298043555
6.37586656480114
5.94448879376584
5.56416784781132
5.76714013590334
7.20559980873081
5.84440195165737
5.72550720268197
6.22472289761188
6.99433122212613
6.67282239898536
6.63689507682518
5.93040372002486
6.60665562206107
6.2796651299324
6.38767403097722
6.42930696419858
6.50656877995262
6.92536570488475
5.38681918994884
