7.78468702886802
8.081302711409
6.25077289782547
6.52501901430968
7.95413960080894
7.77597719664464
9.27557937834631
7.68176100760814
7.51563754146968
6.27787931235261
7.94200544832102
8.03677536348084
7.4860326323624
7.08528404110992
4.9427730251549
6.55336595750911
6.16596558654854
8.46608974601708
6.63542779629454
4.84767367868633
8.09914543917893
7.51288586275285
7.34017339856138
7.32944998038646
5.22149218949234
6.56671036371544
5.46732742030769
8.91157192993153
6.7436254186514
5.20728545983923
7.34769144088564
7.76646562099133
