0.572603835503621
1.64824625011925
1.00617738463287
15.1391219596237
10.6870200318804
17.7561452880916
10.2945349161794
10.7144237725886
11.0696186683537
10.9577172040101
2.71667801241367
2.37555690795944
2.28310446328441
15.4921661420099
10.6497298119445
17.3568164436886
10.2671311754712
2.02364632323714
11.3129120997753
12.895092322922
10.930313463302
13.4537512791564
15.1391219596237
14.9008258421864
13.9317501949462
15.2538700245727
0
13.1460345369776
5.89705017024306
12.458246015231
12.9256101132816
13.1573152492135
13.2287661733518
16.9643706523535
13.4582535494994
16.6113264699672
0.433573549129221
12.6899511511629
5.48060607270924
12.678670438927
14.2847943773324
13.4604713092837
6.605070172948
13.4491905970478
11.2727190330426
