8.71338915420456
8.90890877300042
9.21522553842003
10.3293869604261
8.46437714991771
9.44279164663424
9.76575594135549
9.36859046434914
8.12001094047569
9.28827318962765
10.158653842869
9.75025269433942
9.27876871047662
8.76441479793248
9.33487512043087
9.33487512043087
10.021071964162
10.0246763847519
11.7083941563856
10.8542819096811
11.8955454748498
11.7898089435822
9.91269723844532
11.5013859653992
10.6543813110685
11.2129075286411
10.4452562197694
11.3521690753916
11.5951287829066
10.8378884678735
11.0762343465684
11.8603856820157
7.59305039232314
7.47459232729061
8.41356733519858
8.69070462885492
8.00599224344549
7.48590632383628
7.80277450306109
6.61687679734942
8.44568718939081
6.30315188707931
5.62911792874392
8.51385653623942
8.55211720382109
6.80309603170246
6.67881651481765
6.34069899989949
5.89164861131514
7.10692508018763
6.60065057800472
6.58973293235036
8.45400323312432
9.27877737986886
8.16661792072473
8.40446897437039
9.16455210852024
7.2265062230198
7.26964423147487
6.24777871829247
6.87348492051505
8.94291878231456
8.53090188785825
6.4230003926296
5.31760164550338
5.31760164550338
7.21695871767275
6.0741960913255
6.93876809292288
6.54256987869047
8.4809142535385
8.94065986495069
8.45757238198301
8.01918840579233
9.45550656977851
6.86147768768744
7.24273321106069
7.28904228346116
7.16443938177333
8.96982980272874
8.16587335252591
6.78802892796195
5.60855610676166
5.0063951509994
6.51381266742223
6.38540258582948
8.07071879544804
9.10159629555071
9.73846373030194
9.13705614844733
7.77618131542322
9.76386693277071
9.89311704369163
5.8276879615282
8.94921645043132
7.40895656339111
7.20865988428837
10.249423797975
8.7730346782622
8.49106756486137
7.43753166216552
7.17348822132142
7.58597103568437
6.32312768459106
6.18190727295461
6.54438205648463
7.1877327229946
8.51663574814749
6.62884275983032
7.93715798379612
8.05952261448538
7.73521432198453
6.98391807371446
7.61900712465197
8.88319737268399
7.56488844499027
8.42412858490902
6.09430126712427
6.67259263080027
5.99635760096394
8.58735088280874
8.73853938461623
6.56401043425647
7.50828378369452
8.07386317073448
7.12197932441484
7.80789551808884
7.30836792068767
8.18989736779888
7.25775437299973
8.21731326910552
7.98579502897186
8.26523749386027
8.49552520080936
8.20459165942243
6.00063453127525
8.35814862545477
7.94490926050029
7.52778838546694
7.28325140484623
7.95426909544417
8.35607461937038
8.18881090938287
9.64544540419773
7.52971899030582
8.99143423617623
8.63230217381973
5.63293116702808
8.83276675042745
6.41218513436331
7.73730117328447
9.61768090427952
9.54758388506778
7.88623569158008
6.63818794515684
5.96195291532051
7.68428521265362
6.78647039689267
7.09988569665308
6.83343884897962
7.7522276572785
9.14598515464078
7.31532372232607
8.37451522645517
9.13764108810605
7.3299482555076
7.34725919227366
6.4145357857635
6.3719620914847
9.28848698956726
8.11125960653148
7.46426395779829
5.02643839156038
5.7026734213967
7.14288464359868
6.92119623064839
6.99781406574744
7.44685487980465
7.62393641056912
7.81482808858124
6.58526880266832
7.70133963114164
7.88562788698007
7.67325230958917
7.65957460834974
7.41439721610967
7.70311684751946
8.61275405307377
8.30234039679838
6.72232079991419
7.441864064851
7.77998157976916
8.48293303660845
7.66451416777792
7.48228324835563
7.57182761707755
8.76176147863266
9.06949830067196
8.6485244762988
8.47362785863299
9.21785628266602
6.49290365318977
8.12931072038369
5.89113697619539
7.07041832821231
9.577619224785
8.80177301631586
7.5524398293794
6.22753972362921
6.90377475346555
7.34734811914809
5.44767195520136
7.95722810087405
7.51843298426593
8.9304408001302
9.31554791027436
7.70030079474314
8.29915093926454
8.67822846065703
6.58181947550032
9.15244852645323
7.58411565352866
6.42569761893161
9.75551448170209
9.74715265909973
8.15670187110858
6.36838370522446
6.0302661903063
7.51596775560006
7.20615931954748
8.32814007136688
8.93165629588969
9.37647462065935
10.0245773956854
8.41037805611639
8.82030660983001
9.72642323694844
6.36626671501975
7.73922521482946
7.35391444422147
6.6087357745789
9.67450919650528
8.67204686239414
8.96776422697008
6.40222593676138
6.47630001083544
6.77897947381262
6.68500364898201
6.70302447788898
8.11881102107911
8.60769486094782
8.39592059033038
7.06020826142383
9.32122727320032
8.2531876255238
6.25359394961875
9.00450009959611
6.27482226809347
6.38713636330389
9.01570003415985
8.65944053649049
7.22404472730649
6.97463376014108
6.63651624522291
6.82811195736633
6.42768028664212
6.93322568719616
7.62561414689008
9.05372868147696
7.94550165879887
6.90512890215296
9.16614791392946
9.11246081100743
6.67271674973371
8.40927035495658
7.39709111845896
5.89393948911485
9.4605215665237
8.06421079185095
7.67007854783564
7.15767191578838
7.08255006575207
6.90911724256313
6.50868557183893
