24.7960437222059
27.3176800295917
24.5771312596002
22.8977672454574
24.1520905418786
22.1864720626427
23.5009329349396
22.9913430501308
24.9964905970183
23.9951705868496
25.3046416041712
24.2843571398274
25.075581883299
26.1536206774309
22.6575890491462
22.9798547307481
26.0217505681448
23.8650299753165
23.4318589845491
24.0234862231019
25.1158759407326
25.5916572897832
23.6349724527695
23.4331936162698
23.2940142999151
24.34025683517
23.8151371020937
23.9767891500401
24.036313369875
25.2787575148377
24.2030768598299
24.5366620594599
23.0621930364987
24.5632660820797
22.4337443520148
23.9119119882557
23.7316723089282
25.5120429745825
24.8566493416706
25.5565887273646
25.022384625998
27.3238481153152
26.3846919343274
23.0634693328969
24.3100876537436
26.5959368915379
24.3305378814506
23.8898076541222
23.8472925899792
25.0253190983105
26.0697440706948
24.7322243091466
24.0436229382445
23.1513401329685
24.0572524379976
25.3554791884284
24.9505338917192
25.1495831801074
24.0078128313964
25.1616980557211
23.3731394596401
24.1054296439864
23.7546861735547
26.1134782651727
25.4147792661657
25.7212327359252
25.7089792849261
27.9925667173747
27.5376129642271
23.6274223007006
24.8172802100107
27.2827549361617
24.8600220857978
24.0451391489967
24.7233164530535
25.101376689422
26.6730637194474
25.1815053532738
24.7622287093196
24.214572232577
25.0462705293749
25.3548440038304
25.2210115685458
25.3528264618323
23.9943708041151
25.4800146804589
23.3637747953858
24.0831887904944
23.7545492727861
26.1000282315945
25.3845719227491
25.7191003196324
25.6833978307908
28.146714996121
27.7999904471808
23.7583686268661
24.804244674794
27.2309314091909
24.8593869011998
24.1717960581414
24.691424189167
25.0971513776683
27.0091371754735
25.4129537984593
24.8703717928964
24.15695304245
25.0191640804115
