0
3.49465033234478
1.79904429631291
2.21366841105988
3.84846245591763
2.24135629745538
1.29156746275307
1.01495366711971
2.71055970315157
1.29156746275307
1.61093037824917
2.21366841105988
3.12953665914182
3.72131962484788
1.70619157750004
1.52243050067955
3.28202325815811
3.50794850127678
3.31329773596229
1.55382672136002
2.77454642459826
2.23542558759775
2.06130355491988
1.61093037824917
3.21803653671142
2.83350878879793
3.89129813821957
3.17237234144375
2.71055970315157
4.22879645840773
3.72551337027127
2.71055970315157
3.55875879666778
3.49465033234478
3.55875879666779
3.05128196310793
3.49465033234478
2.62205982558197
3.94502350901551
3.94502350901551
3.72551337027127
1.79904429631292
3.49465033234478
2.93006984189581
2.24135629745538
3.46941713509281
4.00212716590463
3.72551337027127
1.52243050067956
4.00212716590463
2.62205982558196
3.94502350901551
1.61093037824917
2.23542558759775
3.43754667545566
2.71055970315157
1.88754417388252
2.23542558759775
2.33791735055325
2.89867362121532
1.88754417388252
3.00047166771693
2.89867362121532
2.11458299202212
0.507476833559842
2.24135629745538
2.11421346638562
1.32296368343355
1.0149536671197
2.23542558759775
2.71055970315157
1.29156746275308
3.49465033234478
3.69968419118632
2.24135629745538
3.84846245591763
4.00212716590463
3.72551337027127
0.507476833559842
3.49465033234478
2.62205982558196
4.20716102474618
1.61093037824917
2.62169029994548
4.20716102474618
3.21803653671142
2.06130355491989
1.90084234281452
2.60005486628392
3.28202325815811
2.06130355491989
3.33505491250014
3.28202325815811
2.11458299202211
0.507476833559842
1.73387946389553
1.77671514619746
1.44417580464567
1.0149536671197
2.11421346638562
3.55875879666778
1.79904429631292
2.98717349878493
3.69968419118632
2.11421346638562
3.72131962484788
3.49465033234478
3.43754667545566
1.5652661829815
4.00212716590463
3.17237234144375
3.69968419118632
1.32296368343355
2.24135629745538
4.20716102474618
3.43754667545566
2.06130355491989
2.7429024211576
2.09257803272406
3.28202325815811
2.06130355491989
2.96194030153296
3.28202325815811
2.66489550788389
1.05778934942163
2.62169029994548
2.28419197975731
1.10345354468931
1.5652661829815
1.22640263033567
3.49465033234478
0.507476833559835
2.71055970315155
3.49465033234478
2.131705380741
4.12507625155099
3.21803653671141
3.66840971338214
1.29156746275308
2.71055970315155
3.40615045477517
4.00212716590463
1.55382672136003
2.131705380741
4.00212716590463
3.16093287982228
2.62588404536886
2.01049325952888
2.39502100744238
3.63701349270166
2.62588404536886
3.61759941799114
3.63701349270166
2.89867362121532
1.29156746275308
1.62422854718115
1.50301642596903
1.88754417388252
1.79904429631292
1.62422854718115
3.55875879666778
0.659963432576141
3.66840971338214
3.72551337027127
2.28419197975731
3.50794850127677
3.66840971338214
4.20716102474618
1.05778934942163
2.65345604626244
3.17237234144375
3.21803653671142
2.60005486628392
2.23542558759775
3.72551337027127
4.20716102474618
1.88754417388252
1.22640263033567
2.11840721180901
3.40615045477517
2.39502100744238
4.22879645840773
2.89867362121532
3.6798491750036
2.07274301654134
2.28419197975731
1.73387946389553
2.33791735055325
2.07274301654134
2.23542558759775
3.05128196310793
0.784090629193209
4.00212716590463
4.20716102474618
2.11421346638562
3.72131962484788
4.00212716590463
3.94502350901551
0.550312515861776
2.98717349878493
2.66489550788389
3.69968419118632
2.33791735055325
2.24135629745538
4.20716102474618
3.94502350901551
1.55382672136003
1.7279487540379
2.60005486628392
3.28202325815811
2.06130355491989
3.46941713509281
2.77454642459825
3.17237234144375
1.5652661829815
2.11421346638562
2.28419197975731
1.61093037824917
1.5652661829815
2.24135629745538
3.49465033234478
0
3.21803653671141
4.00212716590463
1.62422854718115
3.61759941799114
3.21803653671141
3.66840971338214
0.784090629193209
2.2030828695917
2.89867362121532
3.49465033234478
2.06130355491989
2.131705380741
4.00212716590463
3.66840971338214
2.11840721180901
1.50301642596903
2.39502100744238
3.63701349270166
2.62588404536886
4.12507625155099
3.1295366591418
3.40615045477517
1.79904429631292
1.62422854718115
2.01049325952888
2.39502100744238
1.79904429631292
2.131705380741
2.62205982558196
1.38006734032268
3.40615045477517
3.55863705379148
1.73387946389553
2.96194030153296
3.40615045477517
3.12953665914182
1.10345354468931
2.39119678765547
3.21803653671142
3.05116022023163
1.52243050067956
2.7429024211576
3.55863705379148
3.12953665914182
1.29156746275308
1.22047192047804
1.95153089532922
4.00212716590463
1.79904429631292
4.01542533483663
3.49465033234478
3.72551337027127
2.11840721180901
1.73387946389553
2.11421346638562
1.95153089532922
2.11840721180901
2.7429024211576
3.94502350901551
1.29156746275308
4.00212716590463
3.21803653671142
2.11421346638562
3.33505491250014
4.00212716590463
3.94502350901551
1.44405406176938
3.49465033234478
2.54368338667178
3.21803653671142
2.33791735055325
1.90084234281452
3.21803653671142
3.43754667545566
1.38006734032268
1.38722649408153
2.11840721180901
2.89867362121532
1.88754417388252
3.84253174606
2.39119678765547
3.05116022023163
1.44405406176938
2.62169029994548
2.24135629745538
1.95165263820552
1.44405406176938
2.40831917637438
3.94502350901551
1.79904429631292
3.49465033234478
2.71055970315157
2.62169029994548
3.84253174606
4.00212716590463
3.94502350901551
1.95153089532922
4.00212716590463
3.05116022023163
3.72551337027127
1.8304405169934
1.90084234281452
3.21803653671142
2.93006984189581
1.88754417388252
1.89470332764139
2.11840721180901
2.89867362121532
1.88754417388252
3.33505491250015
2.89867362121532
2.54368338667178
0.936577228209508
2.62169029994548
1.73387946389553
1.44417580464567
1.44405406176938
1.90084234281452
