5.32592023361779
3.54687083421198
4.21652451112207
5.63760427651884
4.779138547188
5.7768521965429
6.27836722913504
5.519712732569
6.31851686416577
5.03485622363547
4.731551073847
4.30401419147515
5.70045015440787
4.82659827369674
5.26333951492157
5.57672858096298
6.22520568530391
6.3026083575803
5.949763241751
3.73457715859749
4.67756665614997
4.6986655644837
4.58675711403293
5.82054528650569
4.42141829988044
3.7418415011321
6.17029787040497
4.56637100646908
4.28666790616818
7.05008968434235
5.43077219410171
5.67561150685994
6.59430916939408
4.85682604922625
6.31658975352023
5.10239139902263
5.95067941420638
5.35750467875019
5.01983300438805
4.22216870035728
3.85253461560735
5.90532695878268
5.1767695329995
5.82771319268197
2.85549213116007
3.81198040214264
5.66889950063366
5.12236182891296
4.89874143500298
5.46590744620346
4.19496234244328
4.31534508371166
5.47417494517352
2.55587686161052
5.02264753987757
4.17899761706042
5.01170189592243
5.54519189175625
5.52294435469023
5.44795921575875
5.23047823658255
4.00964831046433
3.80623281724204
5.95512171299853
3.63071616170114
4.49325335093195
4.45774482857662
4.1851346285567
4.26128203981637
4.48333260871563
3.4471899271937
5.61317755399639
4.90374042533985
4.45699843447326
6.1407683047772
4.75490287983908
4.7872440327297
4.22337332028274
4.07643676583412
5.60219135301625
6.06114965714629
3.60840929256765
3.37069617060261
5.31575626439051
5.51323933018663
4.67912329401381
4.76389102080971
4.76905098427869
4.21724496568088
4.97851776070274
6.01838016065759
5.1627185670004
4.97793476626955
4.45012275087003
3.58467517495991
5.81942186793394
6.4505216463316
5.7296363910312
5.95459507041021
5.83231708259221
5.53634053928931
4.7833886604956
3.42922256585546
6.78847199750384
4.84495332177841
4.14709069891217
4.98769798709296
4.66374778177745
4.48816468952943
4.69929847023164
2.19148361322303
5.09578172961732
6.1115596175485
4.26731266053692
5.66058171185335
5.37863798979448
1.69453884021993
3.63707382913401
5.17376650741426
3.20338520982289
6.06320960120055
5.06893077030572
4.62031355783432
6.94171405321723
6.35509816807051
4.38325200005463
4.81711484389734
6.08572844224993
4.65511594361859
3.7950406941538
5.13687155688838
4.98630519220919
4.6906261601092
7.12682665901664
4.40361170899732
3.62481297566007
4.93407041645344
5.60277146733647
3.37721654621454
5.2557071579777
3.55896403905361
6.4326449471553
5.52092885479593
6.31892701901866
1.90598373288987
3.0501526530192
6.84450881377997
5.25716806578697
3.06884896629749
5.33967895817568
5.74376761238219
4.57983340517515
5.67081551548636
5.42920396857266
4.30023709327809
5.48866197980755
4.64072496175413
5.05961558432082
4.62723708004975
4.87746207437316
6.0346371243277
6.81517418942379
6.51844769099377
5.11619646534831
5.08292725225636
4.19522088874971
5.5421942568362
4.91593759819777
2.62482898251446
5.38570546950055
5.03174927625903
6.35477508187226
5.35729368562056
6.51156019309174
4.4489928754934
6.40662759915556
3.77543796454857
4.32679868248826
4.20955296093421
6.04672696137484
7.07085288883086
4.83733329789754
6.64569605793387
4.79687707351135
4.21402997232856
5.18090380680154
5.51285226184454
4.28710351473181
4.77014338131524
5.31578995282224
4.01069692109903
3.43996670650233
5.70970506921923
5.49822156795737
3.8113306166864
5.28501611900907
5.99775037913346
3.53386914532769
6.90487146068553
5.55991491441456
3.87261793933446
5.88367082528724
2.97085262374365
3.14032719919416
3.46566545577583
3.0232328018223
3.7846459669953
5.06303341191807
4.12799355328153
4.66690502091959
4.69233497990243
3.11086953060334
5.02168651750425
4.8252746098557
4.06718889143707
5.83385435038915
5.29962471650899
4.83895293800386
5.93673797907636
6.36023945088363
4.81850295199942
4.26482196634711
5.91996228303143
5.16127864730005
4.70311697278305
6.01022767289832
4.38971683768804
4.07502953509701
5.81082255670639
5.53730011708827
4.0916630161522
4.45286211716312
4.72679134517796
4.15686574726038
4.80720726700383
4.88243300865507
5.04800308334761
4.31377095471571
4.95358149312364
3.39667836608228
2.56698120650791
5.63735091369975
6.3529753582491
2.65250998692414
4.56168498674409
5.82344206080697
3.75128133084127
4.53482693909914
5.57708458716231
4.28745372286069
5.42088564734075
3.61719020341132
5.648248337678
3.62159005859576
6.52588892891279
5.4125759603477
7.05080478546118
5.84930168295216
4.26482196634711
5.87165315009729
4.03349522733315
4.91017667635464
4.50372061974544
4.3691647095042
5.62145026889796
5.36851700955349
5.25999622839829
5.79666663848639
7.26366177899465
4.75722483766428
6.38665395417463
4.58308448325414
5.01452127310796
3.78277082612468
5.23299902430663
6.54280019622163
3.8607935683114
5.61551484515411
6.10339603711402
4.77373931053035
5.64052599083065
5.58907451919699
5.37625086876773
5.39257718070575
5.9455032647989
5.73003552737534
4.6221274858691
6.61581820062751
5.04056406185142
3.16314483527686
5.06526284310409
6.83078874607937
4.06787634201861
6.59109997563263
6.47104345633254
5.1901891814871
5.687246704705
3.84212762372007
4.95989971980048
4.57196595471342
4.49241850808685
5.60303858067546
5.73520241617423
4.67285664879741
4.3682291394726
4.57557237370162
3.28134373864335
5.25041362479622
5.0856820543423
4.47084178006751
5.27566811417951
5.75859585078116
4.47337498104172
6.10205670338655
5.89447996653492
4.92413278984806
3.30212429283215
5.41218306632472
3.93212722125296
4.48166298425923
5.97565277379441
4.92368971217227
2.80667793495167
6.82780387751531
5.63841529720384
3.68506113387918
3.09811209261095
4.56530336536986
5.17276557639917
4.03311046038898
3.45643911105209
5.67873191300318
5.69196072357194
5.85197980080551
4.62651832968923
2.21873178315764
7.15255209974605
4.86702243716952
4.5181355888341
4.55949149357279
5.05579755438573
5.32734641632204
5.97302056661601
5.82872048161338
5.57260971667859
5.09622952423769
4.84351669443531
5.39890624932362
3.73422026305935
5.01586878403968
4.65328865355185
4.533055951462
4.89329759069962
3.66022553929884
5.2893258858193
3.34150363322136
6.17396817917668
6.18956315610244
4.15865842021815
5.13700635237863
4.71093636743826
5.98565873142272
4.60469905122007
6.1610580841189
5.00189113223693
4.66862814856541
5.56447253951168
4.12177634537115
4.02718728885134
4.92462156025925
5.60470722307392
4.93673873095679
5.31728922704695
5.8614871715624
4.9916010946238
6.51101937952927
4.80870553919945
3.97036275030985
6.49908825993435
6.00809016027505
3.11500007998038
2.96232702236032
5.15217895968426
4.22768186901226
4.56195722223212
6.07642874564839
6.0325285663631
3.53132798429862
6.73849730623093
5.45726053592069
3.41904418509355
5.64626082571336
3.4193985608417
4.22685835425326
4.53922365149991
3.17826544591949
4.4428200988641
6.14708968283778
3.72507356755183
4.87850940894591
4.70618189432118
1.91040464784247
4.80727766512313
5.14499753333104
2.82540548194362
4.74842273189775
5.13170317719395
5.063188525121
6.36183267244024
6.2750134321016
3.63342580839488
3.80137146481281
5.2138525614147
3.90528975195885
3.50558746140263
4.7855492377488
4.0709519309413
3.70188118019177
6.59533671893409
5.06925017090981
2.56876142523508
3.83650463281677
4.28798459803365
4.53448783971005
4.62763290666077
3.60060112580967
5.65503590476202
5.0817127822497
5.21939808816102
3.13576028964631
2.20622796317987
6.50981075985427
5.0163024102169
3.57237350795326
4.41155086124832
4.43113959677944
4.37957101447515
5.25709960295728
4.19929317771094
4.27821359300108
5.19331930539347
4.60599925031978
3.60522581659534
3.8330616028456
4.67166826934739
5.20505199438453
6.18355515648537
5.53067493523581
4.27406209620671
4.70494752437709
3.65135004452082
5.69882475386798
5.17941397825391
3.82470989995605
5.4484778763888
3.72711901395654
5.6544299156681
5.49985050380326
6.09166183922446
4.01740864218461
5.49028341482616
4.90585345778256
3.19931856063471
4.12849600080584
5.38206072362183
6.41207609274073
4.43319241494886
6.52409708875329
4.69375836404998
3.94879734261045
5.56687128995757
5.24761963212643
4.04067427629052
5.04710279346227
4.82041268023922
4.60393458742348
4.47003021315236
5.36240500615728
5.14504325431245
3.47663256276068
5.17600796788479
5.96487361156008
4.84860209884335
6.78246036978283
5.50012860323167
4.90147153134635
5.97020933240221
4.07601455915003
4.88116985540271
4.23776271918562
4.59072836443681
4.10765740609118
4.50512008840964
2.86115631942656
4.00689119394551
2.92532947957771
3.49455954685452
4.46320728249616
4.67921114435305
5.23324805668864
3.86943155663587
4.85968774907042
4.77759098293316
6.28094702760143
5.38887246433801
3.80108814360531
1.41089878271179
5.09961493806593
3.61233850964248
4.05158248438744
4.9155023100359
4.74795797967855
3.68943220417651
5.85237195305999
6.12229045268313
4.82950479226434
4.40293544986651
2.52431874755684
4.01756952862421
4.27042752102831
4.21734106640323
4.73087086908726
5.02856067827593
4.55203579726523
4.87026102976732
2.57831630531452
6.43256235240182
4.59507648018271
4.68745616129767
4.21798018121324
5.04571959886256
4.38080465152991
4.07069387594741
4.50331120611349
5.57156191211378
4.1866318188092
4.01825559539426
4.38805784384795
2.19698783332026
4.99921127012719
3.71001982320518
5.17021280788185
3.85275276776456
2.91865446242772
5.95551676780114
4.76332478771447
4.86005312761205
4.58341820541273
5.06095054043802
5.7134007987399
4.7973931479156
4.60988449630985
5.37121474617452
5.68874637504079
4.11465365293363
4.43503729226438
6.07201231729754
3.95067229009421
4.66024375809572
4.67664266684601
4.61997997362184
3.13195321367549
4.19080266718024
5.32103852651253
4.5226852155821
5.23317437037415
5.42518271194957
4.3136391433893
5.5338045504616
5.08587076957921
4.30324450279506
3.38288755972393
4.78812846719187
5.2184577970533
3.24333139094762
4.83230212394109
5.29033111770621
4.33578579739221
6.74409393104149
4.90081621833019
4.62632638761676
5.65820521729565
4.46265719794733
4.70342262797461
4.53491919730074
2.60790952193621
5.20414755493292
6.34329303698005
4.46580143022146
5.56533803789378
4.86485380688687
0.911614314231031
4.36712874826685
5.72221409671766
3.60539451872879
6.50711151272964
4.74781019908909
4.36562393825005
7.27281161038647
6.6025154102933
4.19870287883232
4.14854131884506
5.67512974771677
4.45168026728508
3.46830933188402
5.11205699710808
5.40333912275142
4.10444118161355
7.19260944081321
5.22221750459629
4.47968289276945
4.84659114509551
5.60277146733647
4.33587486481071
5.74602290613028
3.85064172285051
6.74373506952126
5.29660679177672
6.34210856050553
1.91896445796433
3.43267134681373
6.72470476938129
5.59419613573726
2.90063503221747
5.3640814858575
5.41736496767698
5.13407431597313
6.32028546215344
5.35873723904049
4.75412601749213
4.84905000114336
5.05113650553551
5.6976801781246
3.88727311480159
5.11269322361962
5.85768698955053
6.95424161865348
6.24114556963264
4.62041385370072
5.47730977759702
3.81243333968103
5.85225381403362
5.41015529043048
3.26140453246687
4.6303595532811
5.4261318015997
6.09114167045696
5.45664501365386
6.78573329426242
3.76300052759663
6.38172621240024
4.52717221183362
4.72720451468264
3.38231949761539
5.22097616589993
7.53968609373313
4.49850374616106
7.14077446419843
5.6843069214284
4.26699624465631
5.40120186470363
5.23253699576323
5.03199293873416
5.63171472782334
5.10624960701956
4.20426573019235
3.54025297791729
5.28197893020677
4.30098835544345
4.49390315609136
5.15984957264483
5.42350888071067
5.57681191271681
6.0613044650389
4.45331341762775
5.22491593907839
5.14285653650462
5.33030835961415
5.63818843295681
4.3149581935439
4.25161501293841
4.57447843688306
5.46023266611197
3.84452482780103
4.53434993804939
3.71721106599544
2.83475251079997
3.16666028007153
4.82238597241664
4.87200002146648
5.00578376433492
5.19110275671799
4.81465181653623
6.67175411959113
6.44655488826788
3.42565142951281
3.83633557449295
4.82468271404462
3.43979932442905
3.90750995176982
4.93093912728801
5.63141866017588
4.66834236633842
5.97102429173542
5.18988476375442
4.82321321506659
5.16992692246492
4.39094389043252
3.67692621483966
4.52623132418454
3.11133737926618
6.05244537029063
5.02664099035531
5.68056117300286
4.46966206128945
3.96253619240068
6.45473896795989
4.19362879064316
4.91485071609922
4.58226161359217
4.8392450365122
4.87556995926612
4.86162766287932
4.72967535195008
6.34772673830881
5.14013366897361
5.46255694607271
4.62528713897558
4.29539181265455
4.36301061764326
5.07352923438517
4.99912364203314
5.74562087714552
3.75543458613894
6.21785970104699
4.43637942445979
5.34108932160145
6.18020154057881
4.04283289177003
5.41068171100378
4.62876622232347
5.97068006132275
6.04297692932231
4.77564272398244
2.99295530708361
5.58664555398088
4.78793696945591
3.73441545181431
5.51834152735856
5.06027243153174
5.57898168832185
4.16421601311752
6.0696079738257
3.41540010966731
4.70500305177943
4.45952193134102
5.05506263438748
3.71981616244835
4.27978755499584
4.14561237600464
2.97565279235563
2.42749396926324
4.28934086998083
6.6409432353921
4.32494255668609
5.19999899499903
4.78756909370991
