13.1500942505842
13.2259797363723
13.5970974763308
17.9784984516048
15.8102060030472
13.8568730470695
14.5730173017532
14.4279114028317
15.3427754708234
14.3902597441304
16.9506474623094
13.627306970512
17.0221989824958
13.7276347252568
12.9366612881063
14.7065374717259
15.3019278373395
16.9627963500886
11.9002521965918
16.2519772896687
12.5760396980839
11.3996065364703
12.8333935223865
13.2262056920876
13.5654341984468
13.1861789544712
13.1389591525681
12.1554447802934
11.3588110845346
17.9024024474915
15.3335756109427
15.3783085367747
12.3389128294261
13.9758999388559
13.4524389067398
13.0185089061816
12.1950933172559
13.3669566644001
14.4416252392609
14.0024532276881
15.8455988785922
13.1072147833657
12.6295389962381
15.1777251505971
14.0118941046312
11.849741261115
11.9977023154935
13.283816795784
14.5297707873908
16.4280801740691
11.2787625587734
11.9342577295886
12.8163535209023
12.5906015992562
12.7393729285537
12.1732639468873
11.9611028092892
12.0219528782261
12.6873318754492
11.3498859309966
11.1160994694639
12.2210066996494
14.3424530937673
13.9789119625552
16.0447587302865
12.4140349452712
15.4273811589088
14.5294157684572
13.8914787847488
15.601173078852
11.8544317764683
14.9108276734603
15.2153746844145
12.2262225695073
12.4641379958247
13.7004114005997
13.8090903746397
14.4049829360127
12.6519483683931
11.9743751133911
14.1300490008094
14.7988981936787
13.5363072054418
15.7835026483151
14.4928746403399
11.8637768708512
12.8246511630045
15.2537496389526
13.3656720527552
11.7636384964868
16.272377354915
12.8323918341779
14.0999622807922
10.4367588644194
10.1843106468552
13.5994125351761
16.2368476894402
14.1045337227725
15.936089005661
14.5188514688587
14.3948434103298
15.4364310405375
13.6032564105494
13.4447958849529
14.7380510708317
13.4819095853906
13.8102815854734
13.3086613650416
13.5678808743424
14.2067747568514
12.943987508788
13.0873944410239
13.5228506756732
12.9922357564096
13.4035063204172
13.5112986849196
14.3177004013803
14.0653156829527
12.9547692356222
13.6406090795206
13.6608697723414
14.0662256106753
14.8299549111578
15.3746801387325
14.2208887155288
13.3276869575011
14.4452427278106
13.8956130807449
13.2646854070862
13.4760483846984
13.2957628402403
12.5257553410597
12.9610828976655
14.129510459216
13.550104245487
14.2677042720358
14.0359514889279
14.9069259692159
13.3969106371944
13.4513529929234
13.6616371084532
12.1886477750606
14.3154604019703
12.5780537460449
12.7464394937507
12.43448107645
14.0335056760546
7.39158398094296
5.88248345868201
6.8669713606379
10.5543425641542
10.7830348900104
8.88515271599816
7.10253962466766
4.46403274729484
6.59913744649124
7.69430619009285
10.7834664491352
9.51822886290787
9.99661496252041
5.01445232353925
6.60906947308751
7.18147789376556
6.14440679723606
7.88916309880798
9.08105048562467
11.6596058087693
9.80654381571476
9.40073924325683
9.80902859963479
8.64315080997586
7.70735066644164
6.02529620499318
8.84607427651731
7.86564499199947
7.94203822384513
11.7711574088971
5.14314638605066
5.74984054971469
8.38872575567761
6.44934140648292
8.94827720123192
8.40681107659939
9.3345300076525
7.98250103126451
6.29858946193468
8.0973147435566
5.31337984585898
7.31129993166014
6.8574462701587
6.06780149746992
9.76348073402744
9.39868122184266
9.21104399947615
8.01177870808394
12.405296186803
11.2012803106604
9.94260695388654
8.49255257121164
8.3600443521767
6.25521612666572
9.47357312529939
10.3052654663206
9.91964790551732
7.92770927224685
6.1953325472824
10.2319903971759
10.051389012813
10.2579315566343
11.111171130329
8.71533889593548
13.1776496136103
10.4352984014373
9.62215242266228
13.3929942518809
11.2981826016581
11.7335114758921
11.3094684229787
12.1866778505905
10.3124271608669
11.4022170959581
6.79413434948615
11.0313558810839
5.70243127051764
9.27422038579434
8.24131023382827
10.5973924410354
9.5719841523253
11.9731338076154
7.77560207788628
13.5973099683318
12.1389065353238
10.913171853042
6.57587989507057
13.2049726659578
9.58628139167256
9.30370062856591
10.6209762574732
7.62901631080253
8.09268299297464
9.62392638544739
11.4232407980879
7.01772967315224
8.85676960175326
8.18625406567222
11.2725486868949
6.44920218553889
7.57955734191645
7.80467104138389
9.16856713734174
12.4031509409023
10.6388297922287
7.87107917995542
7.05172931387964
6.97249561390365
5.97286160396378
9.41047786436224
10.1712102322741
9.47707360826956
6.62332146774197
7.11551077788822
5.53577439501531
6.16844860222216
7.62473789776314
8.29132753085789
12.8758997865063
9.82710891398995
8.44640195793279
9.46665028453612
9.12946751440401
9.62703893355827
3.60054080658877
9.59648102213873
7.76843990109421
7.5007174004036
11.9301030907683
7.50809618170501
5.73185619455111
9.40253762553365
6.11751008474488
8.92413379303652
9.81696899116486
9.61746334256216
8.32079302303355
5.41491935989171
8.32780962681652
7.33256643613367
8.73134640572658
8.20455887117665
5.35189061209053
8.69379077428864
8.86165843611255
9.26064187668401
8.31949709995529
10.5002777783748
10.6707086462054
8.79647422035512
8.80027096308299
6.99633578066067
6.03309678709823
9.41819139701838
8.1379919810459
8.86594193438219
7.52636545972751
5.79398873476307
9.6809285453138
10.7278459633434
8.42753619792681
9.12451015452523
8.77817533735943
11.6654133886221
8.70421026384909
9.40282211286183
12.2803592338772
11.9233768011992
12.7794448475868
10.0263844703853
12.5195338196922
10.316945465
10.1117258052098
7.04604591992363
10.0940998208764
6.13712248975567
9.63888101267909
8.12322611109143
10.4031757174877
9.5625381415158
11.4666994440694
6.27713138259629
12.7891864782169
12.0419295264973
11.3517841396756
6.62469549315887
13.705141623326
11.4938914583247
10.5638993592864
11.2668559256413
5.80197802543502
7.92596522422064
11.0801880695376
10.6708150039793
5.53839934771241
10.3363019529579
8.72933828126328
11.5651050552114
8.38356292836729
7.47917187029192
6.66041244302926
9.5008719197626
11.2653107935186
9.61630685360153
6.83515124842712
7.20105302084357
7.16941787486333
5.84610703809983
9.68997562436242
9.70973153752492
8.18919317265081
6.36356266580703
6.20788134515146
5.79290519031452
5.96143580507057
7.21879495613591
9.11714778500525
12.5275510230325
10.2436294764774
9.68804968227107
9.37138015012389
9.23726156353589
8.20768767210556
6.24232962910823
9.88093974166799
9.62152934445202
8.86981556735563
11.2180366440605
7.73958427071236
4.42887261818221
8.83176170891131
5.11113362861851
8.5399279424003
9.24795718200887
9.16924259481778
8.75766268052286
5.72293259252125
8.14140677511258
5.40953676274773
8.82185113849535
7.86860580501228
5.9231312887247
9.75705955380665
8.5878725778176
9.71917055701731
9.80140478542234
11.4508085899909
11.5636174326911
10.1928545561004
9.69657310071562
8.25784014645086
6.40315601352658
9.80450967052185
8.9986471052865
9.92515888529928
7.18409706847904
5.45172034351458
9.95335271175011
9.42643967985062
9.468782989116
9.86169663360177
9.64525854897077
13.1782629854109
10.0235192145971
9.4087866534062
13.5233522660768
12.5716270856404
12.7454269066736
10.9049628116304
13.1554058317971
10.9814057794182
10.7986370567637
8.67608688823422
10.7445106817881
5.34028292927462
8.55116824727522
8.3178602709075
10.4373432695219
9.59664449881761
12.9089314970459
7.96847602516157
13.4117333160429
12.3434308870054
11.5452008232961
7.00174082534269
13.7901212706149
10.7021629390095
9.98214315023381
9.88968351738667
7.6119766092233
8.30573672438633
10.6553619774458
11.2027893264022
7.42818574728999
9.95126977458582
8.02373017092293
10.452207126702
7.13439689857376
7.54697778571902
8.15286782691815
9.09888294950348
12.0199418284744
9.45335631652527
5.53770026612145
5.70850738710904
3.95971062941003
7.20286756943315
10.1790437645844
10.3903528527939
10.3758732795811
5.78362789513158
7.92499821193785
3.48495057205675
4.07721180668064
8.96092636943457
9.11073941636639
12.4098857983676
8.8503022117375
8.16446404148322
9.6136988793405
9.98369335761772
9.01657000530653
3.90515607769889
9.1613854869622
5.82492817470182
7.9581761227786
12.9272630564417
4.79104160147316
6.16130919275882
8.92025035543647
4.48240501902962
7.65628697709713
9.49820089135157
8.25872426367091
7.02111810493409
5.96884334180239
8.72032438404509
7.0733204627398
7.22513392184291
7.11371669895708
7.39485820739087
8.82035858391287
8.59820109082625
10.8218289599451
7.60398319678124
11.6305984675271
12.1535154335516
7.68462563406128
9.33621591795722
9.65021265631153
5.27824500646886
10.6321382785005
9.16040379092541
9.40043452740751
6.4702602763602
4.8051034132275
8.39382304217995
10.2742680236034
9.26138224944329
9.91358355303785
8.79771759343588
12.6579191370848
10.343599965466
10.1968622817621
12.3640772553125
12.7383910100951
13.0125121298388
10.9735302936945
13.1696634195224
10.1970027620038
10.8177694741381
7.73292123741831
10.9998040225274
6.17779250210972
9.92604882671825
7.97694056376311
9.92999572599391
9.92736230621686
12.8130200624104
8.5751429680327
12.4803229353533
11.3280446671889
11.6824327474656
6.92225662370028
13.3127462908176
10.7719670372071
9.95011675468613
11.4226715625169
5.76679919913134
7.84022126446627
10.0262911631903
8.32936322074048
5.46000284297846
10.8089601964012
7.64887113686902
11.0190332543747
7.90477093058213
4.98525775225586
7.6113347559121
10.5814423448738
11.9112922558425
8.79234917704082
4.02455270289734
4.55384867111674
5.7987853510918
8.01336955885519
12.0302820905082
8.75151126714689
11.441708666295
6.51206397332002
4.8114305095582
6.7234388000203
5.93989831971251
9.18852638477494
8.81910787177651
12.5792828077174
8.32729612539361
8.27353893440964
7.99854229426654
8.1454363187066
8.3578104559379
3.78759836289365
8.9261471023403
6.85684828013257
8.08323861371434
12.3597596842566
4.43834543839463
5.26926788156454
7.35512287203295
4.04925032739271
8.44632320797046
9.93992073892928
7.90155941210558
7.51565550314451
7.83217831278204
7.93528706752812
6.78311724126355
7.273883018364
8.08955589338776
6.885886506753
9.19436000019994
7.1691897744977
10.2686275331778
7.97546065801031
12.9718617579419
12.5156311101087
8.22864397300043
9.42985170157966
9.80315872263014
6.3126187422358
9.58705820214415
10.5102619480735
9.86975513304223
7.54978004848323
5.81740332351879
9.26713801166126
9.14364341192253
9.2423171312522
10.5894142947895
8.82886841881609
12.4314694060157
9.94305934558123
10.9734940586034
12.5707477773612
11.8282578256999
13.2778995430548
11.4313373688929
12.4507851382285
11.2472516524983
10.7985239067809
7.59156680817416
10.8443392259605
5.09786904717757
8.70474480840758
8.76613562226429
10.5790635566597
9.24239009895528
12.5404786795217
8.4473808813843
13.510382302376
12.6676425702015
11.2933484869079
6.02292353404359
14.0094275882954
10.7306105632066
8.214649797156
11.5396395788898
5.51685262080728
7.92473086380854
10.1758242529861
8.54556266316411
5.5871517111315
10.6379640357574
5.36368197835998
11.4526503078906
8.63854279805533
6.97907511242763
8.46359803688527
7.99909034882088
11.712811213267
9.28337883437256
6.74202884300289
6.45812274388965
7.12892631813639
6.39020032950896
10.3717147227996
10.3517711524069
8.8064715518263
7.60471849340384
5.96148646854775
7.65294390392071
6.54039965756959
6.71921571653117
8.82336108351835
12.5177734062066
8.6188628101624
8.77409008727675
8.12760654374373
8.64195699627136
9.35572850539826
5.85789876321655
10.8392374598087
8.58980328342573
9.24204667006548
12.4278657929852
6.12846016966814
6.18014597352472
10.2805519260884
7.27266397385989
9.09597659446415
10.3453018142207
7.29367498542354
8.28395661118625
5.10131434363944
8.62763017786742
5.59981490703674
8.08099709645735
9.12240604189103
4.6093303541219
9.30395207322998
9.75735540574175
10.5296873648459
9.34960277897261
11.8581612188685
11.4019305710354
9.78307443941117
9.25258249536015
8.96361311068727
5.42742052191168
9.99420727712136
10.0976924533367
9.80301805628245
6.48755652112016
4.75517979615572
9.10626201669704
10.0701910404509
9.25322870011441
10.5464918857223
8.66622177703353
12.1753444937534
10.013962775395
9.7815933151732
12.1922058744926
11.914621433726
13.5271929501724
11.5289673115146
12.4785439879688
11.1170200469369
11.1446957616005
7.06112784575423
9.57001317891253
5.32755325123426
9.30832402403317
8.8556525853759
10.2555438407878
8.73318777234137
12.0727032903826
8.44967387315298
13.2993192066658
11.9370858586168
11.3020989277864
6.66042433272618
13.7302318549958
11.7264972594635
9.67655742033833
11.8877910284082
5.6719859924582
6.47736403012237
12.2753503229823
9.86747063278184
5.4881951305249
10.0446529516012
7.98145500557566
11.9694469753454
5.3544258684566
8.05445695900752
7.49590997362219
11.3487467068967
11.8535668667613
8.44744961939141
5.2865897992379
7.34362165108343
6.29750557659835
9.22004051978381
11.6099115377348
8.00450830997509
11.4923470563824
8.82175486357227
5.95491406030682
7.40623747538889
7.92703208592476
10.6325988576503
9.69398216608438
11.9538287942766
7.95423120191424
5.73346297073019
9.2649720838388
9.26452507762986
8.38703800377588
5.19992588726969
7.90367602986149
6.67747508847402
9.95574355173186
12.6424123658265
7.67949585337214
6.6944490223245
6.52473286599634
3.89451423461816
6.28017284310327
8.51039384033417
9.48224809939303
7.36288022178227
8.49617639394295
8.81977872663084
8.45060289794577
7.40721674762511
7.24572967393865
7.5561293839782
8.64445077772738
7.75106958732066
10.6280331925381
8.17305369279012
11.7089950928502
12.0134018790433
8.18018358062475
9.04966201628964
7.97527898570098
7.13090446031423
8.38253486706873
8.02227692044517
9.21256958825218
6.22416576413393
4.49178903916948
8.95350872032475
7.16098242859718
7.9128430017979
9.03456303726073
9.83483915102026
13.2482176321059
8.51195604751923
10.7495709325973
13.2287834926895
11.7320032441322
12.4987025097514
9.10923403605045
12.6392070350949
10.7036518677519
9.07004527787947
7.0294712070903
11.8755250105162
4.87007279304051
9.03971526806264
6.65147031193384
8.80597855800171
10.5018112602928
12.4063064534327
8.18174776394815
11.9776468768863
11.9967895917632
9.48901128519041
6.77361602934898
13.6161268904618
10.5520905031357
7.95911414272739
10.3168038771444
6.7165344593832
10.1000648713001
8.95787438986818
8.49993685768867
6.79707651715296
10.8283233770344
8.13453678231487
10.1575623159376
7.55732474361286
5.74805068437639
7.66494334388995
9.61216930113977
11.4480541557438
8.27843358186516
5.51492035651985
6.1331680341257
6.41492631989601
8.14729168229687
11.740651728109
8.93805783533985
11.133977818157
7.96675256319817
6.28605314189109
7.67644900549136
6.5449746674872
7.83896354110139
8.64375990755646
11.8650097273402
6.54215435545671
8.15490458719847
8.08380022466498
8.77741800292861
7.53768594024111
5.95483962448362
9.2183566464559
7.63617261029776
9.65750777688197
13.083055067963
6.02201597697177
5.4688874519054
8.80858395069038
5.94935955761601
6.06451622709756
8.77873856948462
7.76637314273602
7.44917566465247
7.87834683625094
8.24573508940588
7.06747753967775
5.7030210848961
8.29092637567962
7.28460595508429
8.44051673237193
8.2575216055608
10.0862060626358
7.64809256712116
12.2641691729503
11.8079385251171
8.89210953849065
8.55014504468989
8.82955606118403
6.77172963129693
8.88424250184384
9.52608655736768
8.86826839744253
7.13458187133696
5.40220514637251
8.64724054652857
9.18771242497467
8.31635720019173
8.93047577057769
7.42946055742318
11.4801213840827
9.50012913766759
8.93492338866054
11.6047193834057
10.3587782097053
12.7939900539978
10.2589264302399
10.8459421681413
8.96254750938662
10.5426739912131
7.28550752435198
10.1986059041643
6.04417465010872
9.13621915696096
7.29532451798984
9.89014466529495
7.67412316473084
11.8469334280843
8.07165472065994
12.6927951185552
12.0078890165774
10.3981601986984
6.27086195248212
12.8880950966089
10.5826796153384
9.12681706211832
11.501445929344
6.62215850700532
8.03166179096295
10.8622213332852
8.92829965817302
6.44689448866816
10.1468794342494
8.14039643970498
11.758207927429
4.90106455379905
7.0209758976528
8.56916568115467
11.6236313821124
11.4847272417312
8.67083061569708
5.89762015592917
7.64944534940764
7.22694236561441
9.54472681874053
12.2100445655985
10.2297081775878
12.2780946216439
8.30486526016644
7.42911239493676
7.68997794734326
7.59139138494728
8.97215997694381
10.0461340702801
12.2101502914261
7.62786416413046
6.57624176142649
8.34450716311114
9.54804507324944
8.64387374281193
5.85438099952559
7.76770325416143
7.00102606961144
9.8603469122978
14.3904387221287
7.75382526211672
7.6696267775032
7.75055856736056
4.69376126163959
5.7907771625462
8.34933108613279
9.45816592948145
7.97444169454605
8.42565004175832
8.4570425276508
7.94688539919344
7.90817243102577
7.26663095180351
8.01214541925803
9.95194027678214
8.51968694267889
10.5632548370102
9.52783591021321
12.0783594701491
12.3640731937069
9.660481252549
10.4025061456522
7.47482740298971
7.50697037074805
7.15259170113334
7.58215184581505
9.70411366378124
6.73125900069869
4.99888227573424
9.33685764815286
8.80550080785756
6.48746750028263
9.17535626639877
10.3828805354826
12.615689166905
7.19664303723712
8.80480417675768
12.6122135219171
10.9324579004163
12.865419011887
9.84279251346424
11.7287301360724
9.7016480469617
8.81577500070233
7.35412415649241
10.8506780011204
5.88891314533907
10.262284264419
5.63490940091486
8.69195489906117
8.41907268572226
12.4365453647015
7.31783422168304
13.4728952304301
12.2665112940896
9.98753448393858
6.77953046226248
13.6828625985828
11.8577795865699
9.04588390994479
11.4091630037753
6.49728306322515
9.83552035216105
9.57195458449076
8.39394931624847
6.29392283688167
10.452197185826
9.3781071427556
11.8706749412706
6.79062720905439
6.73214519069603
7.96941552760721
10.305956976738
11.8606344475692
9.13756995083798
6.03130947902644
7.11726254044534
4.72377808365512
8.45176386601413
11.1879765884052
9.94498122400621
10.5633012866518
8.12450573032211
6.59052532560835
6.44752612009167
6.24050248376993
8.60566107565986
8.44283851194511
11.6944360967485
6.69880866648809
6.46375635095758
7.84385119057222
9.29161330407374
8.09466035737172
4.72591673908394
8.87071623425123
7.3317004265805
9.35303559316471
12.925301900839
7.10421984577813
6.23558498646387
8.50411176697312
5.64488737389874
6.83121376165603
9.26806680285066
9.20036168330771
7.04659411844848
7.720593669127
8.39508828731893
8.29640042507742
7.39416932113698
7.88834482947563
7.12685278796035
8.0917774640747
8.078385344571
10.3415563316022
6.83822680407528
11.7977650148792
12.1124107088344
7.76137791503008
8.65338815978832
9.13402824490129
6.26215318505501
9.34228498577174
8.99854687381688
9.73434530658322
6.51460335337181
4.78222662840736
9.1711013797308
9.28711895351992
8.81908236281632
9.9496755385495
8.50481314261221
12.7635415680096
9.69419924966162
8.77717022153659
12.8336422688054
11.2610828071655
12.5855153108582
10.2047626585745
11.6126397026998
8.90667219705482
10.5655410505473
8.05220505891045
11.3171267178408
6.81087218466719
9.28712104046758
7.09440312237849
10.0467989763263
8.79264397840729
12.7233144032144
8.8383522552184
11.6778946280103
12.0885694094221
11.3581572967539
6.31553078966772
13.0314436325872
10.7084460426921
10.1237614338817
11.0398751707172
6.31768632328805
9.56923972699319
10.6933562124697
9.8845040937188
6.1424223049509
10.9135769688079
8.61040583494062
11.2993530572028
7.92533869466556
6.6581774432928
7.18677831198947
9.48526424109316
11.4118559807248
8.31983154851359
6.00074574693178
3.96384840740739
5.25090746220227
7.39718420885772
10.1986497336693
10.1127770436883
10.164798408732
5.58549124062686
7.73686248013126
5.71734506152619
4.33395146210588
8.17858377638603
9.34228024640338
11.9350286368386
8.40398567022181
8.52751449551774
9.09840737009294
8.88868333294362
8.62743448807185
5.15639585437886
9.4831745557461
6.50746984761318
8.25746479114011
12.3722386246917
5.21329550511252
5.28761519887348
9.40786256173548
5.60214534661493
7.79768814498303
7.94469400775195
8.97188515054343
5.99932382968206
6.48094257628617
7.53719158092394
6.1926815993854
7.31854039108713
5.79871977025866
7.16106809215073
9.51449557568305
9.23356585343132
9.45950820642506
8.52963932557882
12.043689807872
12.5739236879475
9.30959503724139
9.179668340449
9.94242111332969
5.84564625281357
10.046130527134
9.91560706958183
9.34133691398743
7.2191660746223
5.48678934965784
9.1696428609045
9.84734172402173
9.88311551113123
10.5267145797169
8.68198058090833
13.0224890085448
10.8616923966895
10.1892153812308
12.7648478910289
12.5983454997068
12.4615306152605
11.0312966130688
13.2288406184487
9.97518414975628
11.3755177884266
7.85313038423363
11.3891335518564
6.15198566859649
9.46524739299335
7.8219018421521
10.6264426050377
9.36613667033328
13.1158734732925
8.73794807140497
12.9500718420073
11.8151921196989
11.615091784555
5.67773764982386
12.3980689037586
10.7401831632117
8.66960971825377
10.7442229887413
5.7226413886997
7.36009102222911
10.5235264633318
9.9394556096048
5.26540741951893
10.0832165567665
8.05064834244726
10.7846765878809
5.96513573035105
5.88004798768089
6.63575423699157
10.2458775020022
12.1683574137879
9.46906938375158
5.68562595426401
3.64937437719563
6.1281253057568
6.92942581687853
10.6177390046258
9.20715389639707
9.38067342755487
7.01265574667008
5.87732352771945
6.32292430756948
6.19205208184569
8.73968960681335
7.85721976918418
12.009035719654
8.31252328043533
6.61731358260183
7.74759225493921
8.24759101479241
8.52750350884086
2.66675946070148
8.73467508445312
6.58292167490987
6.89099687365659
11.5757680288705
6.56682826885528
5.48378236277049
8.18656132569664
5.0996862454979
7.87129004846003
8.24222873289499
7.98778421981481
6.51163799280444
6.74965551265296
6.55587948730759
6.90890779351784
7.15083132778926
5.94387115877017
5.16809036805389
7.83941185857158
7.64456938428302
8.80944724756103
6.0941972522898
11.6234122619218
10.8660799109863
7.57938552152947
6.67441894687233
7.44335800702127
5.838705860841
10.1866244533896
9.32528768678218
8.07615419174857
7.16341066856178
5.43103394359733
9.23751443700797
9.37719097184186
8.78017405636446
9.35397069189239
7.66573646537254
12.2216157354182
9.83193441323085
9.86146984174264
12.2816565647408
11.8359031988027
12.6041454620675
8.92569706761001
12.4131848809004
10.2479989815689
8.80217468862072
6.1642416898237
10.8456168774497
5.73021652852669
8.5672673419524
7.65068725567941
8.80250204212751
9.38376055819457
11.966406320728
7.4586783507327
12.7140494598249
11.7799249604228
10.0088850893079
5.26127203908288
13.5235274441793
10.2764888646582
8.96786059049236
11.3841302244117
6.42723564155254
7.22140301297974
9.72371931407641
9.33318490380059
6.5509459278097
10.5345162998423
7.74264373944352
11.8386238523257
5.86719099021774
6.19886640628626
7.66431602418601
9.07059751620465
11.8575675397421
8.63719360272803
5.27749590718462
4.20738925416132
6.12854927751216
5.99717524586205
10.235274363636
9.24853000293934
10.09441381874
7.61071051685644
6.88438395221609
5.90488028874748
5.30791662899679
8.91389545671058
8.36634216286648
12.9606219556778
8.52467066621976
7.63692117972082
8.63904911969937
8.49567432372242
8.78305521306097
3.56049926548643
9.21079833406823
5.98187731906309
6.09213001964051
11.9891676051726
5.96119598577825
4.96441700164267
8.12202084651421
4.47221277626196
6.94998175385582
8.3970571872217
7.89321045795217
6.7420342754518
6.97412365928027
7.36457474665138
7.35881456237543
7.82376698912773
6.03966068489466
6.20844904717849
8.32985095895296
8.60841481618169
8.71743450694493
7.18619003598208
11.1142785739347
11.0668620810098
8.15473877977294
7.69187985966467
7.53034904708966
5.67116377883115
9.83180199937375
8.65498143922987
7.52050594065115
6.84229828634128
5.10992156137684
8.68825354938052
8.98053804558309
8.76106277383234
8.4178592508365
7.23774009725456
11.8836983181339
9.78562377766522
10.8235828661935
11.8288095905109
12.4514631739859
13.3131263352427
8.79216846718239
13.0234553040485
10.3624633055389
9.5831489230417
6.41575673016763
10.4607887378191
5.45120253338911
8.75047869765602
7.90629882310576
9.50377938527733
9.18196678748742
12.2171584626803
6.8477866837425
12.3608856309896
11.8802331991968
10.3864152012744
5.68955291583294
13.5936295931662
11.0033309749995
8.39529971914681
11.7904485307581
5.58018215108076
6.46449439330718
10.0809789638877
8.2119160739494
5.70389243733793
10.7767476030952
7.53193342894625
11.1318453032468
6.94958296788992
4.42609670371759
7.65185869259609
10.5170403398698
11.7751662010263
9.56556393528822
5.92217674632636
5.21895532125604
5.40414417167472
7.62677657109967
11.190794190805
9.42337011261329
10.6551583314107
7.32104655717029
5.91025880994842
6.83570565014113
5.54525714029544
7.86806967661923
7.86982863590846
12.4280468642824
6.99189048815523
8.17069741483161
6.54235502886058
8.49723045595947
8.09927021158165
4.35728968354889
8.39744561246858
7.61308485919948
7.59486095955404
12.4002836209406
6.21032161701905
5.83560564188847
7.88868983645221
5.65435043075346
7.21403804799262
8.82944996259286
8.50778361904512
6.89874698274065
6.87126412788414
7.12850690987202
6.69918467608998
7.8655589120438
6.54819667130149
5.95335162358255
8.83561094326762
8.89899885730387
8.98842646558178
8.02385471891683
11.9769769119203
11.058520913246
8.59620986063321
8.60407641349935
8.64028819012447
5.28877651276341
9.32782380088783
9.60792295721998
9.50620519580313
6.63709134339361
4.90471461842917
9.33694838440389
10.2717229462954
8.42134272347867
10.2258643575503
8.30100980394257
12.9540549056841
9.22353563626082
9.20567750836781
13.1423636567293
10.6784643693035
12.9674583784146
10.6103629611194
11.4816358433993
9.39122615369266
9.88240218992275
6.90886441882558
10.4179838360976
5.66420680750149
8.74526874509156
6.80691827617044
9.40173842347555
7.80450870868885
12.1415300050193
7.10317967293647
13.1314365254572
11.7355302175099
10.077576898012
5.15270937983046
13.1312000308951
10.450393740715
8.65753136200127
11.4460327541996
5.94834071063869
8.38491142341617
10.2450840234774
10.0445055658086
5.78334783247583
10.5764571338991
6.7270557004795
11.4931742445746
7.17431141120983
5.73948121835711
8.41678237788947
10.6468768034783
11.220586262379
8.19332351784797
4.79565701437286
3.44469808731409
5.88765668331564
7.85810526730506
12.0185646302536
9.72050394853804
11.4143278779474
5.02510066492245
5.27509914664635
6.4644963543628
4.93778997177589
8.15941969310482
8.95954670790937
12.6813967900688
8.49335365014927
8.25835104436577
8.6699238633252
7.61177594971467
8.17992325008235
3.28016773600223
8.07436916893705
5.74120459754159
7.95923795135462
12.5183658347257
5.21362373979303
6.23826056295569
8.59917711171799
4.81540210264627
7.74810033717063
8.87288560059142
8.29202614623668
6.88455255624599
6.50108817826523
7.37318350123655
6.3822011429271
6.48754161850058
7.04686139383683
6.46472280181077
9.061432712681
7.56876024035422
9.16610585607027
8.08146218353
13.095751360589
12.564246103536
8.0634909445538
9.53585322709935
9.65317643224594
6.25673274711487
9.42724446665112
10.4061056534045
10.1976683849227
7.53706228184973
5.80468555688527
9.06596589535439
9.90420634161521
9.11890423354494
10.5637050186112
9.62890562490553
12.4382008473644
10.1474419691893
10.6419428398523
12.2309892318072
12.0313673067018
12.7411336487408
11.4568373091405
12.4874830608518
10.3189960017916
11.0619736813613
7.58952976061136
11.0894884477806
5.4874216297396
9.66112864658165
7.61504490134728
10.3506947001625
9.05167092918261
12.5937706339134
8.97938532997295
13.884059980649
12.580567773097
11.9709207956508
4.90675042214545
13.1573631850979
10.505342798713
8.8064880851423
11.8376975638711
5.77224481007296
8.13473039599729
9.14906787608889
8.50284283599123
5.31501084089218
9.58210608125325
6.44794714680676
11.9054703595952
6.83450896889885
5.86141060964179
7.69323261510939
11.0293898951685
10.0123840085053
7.54731741520223
7.36605860577464
5.26622038770668
6.67870680145593
7.81833734287184
11.0926077981145
8.5888006097511
10.5920520532278
7.02768045080894
7.01749033800611
7.45892162296444
7.46026994642697
9.27438492703919
9.36001148132141
11.4153109472292
9.10998431814478
8.95348003086497
9.82042191868404
8.40301755692097
6.86512341542145
6.2571503864557
7.96666542363241
6.86456858605072
8.0905773411217
12.6499659403505
5.44403925998627
5.92090446723439
7.36590202566131
4.76752946986162
7.36965519083518
7.66754903539765
9.34277795676638
6.89189071587146
7.76399295211706
8.13411702316515
6.10800632728203
7.23549118906713
5.57837893651833
6.95836510464557
10.091507263364
9.42089479305176
9.37136539742462
8.30514742843317
11.7196938527241
11.0857574437265
10.2344450188522
9.09752299116044
7.39662017963155
5.99118533055383
7.79265537668032
8.65827582128854
9.22460181470183
6.40927288563258
4.67689616066814
8.84252099181231
8.59779148203982
9.36489926572284
9.98809213030293
8.72491686617282
13.1377519541359
9.35149199201506
9.83942252030115
13.1027191130715
11.247113238276
11.5984958497344
10.0083539216381
12.1454824939102
10.2152924635358
10.3778072097399
6.03000115702044
10.8701834634701
5.28889919917902
9.04461410618316
7.55662188556219
9.63167588594553
9.39049951661188
12.0344092977384
6.33553198201599
12.7034946528855
11.8590542502456
10.1840868462676
6.78148853649364
12.977091062677
10.053946474766
8.32404568448947
10.0588904810648
8.19001154944977
8.77339431204411
9.08238189749071
10.4282574942643
7.57872491179946
8.90296739027234
8.5817892095956
10.6754900350774
7.06204635114875
6.22706627837299
7.48319141994121
9.72057196603836
10.1606388474574
8.24604138920969
6.51043652001219
4.56759001589323
6.07514804638652
8.57755575181826
10.6519951826617
10.460444391376
10.4494587401252
5.47952339431465
6.3607290587305
6.3230754658791
6.45798739015001
6.76277614810066
8.78376754535539
11.8797038501834
8.53156620392818
8.60449173184278
9.16121945096727
8.14887566483127
8.32030863565392
5.60214059817552
9.04576639555093
7.18704507170315
8.24377072742637
11.9862830355618
5.11308538761435
6.67844086707499
9.06011266777934
6.82052983321505
8.5214498980439
8.27858111525721
8.98598382569202
6.7111553772273
5.30686750885102
8.23468026090206
5.59687736611327
6.73093783003252
6.51923407039374
6.63020103361016
9.83330991536751
8.86154607768253
8.97224420484873
8.68965209734802
11.9065083712759
11.4092522550303
9.89185937687503
9.34476896187189
8.47913926209254
5.17345850636631
8.68782106043385
9.60675325076421
10.5562879799116
6.6612276972827
4.95932426816754
9.56479147587744
9.23647414162497
9.47738569649435
11.3653839056662
9.26826681635308
12.1979577457989
9.90539290526093
8.78656943745818
12.0676835046708
10.6851846583199
11.8538179673186
11.2898030744188
11.6001673794296
9.16543650662133
11.5473551346872
6.57678553018168
9.59106645070908
5.20367087926048
9.03730934094481
7.35560773429518
10.5072310126747
7.91666187726476
11.3279892607147
7.33626829111714
13.2149610393183
11.4351511301156
11.4394835810056
6.05420575181331
12.0624459935169
10.478578996143
8.71223883474897
10.3542578442285
7.30362469348826
7.70673281894769
10.150886068962
10.4215885306198
6.8671655931339
8.22836889726548
9.01635470726605
10.6688920863754
7.6562782853771
6.94135729078892
6.1623754594321
9.11896297835347
11.8401228902093
9.11147680200246
5.78172366415853
4.80201380507947
5.33646309906642
7.77895894932863
10.4428389644443
8.53316521070469
10.4768395284729
6.93777189714068
5.65341478565809
6.09107775512386
6.53564503640423
8.30476701132739
8.58762114903647
11.7102864895706
8.923649571139
8.58239362963156
9.14219787008587
9.50174141964378
8.7882555280583
5.23500927996559
9.76261562010804
6.96825027529202
8.81693194151912
11.5519488054443
5.04725742246004
5.49743737064646
8.07021658191092
5.36410680980416
8.46044169958336
9.45442385884274
8.61785725515542
7.35892790419845
5.82161504979352
9.04864450565794
6.99252300185301
6.51009210707359
7.55015716174719
6.74041572430668
8.77566308813309
8.60772623757708
10.320399103396
7.87771004997725
11.7826187686287
11.4875117685345
8.84581303616061
8.53282691450111
8.63027760815182
5.88319577266289
9.80294436814071
9.61416912431759
9.5344308092457
7.44842272744188
5.71604600247743
8.7112456865456
9.14355468958748
9.63801599470375
10.7236104071819
8.01098772781172
11.975999664143
9.74475125736158
9.06598568006784
12.1664085581383
11.2709883511242
11.8553782533094
11.2455326375578
11.9096158567038
9.76471582057403
11.3398410513757
6.31721370445135
10.8759206141777
4.34959898224211
8.69092498687018
7.82806329271753
10.7890981787748
9.64267398436134
11.7673532997733
7.85405046693835
12.3144386076747
11.7548422636555
11.4709573708234
7.52629804891795
13.1724438713293
10.0015686257196
8.79858529124074
10.0567903343593
6.75805835880331
7.51274163663759
10.8265757036753
10.4278052146472
6.56614364666864
9.84266080007978
7.34142150402383
10.1689374320902
6.85466062289552
7.73808105753744
7.31352243741653
8.7066608077529
12.5849086323347
10.269315654859
7.39509599298416
5.95316078306391
5.10517889553417
7.23665619652505
9.68431999542449
10.2569396112536
10.0134386838239
7.68139043645908
6.45273848452455
5.33255878610407
7.11840946283115
8.42530608691311
8.29132753085789
11.9387476157605
8.58196329588351
7.43647588795896
8.79571071452359
9.76581069437853
9.58757922692475
4.08156833836603
10.2702289910895
6.78006476522155
8.34193256697699
12.3060625725252
6.3088064721677
7.11080969947209
9.33176563161859
6.97747913862981
9.05581932927515
9.85163515810098
9.04712988361285
7.32625097357883
5.37411463004504
8.91188442779067
7.68144462899623
7.49371236359301
7.94214552520782
6.13317309188242
7.05188868758422
9.11085182358197
10.6063217111453
6.77536882755766
10.6699825568759
10.7985901413913
7.12203863561174
7.38167993651669
7.65224815292181
5.6927162989773
10.1880505203111
8.85565015529781
8.88401994833403
7.25794325375628
5.52556652879183
8.87008257528632
9.83999951665766
8.87949702568397
10.0731995462702
7.66661194778207
11.7099933209206
9.09730048174298
9.24249906387525
12.0863311561759
11.6100376065412
12.5499526048297
10.0247883176968
12.2486651121208
9.88525489615974
10.3250116599553
6.7425298818176
10.1174016451579
5.96297131106775
9.37984661401341
7.94860236830325
10.2445014623561
9.76321305994705
11.3050911999297
7.46066055208958
11.3099105040299
11.710912129284
11.402808226161
7.47720852897573
13.586426429029
10.7936349302122
10.4119576200664
11.1314173977549
6.56987284873284
7.16607189299282
11.3979070793022
10.0884129030069
6.37795813659817
10.6019310980157
9.06519590457269
11.3200844100746
6.43311332516885
8.17357758131383
8.91985495288238
8.60954155990622
11.8170145986095
8.31957812881474
7.64122315673587
6.77595750677236
7.44148306015772
6.68282518212615
10.6894399611117
7.90589637235397
9.2522109462354
8.70391851842925
6.10731736009474
7.82989358304028
7.37921440596494
7.64253939508924
8.60485863740695
12.0678703065384
8.67367173249938
7.73181930129086
8.94040545405301
8.98947330619657
9.07745167558097
5.20381300922819
8.82086952370723
7.30467994493351
9.26025316303372
11.8609760139691
7.47357572147999
6.53229102778897
8.82176544913735
5.61224926020191
7.34606764582153
9.0707607695099
8.00712309874562
7.9178584844032
5.29354663479977
8.90150348227382
7.27231620596434
7.26130692231987
7.92996082680302
3.8350978359417
8.84313139371261
9.65401516844796
9.98318322383746
8.39592545393543
11.1070048483134
9.939450650778
9.24383840089016
8.54702154591053
6.94473077959464
5.37326754984419
9.22390959601505
8.35284840127775
8.71732686182156
5.68071361842936
3.9483368934649
7.99261872055055
9.56263424202484
8.35974023448639
8.99151242331001
7.96299374133624
11.7291141446871
9.19909600689112
8.50364881845277
11.4459974517893
11.1163425547223
12.2549490755996
9.92553597193945
11.6335020407504
9.91455715806723
9.48547712798132
5.49981098651211
10.0816522639655
2.89051679844724
9.09855909126403
6.96184697897436
8.57337108251938
9.45282695666501
11.2275043492888
7.39673752341992
12.3472674156744
11.2992560713962
10.2019543993189
6.31550522660554
13.255611597343
11.4244946778165
8.57314202795989
11.1001153921336
6.39901696191419
7.69662799633215
10.3322888758541
9.54158706066846
6.3871201852696
9.59928121150593
8.23925244681176
11.1999770538364
5.90708522897182
9.45146272219906
8.95428614487057
9.24270472111827
12.5917656428767
8.57350502777413
8.25187565241962
7.51036213112835
8.56866222344338
6.394518307835
10.565537073308
9.66093546651057
10.3922306785231
9.91603989969333
7.67519266170403
7.83551802776539
8.39011165876346
8.95187231856109
9.19937150207928
12.7472242148815
9.84906244319496
6.30255009486863
9.73787414809101
10.6110616129472
10.5311818434903
5.83995683661946
9.42984356644574
6.11438880453656
9.43675266588601
13.0335693170652
8.41770346326384
7.03053382866336
8.41983376699801
5.36536963675568
7.33998112367688
9.25550771023948
9.256412738019
9.48435235094937
6.41589067296984
9.67882092782813
8.24767446925652
8.35085434891747
8.2013994290542
6.28676252743767
9.24635328329953
10.3482942084659
10.8110522421163
8.74754938047015
10.1226319492794
10.2825619802885
9.62657180468094
8.96802167078584
5.06617828193311
6.7250700532882
9.64511447969507
7.56206443227135
7.61846749516096
6.66878336764631
4.93640664268185
9.32781684091493
8.97846732470439
7.40698785148571
7.60293325351606
7.96050042513787
11.1657189565779
8.14059901442307
8.71120971002594
11.4943901940967
11.2988106865735
12.558928434138
8.35772130817605
12.3083879391488
10.7414063241284
8.71731910711372
4.97406923084408
10.4526681161852
2.13824359567239
9.67385186383898
6.9626183316072
8.78795829469457
10.1053399536704
11.6047940036863
7.26453921021173
12.4521164963618
12.1159732990004
9.51986895039759
8.50053809437241
14.1414720306423
12.2888231442984
7.75299142143218
11.0786951735753
7.64400501448632
7.58373260841055
10.080536245753
8.78916784852023
7.71430410481056
10.633311395951
9.80712774842105
11.5495513140132
6.56319243699351
9.00503605168403
7.53915188805733
8.99871700317652
12.4563761076364
9.0285659996678
8.0588568042958
6.94743860165636
7.13635795014363
7.26715246823284
9.69960595029551
9.90694460113556
9.84113492614667
8.97104166908825
6.71703207409686
6.6312048874823
8.63597737533752
8.63698231991708
8.35168252122095
11.7073520499556
8.31576751633168
5.60342244046191
8.28924206033034
9.65318562340709
9.45915518149839
4.09051522856556
9.81541287300395
6.53115196327524
9.43904662950113
12.8098239622364
8.17289332698508
7.38701457003719
9.23151889831646
6.24435814633556
8.47893874638169
8.96230770307002
8.88698209714676
7.38590597412779
5.23361543602559
9.06768273903214
7.15942081804275
7.68232151473053
7.81632476761782
5.72108653074422
8.09876239501309
9.34315246117304
10.5975554000954
8.01315065432946
10.4722320530805
11.1554546383351
8.54219645360585
8.23362294464515
6.23657035594389
5.5207569130051
9.90495496187507
7.2240453496573
7.68542435814529
5.43797157894846
3.70559485398399
8.62933454802484
8.86570175434043
7.47695068154236
9.16265729376848
8.28615946358134
12.0008162064572
8.5623851235977
7.95131833190257
11.9215741014662
11.8546056292197
12.091766295014
8.77448446691473
12.473106146367
10.1563031255781
8.53961365712905
6.83324702295729
10.5841660068756
3.95835238700733
9.70347292495936
6.73293584141108
8.87255159877157
10.130160134484
11.9924854165712
7.26025997169693
12.021389286276
11.4227478247198
10.5683262284618
7.80657194882828
13.565586733706
11.0036609836363
9.42189341119722
10.5601291550152
7.18643712590098
7.31385319672619
10.5551626976477
9.47994098160553
7.25673621622521
10.5598554727322
10.2356432133375
11.2746331737703
5.99271555999325
8.93919792143853
8.68687708054573
8.679551534521
11.9162388998217
8.13799338838916
8.16460141376317
7.29933576379966
7.77499509373326
7.71159701848207
10.550983185591
9.68804961093927
10.0812121292518
9.16235689583585
7.3508683373797
7.58239143859581
8.51609435042895
8.52153322275498
8.8092504098063
11.5623679377761
9.16581999583074
6.75316655758301
9.27403000176339
9.27615735311059
9.75158272388849
4.67415446256791
8.74209856228025
6.1247013070077
10.1376747797688
13.1402519166766
8.08391479123835
7.23108077118582
8.86875334278619
4.86463351968292
7.3595363461143
9.28474330464303
8.99272670661413
7.95143855277031
5.84555721402054
9.69664831215522
7.79569446299165
8.03408337212142
8.14394336193616
5.93723321193482
9.24936861064936
9.67284747667721
10.7297986579776
9.73564630453704
10.744427655508
10.9713550962757
9.62657180468094
9.88430501484608
6.5283881979485
5.86046239776519
8.27004731529829
6.66137815458351
9.26402571433396
5.79860353964983
4.07725169617473
8.64972064466424
8.92061710159984
7.32631093587463
8.82169981671503
9.19231252021461
11.8604133866724
8.30127377118112
7.78675900834353
11.3982664310537
11.5051458487425
11.569166804718
9.50202901134579
11.8112330263186
9.76604329090034
9.13701718444672
5.49894049769087
10.7141356485496
2.98208514404034
9.93761335981849
6.0404615935399
8.5790283817179
9.82721849271219
11.9176286907815
7.0332143807597
12.2740233856967
11.154897503936
10.6821729985583
7.95541525175745
12.9066046834085
11.6965406620497
8.75766016550027
10.3070248529792
6.97886922248193
8.22000625335946
10.4670254499346
9.21409828390777
7.1025795087391
9.83104971440367
10.0171330335062
10.9886761976266
7.32662578432146
8.19340169014293
9.23845037385516
9.45884479994131
11.0481181667854
7.28957687030424
8.19636936977098
7.37536994739715
6.94066814499536
7.85492030872563
11.0384697846781
9.59446203975303
10.4202148646337
9.12529179443729
7.0732631040353
8.02011663537977
7.97806221934805
8.93003551117383
9.55675181449183
11.1312497089746
9.01661263940309
8.11526399415077
9.2827260152138
9.28023069619079
8.76688204640713
6.52677188117427
8.21278495478376
6.90588001269438
11.0734360359334
13.3792690502611
7.40142880633765
7.08980073946481
8.95667335831125
4.99120380874582
6.56901861850412
8.17720490713181
9.29900063264605
7.85236721850107
6.56467468499823
9.29916316581636
7.40950329574793
7.65049213699562
7.14455647575852
6.3610735886375
9.76455127494819
10.500283524472
11.0325947509621
10.3264401314255
11.1388086319425
11.4687119638003
10.1550153146802
10.4775362234006
7.97590225135293
5.85811217708266
7.20393976931029
7.28226339990999
9.63202013534664
5.76715956637715
4.03478284141269
9.00334015861405
8.83597870197258
7.6504760593834
9.25937706170741
9.45467754649553
12.462928007462
8.30824167865433
8.33065702006833
12.1380361575095
11.4722690048715
11.7436944898085
10.385731326765
12.0183481883666
10.1241362685262
9.67442009744121
6.45860638150874
11.1634657754104
3.20822813010545
9.9156251049319
6.02227596410621
8.67691085523381
9.87113938229058
12.5395437381463
8.20105538183516
11.7776195249454
11.6809310107701
10.9174343054022
6.98644380498683
12.6499598527859
11.3503238655898
8.38899081305812
10.0640662225135
7.36290517571682
8.82041095791413
10.6566863461469
9.83083255245698
6.92677172143135
9.84518756040849
9.29763702516667
10.6646200396594
7.58712706419409
7.27619144788751
9.46362563902848
10.3791158651591
10.8364527900789
7.58094157428564
7.80610485944707
7.07126573627632
7.72448702028944
7.95690349610959
12.1394794283898
9.78426639770859
10.3536057478717
8.26617406491593
6.64947898440003
8.84081039567455
8.25450144700162
9.41705420814969
10.4164945211563
10.532062827611
9.42128985390504
8.65664438960884
9.62763495618131
8.44650246051587
8.04146289083285
7.25186201052884
8.43656812584811
8.15565534508001
10.966370879969
12.5771996810925
6.91106732608299
7.59519431879343
8.67085980021848
5.49659738807443
6.49017210561926
8.41897325091618
9.40665023714781
8.04567370159654
7.45725972916603
8.5621731560408
5.89879198072887
8.08499903451277
7.39899442465027
6.45617282105211
9.66345065597201
9.93181427055785
11.0452156833138
9.61771501549276
12.2030618440772
11.3074127711503
10.034849530436
9.72987058265639
7.9322548642217
7.39488743775568
8.4580728609823
8.48199384609775
10.2704476386703
7.2238275586637
5.49145083369924
9.38603120110395
8.76151984194334
8.15528216556639
9.46513930901151
9.30287747175138
13.1032346251661
8.67388760507519
9.20695428231372
13.033651801387
11.7180268474503
11.9622761920039
10.2628822625006
12.4690932398035
10.9477967223566
7.84003784894128
7.00906906039953
11.2841872692033
3.51924667937676
8.82233874329828
6.07493610441175
6.80170753668342
10.0115650910348
12.7260800629066
7.75745705050043
12.3371370778366
12.0844035848561
9.99341161498635
7.09570342797232
13.2687580118563
10.9672998146929
8.13810867177828
10.6924982690577
8.82002283029334
9.14913854750496
9.11135824708928
9.73979481354753
8.21329157462045
9.27963533609199
9.13429551635786
11.3162407386435
7.33945517537958
5.73266284563913
7.41315649293706
8.98716473789717
10.878916936059
8.94850209485747
6.75218451864161
6.3758030853547
5.75996249292302
7.64555601551735
10.3044285685969
9.64399292757601
10.1890200298873
7.16726910707894
5.90608993013531
6.42271735959435
7.42136978110202
7.77745278235255
8.01512682201262
11.0428098268505
7.77711921642255
8.32427721866158
7.76459897473806
7.98605540552053
7.71248052248795
4.91140936807997
8.38602258235361
7.80107518318067
8.99553085075313
12.4611484410662
5.76086130206482
6.3804835430876
9.05255860461408
6.49753716802809
8.3580426134364
8.51541352997467
8.47774263082339
6.27035520636309
5.50265645316315
7.41309466655597
5.73677785168498
7.1291906252676
7.35582108840011
5.34875693929747
8.54773576701306
9.14319917238937
9.15618465668735
9.19437166438369
11.3279164055447
11.3339111085527
8.83988596221614
9.26308421410619
8.56895342325068
4.50733862098433
8.14404145521515
8.60158439491203
10.3305047358758
5.79094399156997
4.05856726660552
8.51104860690116
9.83589425025912
7.98106155612828
10.6673649570005
8.87382787800757
13.0563754173332
8.46548416777458
9.00371572801644
13.1792343323013
11.3526640833249
11.7735455737496
11.3747508096067
12.0481992723077
9.48848747440607
10.3954717721159
7.50575012930868
10.1000504811806
5.51858888863855
9.06752595895449
6.84994798601752
9.64335590752668
8.64865655721941
12.0045822375464
7.28994833583842
12.6061509059721
11.0778859447955
10.7418881329823
5.12695132906331
11.8160614580488
9.73895811318306
8.92347304345503
10.2473504867651
5.46745886933844
8.11715130035341
10.6663161822247
10.4623033494333
5.03132541505298
9.25385042635622
7.7832287030855
10.5971039639625
6.70228899076957
6.48378959616672
6.17352888615036
8.99786720659233
11.7774629585245
8.83497847343944
5.52272663884009
3.79089063484025
6.47877013543814
6.47105111944889
9.72363760476969
9.20715389639707
9.87178194089722
7.37425375757385
5.88117418113099
6.28852997894143
6.61988310405886
8.34322015412567
7.25301916397359
11.7979895093324
8.31252328043533
6.87821212341237
7.60561700056982
8.56784111126422
9.01756201179431
3.16239296107921
9.6530917919865
6.15410447360519
7.85240165177413
12.3994018211291
6.45524774769542
5.4837823627705
9.04067603079962
5.59531974587562
7.87129004846002
8.7044540837362
7.19319924316648
7.11537960129027
5.8326013912807
7.89965243576201
6.45407902298678
6.68860597694805
7.00983811809721
5.63771229920525
7.83941185857158
8.45275973774453
9.57806619127388
7.2537028483288
10.9911080229163
11.1582263736632
8.04040970512499
7.59886964855474
7.56671756321553
4.87730108272346
9.61208510496799
8.38096182193367
8.10903627114782
6.36231952307362
4.62994279810918
7.84364754115804
9.33271369547978
8.31794870552325
9.35397069189239
7.4938709059016
11.6385914210704
8.88760854838235
8.98656787000031
11.5577212997236
11.5755395699715
11.8953465631419
9.85014776929242
12.166611332816
9.52541000189653
9.89849094977407
5.56050008133787
10.4334450433861
5.27184183109704
9.35531603645455
7.01659634536727
9.55508718433899
9.24735855101432
11.8205250929047
7.31716209308807
12.4294733456335
11.1812976024013
10.4711104401491
6.68135624114302
12.9484793097612
9.79074848274546
9.13972614996329
10.5176440876415
5.67819642623967
6.30080296470887
10.5443219226066
9.26574577759029
5.80190671249683
10.0973488744213
8.20101843687318
11.2134771540763
7.71272202561618
5.27767795422492
7.41315649293706
9.36043158813376
10.3254921105717
8.38271947541789
6.75218451864161
5.81002046591512
6.15033362599306
7.91929353339389
10.6252085350451
9.64399292757601
10.4541787720158
6.6984158878815
5.90608993013531
6.70922492853063
7.81174091417206
8.16782391542259
8.37009135875544
10.4770272074109
8.16749034949258
8.69754406889818
8.1549701078081
7.42027278608095
7.14669790304837
5.28467621831657
8.95180520179319
7.94998802113546
9.26068959288162
12.4611484410662
5.19507868262523
6.3804835430876
9.05255860461408
6.49753716802809
8.65148434626431
9.08119614941425
8.81964906377237
6.7253400977773
5.84267455851057
7.97887728599555
5.17099523224539
7.58417551668181
7.81080597981432
5.73912807236751
8.89690413680348
9.14319917238937
9.61116954810156
9.56503858250237
11.6985833236634
11.7045780266714
9.18905433200656
9.63375113222487
8.84269094112722
4.88060547122093
8.59902634662937
8.9722513130307
10.7011716539945
6.16421084180657
4.43183411684212
8.77360741691173
9.83589425025912
8.35172847424697
11.0380318751192
9.22879241475039
13.3014943523773
8.71950093188883
9.29715746084435
13.4426055382103
11.6322374883696
11.3185606823354
11.7454177277254
12.3277726773524
9.87885860747612
10.6606305142444
7.79919186213658
10.4707173992993
5.51858888863855
9.06752595895449
7.24031911908756
9.90851464965517
9.03902769028945
12.2585366515244
7.53188641548303
12.8382570795576
11.343044686924
11.021461538027
5.69273394850289
12.271046349463
9.28397322176885
8.92347304345503
10.2473504867651
5.83772775402418
8.49041815059
10.2113312908105
10.8355701996699
5.22644111637388
8.68806780691664
7.7832287030855
10.5971039639625
7.5375827297091
7.54552792248613
7.38201814765175
9.92053736739485
12.1924935650084
9.2455918229038
6.7496901572971
6.66862605700045
6.09006262835626
7.32267600165695
11.4265207968385
8.50016515703231
10.1511751373239
7.78332993776568
4.37755232477556
7.41730470697814
7.52304931644551
8.43416738488423
8.62594070207396
11.7672884194552
7.58029359351922
7.68926599251749
8.46478094061227
8.75251099113685
8.08603537268585
4.80636538077086
9.48829029359575
7.78507972135528
9.77487785855708
11.6797323755338
7.43735460010939
6.0284397779168
8.30508637603828
5.6605807979287
8.28931909045815
9.68698016233913
9.19745405228549
6.62882644100276
5.34531985902851
8.56077582177868
6.78481201016483
6.61552030546488
8.13874757891304
5.18995620888496
8.00447096197763
8.40368317584619
10.6023557991286
8.57020669845652
12.1472395649614
11.9092520349707
8.16780805004601
9.00729434290152
8.18409024735338
5.779540071331
9.13375987341732
8.94294692751592
10.1832647701433
6.11348478833094
4.38110806336648
8.42620250409919
8.5398696654626
8.4378159115779
10.7528249152291
9.25495613025119
12.7966538530179
8.80644033651558
8.99543130557596
12.8871443312851
11.5882412108928
12.0707204471276
10.6579729377044
12.124958050522
10.2942823762991
10.3303585614487
6.92130287196018
11.4355416765312
3.75872547406581
8.81119909965866
7.09549527271314
9.58900712927074
10.2732950918888
12.2737434706221
7.9002275387339
12.109611432106
12.0933204002166
11.47117111204
6.69217515643054
13.5802973875764
10.2594942529123
9.0810983836617
10.4302369724096
6.77456681287084
8.96354016663987
10.6415715763899
10.7203540139524
6.84486590319506
10.3679756972216
7.49937919989865
10.4631713543884
6.09180362719599
7.83095225500595
9.00990335752597
10.6173520363464
10.8337129005162
8.09447176513309
7.52401204872723
7.17055599260466
7.77832174368432
7.37228457013862
10.1607588079737
10.7241905144342
11.1720166757747
8.37465557291997
6.96261232229656
6.48341851882885
7.56572185852316
8.76983544890474
9.01646680172218
12.9324353646205
8.95069007936142
7.74107086149075
10.070214239956
9.74040064772038
9.00981616781272
5.80441970702567
9.20457762510579
6.17156260525712
9.39187651742073
13.4794623662809
8.69467185135012
7.24459617054755
8.89391871288286
5.12651872761833
6.46737603914222
8.56131368428179
9.49102544202082
8.3430489186961
6.17654647428048
9.80613309968786
7.48752852507717
8.2349678907918
6.48739903921089
7.49096494139665
9.50803169161828
9.95913178646828
11.0241093543105
9.37752186667561
10.5808591133436
11.1150885770382
9.53108623339487
10.1723348110689
7.21083337326964
5.67306140764668
7.52460165876812
6.59042463077345
9.23483819571552
5.88950547338477
4.15712874842031
8.28020384766348
8.41773303028535
6.4094446023853
8.88864517514796
9.30796503221335
11.7923290665378
6.97822491930106
9.75091217529346
10.6286272033708
10.9373753696472
12.7589739031651
9.19519850783465
12.0398716623794
10.0566847722687
8.86121645669935
6.20513190987491
9.19386341893149
4.24166518186832
9.77064525304175
6.03812178026003
8.53005350450483
8.81545729034953
11.2525067177048
5.63802728002997
11.8175718768243
11.4858525891251
9.99203518614308
7.77411640453499
13.2958752133376
12.2698150062738
9.05345632391473
11.0148158629533
6.25876270848205
8.31356878869217
9.93034284663234
8.40333329219706
6.38999619466617
9.88179340513458
9.38405851730703
10.6029459740307
6.3667315367733
8.324556684858
9.34058114950074
10.187659328069
11.086419398465
8.23644701950248
7.79893995830454
7.66416042245672
7.95373323005386
6.87528848359977
10.2552615392686
10.8027911725079
10.6784122459227
8.52356841087476
7.06732877371788
6.65883000519839
7.71463469647794
8.27623101905268
9.15844205609157
13.1608483482868
9.31096589492832
7.84257162944242
10.2121894943254
9.88237590208976
9.28967352008964
6.25721940703105
9.41909549817778
6.6243623052625
9.87035536101521
13.6147698274225
8.87008333771966
7.39350900850234
9.08168832883754
5.5793184276237
6.76915153509604
8.61069121115852
9.51120748276339
8.83665334854815
5.7203551175883
10.1084928960163
6.99392409522511
8.55054509829125
6.98100346906294
6.9973605115446
9.70204896086735
10.146901402423
11.2280325268033
9.93335672748033
10.6724730677676
11.2067025314622
9.75733194681546
10.3704443719253
6.86705171138684
5.777777859068
7.87619472174519
6.69514108219477
9.30916509579392
5.5379124104077
3.80553568544323
8.59372298175033
8.41773303028535
6.4094446023853
8.98396400863739
9.44994028658273
11.9926427952927
7.29174405338791
9.2947208186013
10.9059099188818
11.1809525632849
13.0362566186761
9.25245210232038
12.3171543778904
10.3339674877797
9.1690541776274
6.80684444783508
9.43388733149442
3.74806075201626
10.0479279685527
6.18009703462943
8.67202875887422
9.09274000586053
11.4960839113424
6.23973981799013
12.0611490704619
11.7631353046361
10.0626471807588
7.97916709110386
13.5731579288486
12.3613268964686
9.3406474810368
11.1229239710614
6.40767554643683
8.41177907127366
10.1004617151243
8.57876639774653
6.53890903262095
9.98209011214843
9.8625373609015
10.8182488253877
7.23253991860059
6.5636031689971
8.76632274039634
10.0977868888523
12.9184271109797
10.1341449271522
6.86494234474333
6.20616367689385
5.27309521239896
7.30973946125304
10.8729498266911
10.9601468744977
10.3938887211405
5.27094346504848
6.43701361426131
5.03824975212768
5.28058991398499
8.29929374466628
8.61909653435711
13.3201370994946
9.36671270597697
7.66873369682987
9.60471290340729
9.51139980757739
9.18840297742254
3.19370965012887
9.19435397981538
6.58142156169258
7.4806456243309
12.7031374131339
5.59307681719677
6.14178276534241
8.78236601036981
5.96858127000515
9.58521346109948
10.8655184036968
9.44452239248361
8.12113509828245
6.62067848824555
9.06707867575876
7.52595619332437
7.99775249646227
8.9628858093096
6.07992424419891
7.83787095317217
7.61670682077816
10.7646194146329
6.89643556684091
11.9669780412287
11.6333602749029
6.76391529767763
8.48643367331202
8.78577137721134
7.10825061678368
10.5345243999346
10.0083051780935
9.86574649851706
8.46481153004399
6.73243480507954
10.320653236116
10.4205962769529
9.43669265738856
10.1662623416329
9.26753851584182
12.134047217461
10.3012451963401
10.5553165564094
12.3665043249217
11.93408143877
13.732825024678
10.5338163232861
12.5070868302867
11.2148358135849
10.7269948181564
8.07432042893378
10.5345304034383
7.03008660516563
9.94878507481089
9.13888627337972
10.9566105289348
9.86992616990334
11.7230579097268
8.68113409930587
12.6016456038764
12.8822746186131
12.2535583533021
7.00703144176235
14.7593304712488
11.8051585041892
10.9246590688766
12.638427812018
5.8196580796516
7.96785750127985
10.7831776753472
8.98712855726532
5.51188989526252
11.1213165826391
7.73941642760973
12.5262683206857
5.27132622910773
8.02871278393688
7.57276276919194
9.91208371904796
11.1195894511066
7.06921745120794
6.25930305346628
6.04684845336555
7.86860844334002
7.8799042477693
11.1299624083737
8.75645376987363
10.8060817587448
8.46979437300786
6.35962840988042
7.9630686368659
8.17764907033407
8.82772387193967
8.57200866546751
12.1683214867195
8.64993308905897
6.26876491784221
9.04725059541561
8.89724452468667
8.37228528493869
5.37727882475622
8.03817404179198
5.93160315576149
8.72624969082402
13.1515256662422
6.85221876758327
6.87944261772918
7.74009144983009
4.96646626644422
6.41770658723344
7.60469845659622
7.48199444334241
7.74652372170765
7.27051884996258
8.22105535611711
7.47364477271046
6.12991466632484
6.90532599665313
6.54816963444193
8.74229051560163
8.25681225062508
9.56913643837744
8.15101598421193
11.2448121399008
10.9523947597238
8.88522827108978
8.42964404701657
5.84936982350732
6.52471996680176
7.5302845416764
7.29818860003708
7.84715887459034
5.60793325127938
3.87555652631494
7.93174098469784
7.54429286167627
7.13273563032674
8.07107699961803
8.2243784367035
11.2573463578737
7.97397385778303
8.86738323021645
10.8372849724066
11.0498872301229
12.1334009468127
8.5629026987507
11.5309365908201
10.0524113681208
8.65978392902611
5.72989071031765
10.1543824232274
4.62655414444992
9.70551747276514
6.26802081238703
8.33152729932771
9.14012909619169
11.3955820259569
6.93864127071594
12.5198723537779
11.6080816673806
9.655627607585
7.17245704251739
13.2614180378857
11.0316584423867
8.17530400362034
11.0195223416845
7.31897123101367
7.43348324027529
9.40367474875217
7.70606837375138
7.44257579570163
9.59499019903467
9.48522077307543
11.3004289226543
6.82516061443089
6.50790023399762
7.43908066177447
10.5821830095148
11.7415384551967
9.83416494774704
6.03843638319422
4.74554591919507
4.75602381488625
8.53275138061682
11.0200113460687
10.8101710424423
11.0799708403107
4.19373623369672
7.34900698435379
5.55052026933359
3.83906781478987
6.54177401066052
9.53108990444959
13.5330687422006
8.49781802934628
8.76517342914018
9.20284445792459
9.52146800677652
9.01388826886627
4.56083352714064
9.01883155918399
6.54514653044514
6.96035733174629
12.5282945646537
5.24675944379773
6.70424681993202
8.37728066981523
6.06767232589073
8.30169382548309
8.98314514010891
9.54518055337973
7.70287211103422
6.42471451998528
9.02776604979922
6.16512062236582
7.76005011523468
7.04004270076962
7.17212873486741
9.94998780269266
8.37148538492316
9.78238930433143
7.67592379089715
12.6845963812638
12.3329269482354
8.92047829259803
9.26592189736826
9.23553939646263
6.75455028620475
10.4528354369799
10.6034226249506
10.233905058075
8.02627186554224
6.2938951405778
10.4340596405382
10.1166906021075
10.0583089945329
11.5019386224822
9.65210476731829
13.0089703885059
10.9206339512551
9.38454732959612
12.8044036444071
11.053281920858
13.3415690191477
11.5756155695947
11.8403891245422
9.31663192631194
11.8800967830642
8.15930872715903
10.6997785218331
6.53019893155597
10.0490237785593
7.24359577622509
11.1300122256683
8.07658079159022
12.2684354252239
8.44051796870855
14.1533318743775
12.3265863440823
11.5574554539555
6.92225662370028
13.4929952998354
11.1108799584776
10.2713647290784
11.956461535304
6.47136471182987
7.63007553898671
9.6693552427985
9.20727895286799
6.16456835567698
9.94661787352045
8.189184446861
11.6205902811093
7.27775851143747
6.8771816234424
7.12224641676406
9.49244911161142
11.6259722910297
9.46674912956254
5.96901384868018
5.45370260435482
6.00392657461351
6.70321394488563
10.758280091239
9.89953612453237
9.50979895596081
7.14457765303487
6.4445166834705
7.72287373074327
5.08697057451712
7.08993339412763
9.15877211772255
12.2737259779214
6.99164466130847
8.34234879362298
7.33715254320307
8.29813051823813
9.36405633795648
5.51890891655655
9.92188327429842
7.84359804393055
7.80595994127072
11.3405279641094
6.9568875543662
5.46369460609149
9.31558167414356
6.4366474298495
7.17799467709087
8.0813103546539
8.35617035163991
6.79368310453825
6.80251084605133
7.12112187525236
5.29315358283474
7.99811852411867
6.82374868424694
5.41049111056314
9.06556085463588
9.1487270162992
9.05453828285972
7.62946131661615
12.3447540486255
11.8164191422241
9.28346116479355
7.8930616286171
8.45663671536047
6.18654465492312
10.2365546479728
9.98003458595481
9.03238004694981
7.23280528148828
5.50042855652384
8.90674759518218
8.76537797187117
9.48017365752204
10.1568245267765
7.92426871812702
13.3861861304561
9.95142729507599
9.71776460158008
13.0690642840272
11.8311608979851
13.3945009647894
9.96262745917818
12.4323743225965
9.38993695029272
10.0029921857951
7.14441635455251
10.4198937225797
5.50701541919376
8.07171360531063
7.07819718665577
8.91289141492
7.9151839012295
13.0689716893403
7.07291653212076
13.2400229946672
11.9786963369108
10.4053993286508
5.24608493019238
13.1722335878832
10.994969972308
8.90818912224384
11.7842190257523
5.92595899034456
6.53002070389021
10.6415376520831
9.90246466122297
5.76096611218171
10.3261688318814
8.08132851678649
11.5019022363002
7.02182960810333
7.54697778571902
7.80537691875242
10.3166266523461
12.5215950315739
10.1275947713034
6.78983909714783
5.87971973830536
4.5555542472859
6.88051897092443
10.2991417566893
10.4150255455377
8.83118966716653
5.84587796453754
7.57088096920475
4.82753944163041
4.10082359803073
8.93080013981629
9.57296476720759
12.6477986913687
9.11010372597571
7.5273869380765
9.22338096325692
9.73119112420438
9.51446191464198
3.55103883496579
9.05583181144102
6.90023998029795
6.95904421262208
12.194122929186
5.4564825612256
5.31757076740841
8.37004492497589
4.68099627336711
8.39235461467557
8.86392357089568
9.18942002279514
7.45036987762088
7.08840974480571
7.52939455982296
7.31524588282709
8.48847258704419
6.78754046735628
5.98592224994413
9.13646762121871
8.07507227697142
10.2797067600417
6.41302075612396
12.12062794091
11.9628093762619
8.13699142503999
7.98182417149627
8.92650717704511
6.41476742652253
10.8340788706864
9.96504736951509
8.81320880514761
7.6407382817163
5.94475699898405
10.1379148273372
10.0402868499718
9.92655114912979
9.98482863474702
8.67098988917253
13.178965971532
10.9783115059962
10.6166362031607
13.2398121665511
12.8861610945736
13.607766140116
9.68805619854375
13.4947449726719
11.2125002585176
9.95177578862939
7.65954443832247
11.510237606782
6.81937629466837
9.36562879609155
9.08741888195269
9.90687712902069
10.2252902408211
12.9935577578153
8.28832910356104
12.9972837960431
12.4302126357467
10.8936719625197
6.22463332227917
14.1624274645839
11.8789680945485
10.0188624956651
11.6478322175572
6.20351439104596
7.7150490952065
10.1014980688322
9.35053675060749
5.89671803489309
11.3167012557954
7.55391110829098
12.0708912919607
7.81358170902364
7.64873549181034
7.86113747275826
8.66506252584675
11.620517761922
8.79775640719973
6.68550640972548
6.35286217319916
7.26488164103994
5.26582054744383
9.6822043260048
9.52547520672466
9.15466285139593
8.44404356041859
6.05073475127743
7.27375135177852
6.91921539028121
7.48542049011051
8.32309941053439
13.4313704298316
9.2012780037664
7.85235884160195
8.81796003415823
9.00700781339229
8.59358174809496
5.64406693978228
10.9842076500306
8.09064998453745
8.66116578445438
12.8392914266194
7.08183316514987
5.64607051080392
9.95218027981883
6.85112972613535
8.53039193747901
9.34939810100912
7.31427032082449
9.21512578880796
6.02343480718167
8.97858382494888
5.48477131354012
7.84630460882115
8.78296601767546
4.69392117459573
7.61388960265537
9.76736238466559
10.5240771532085
8.60082565893527
10.8284762668887
11.0943722868502
8.66448213735725
7.78217785247973
7.16443975237061
5.79419091925305
9.69951583785442
8.9318699060448
7.91175754035397
5.83853844759102
4.10616172262656
9.32400321789136
8.81099469801278
8.60056362600137
8.87806968742104
7.69853533925175
11.6484665536137
9.89877904416605
10.3585989458783
11.9414558421545
12.0525240695965
13.6461983412924
9.7028789398024
12.5142804163786
11.2436245891368
10.9894938138859
7.28157004731752
9.65011043949112
5.49084178745883
9.65356612061559
8.77773142987785
10.6993296951733
9.16060350876458
11.9683887989953
8.43234660247774
12.5159285205879
12.6663841453232
10.8311199112918
7.43781470699564
14.536110019312
10.8502822277454
9.71574213249939
11.7133976456384
6.02839162940645
5.76109909399874
11.9466254456991
9.26066437206929
6.14183077548931
10.5527453986714
8.64828342021132
11.7486510767608
7.37183106037167
7.61177971490779
7.3824065024537
9.78563065480565
12.1360901470645
8.61531647505861
6.68145600768239
6.97110919516587
6.58112485846738
8.35294084783235
11.5141939245995
9.23249865075706
10.7003397355011
8.87609728189572
6.14193372943442
8.01647504519737
8.6119439602996
9.35771566215517
9.53863909757861
11.4332138887496
8.37300342575624
7.1091718213992
8.81330994973624
9.19718880574562
9.04737401322268
5.90157010656696
9.13823325990584
6.80333696994671
9.59846606580864
12.3269626500151
6.48393071327759
6.58931489430347
7.12115018314979
4.95870048512081
8.23864039058351
8.90619598474982
9.23962197439401
6.42199920884732
7.28826525431142
8.73138642784143
6.71657786055012
7.8517302276822
7.45956534059201
6.63218333349225
9.28368786735469
8.88555104468263
10.8358685372486
8.76228776489871
11.9011418945785
11.9071365975865
9.50368329682142
9.19937540934372
7.27967698811683
6.56615928152215
8.92297489840265
8.57291903343101
9.67949401819185
6.29129288102331
4.55891615605886
8.95573123320183
7.17923793061914
8.3982760664974
10.2388852091434
8.74339063845743
13.1271519712267
8.73211515859532
9.32176300051977
13.0803508184621
11.6596047981974
12.3576124385025
9.50929717258578
12.4549487353587
10.6081428301317
9.90772936409932
6.29929104120315
11.2110729279762
3.96333262563145
8.55620925568925
7.36941342562635
9.17990397835571
9.9473732079729
12.5926889836118
6.5261165899997
12.15717246698
11.7983009577944
10.0936424893953
7.43643299014519
13.2605829459599
11.0533608421289
7.72727515221116
10.2000294403636
7.28738982038537
8.45197467484611
10.3121616083923
9.64699699757021
7.36264232611994
10.5259101425627
8.64316407319887
10.3275203378674
7.5862934492845
9.02501489532546
8.96426144913683
7.98704641904808
12.0842959552254
9.10313680072639
7.93171616253743
7.77814346194974
7.36368717119354
5.94089812774348
9.03526013067659
10.0143419032865
8.89370824671158
9.04450136377658
7.53001140771465
5.56804782926532
7.06979023643267
8.28909655056228
8.81542286733456
11.91862227638
9.86655842437577
8.55610702030288
9.71509765544342
9.48244873704326
9.32470207040538
5.35234460294593
10.0965575729058
7.87801730498286
9.37318087158997
12.550864594631
8.03009392158987
6.02482451949341
9.90957244315558
5.26742016827253
8.04374329474616
9.7388352561435
8.94200567566156
8.69133524592299
6.00001777376464
9.09174889884367
7.56856163929066
8.6051091587557
8.56553656180593
6.23258303257548
9.21932426556119
9.02362922700591
10.4249525662345
8.54132850615082
10.2886685006088
10.7926896615999
9.72189155504899
9.36911610089387
7.12770509060422
6.18352975143187
10.0835476375598
6.9325050329673
8.44478202633212
6.85557092596798
5.12319420100353
9.01355545751883
9.91156169684132
8.30881475006084
8.5242612544451
7.23997610498839
11.0018541190145
9.76175468571416
8.71733062817228
10.7539232912902
12.3622333381588
12.4354380039373
8.96927067100322
12.4048675964652
10.0459591847441
9.63905534371534
7.84861982439092
10.0568685024403
4.83505531793173
9.35903462955692
8.25150418537679
9.61007045684529
9.831327449235
12.2578221177029
7.07302718918712
11.7768064375099
11.782368698526
11.5478080949062
7.58161364666499
13.2214332256418
12.2872567715506
10.025088252703
10.7745412686504
6.63787586314807
7.50544308763872
11.5504088795905
9.93810508691735
6.74314256812448
10.3120146182263
9.19972114359047
11.1818021248533
6.72138941396365
7.81026796734179
6.74336565072029
10.3224237151658
11.8838731110713
8.19690721913133
6.04241515594896
7.30738898520973
6.98566653276242
9.21536488605196
11.5837613925139
8.49185585975535
11.470928146101
9.4102340825252
5.71895639272783
8.45720973002581
9.1436085631213
10.128304072755
9.01135422669181
11.3964044870435
7.66165095796524
6.36142982242414
8.40293907911592
8.76813799932785
8.44842813965516
6.03242617465073
8.60550378336414
6.87856672490391
9.67368408345516
12.3475290531619
6.92466539810603
6.96152804398428
6.61771639431813
5.14978234267259
7.62900347402216
8.2671551330164
8.6713761949548
6.67457253463515
8.04556580849506
8.09506755584118
7.35155920824822
7.3776859441532
7.71213866637985
7.30943213739484
8.64464701562127
8.38211725585097
10.2686757280317
8.23853826631824
11.7406939010861
11.7466886040941
8.86464244508799
8.56033455761029
6.96013871931191
6.8606148821738
8.47188669321732
8.2020534757177
8.96338837102015
5.9846328964981
4.25225617153365
8.31669038146841
6.54019707888571
7.75923521476398
9.55358602894776
8.48572821994445
13.166863779498
8.12743165744431
9.98441289140831
13.0693332323212
11.6041517150816
12.1776534219432
8.81888776977505
12.2752439157887
10.4867339789091
9.29809244753797
6.71765900930675
11.0762105362169
4.73392103623132
8.44237819677683
6.94864067105833
8.76156860545375
9.82336442463233
12.4882967666609
6.9444845581033
12.1317278466719
11.6188175972284
9.42341940237942
6.88228775798573
13.0091529890719
10.4143199903954
7.14436747614384
10.2983587657925
7.68355308187452
8.59985776153198
9.62726869978804
8.98521485204692
7.76409513964428
10.4505063308768
8.62267477107189
10.2136786541454
5.51917620463155
7.63110171650705
8.22571718100116
9.91144166306984
10.8350016534975
7.79688250075166
7.79429975117718
7.0349489297029
6.91966780995055
8.06026185468081
10.1448411835367
10.3998661901099
10.8696463356101
8.17400696851172
7.86773659440825
6.44172452069718
7.72153357279017
9.04782777656338
8.66464352260421
11.959356814461
8.60349596088033
7.23563650681891
9.58392762236609
9.4296583094753
8.77313441899766
5.06003795396865
7.87526860596603
5.43587294453378
8.81702434582186
13.2462943792483
8.03592307182148
6.87710361773582
7.71939849100853
4.1692150283391
6.94563020625655
8.12312376693021
9.36014972440024
6.62251282436338
6.57862638524125
9.24541051840474
7.52491159016027
8.36775572863955
6.06834191685707
7.09597343379127
9.49308378165922
9.67351692034285
9.89838527610667
9.13860757597254
10.5957855115085
11.1048099840247
9.63602153714738
9.92015632928241
6.70606819795916
4.74624720732352
7.27899975018111
6.28369909930037
9.40931190040343
4.83597549682035
3.10359877185588
8.25929921534274
7.8642295201949
7.32880808323193
8.75563823125546
9.42087402062824
12.6467779475402
7.71996534409269
9.2080776711378
12.1304369933437
11.4030035719667
11.7722268964194
8.89001500593299
11.9237035291116
9.38938122627357
9.60137472698376
5.22257912870086
10.1456851717384
4.85897528312945
9.5627230556174
6.05578489775651
8.46032143060964
9.05108960825915
11.9234634243875
5.26206885113797
11.760315987479
10.3029459322401
9.91865506720972
7.44744445164058
12.214903177741
11.4380217172381
8.71858667579214
10.1591867975446
6.89030500814977
8.67019294811693
9.64811273651917
8.84982160704788
6.86865304618839
9.62345551515611
9.89426081683894
10.2253316446963
5.02713589921605
8.88791791324863
8.58483495484843
10.4970018745361
12.5072596858702
7.93713948775476
6.31057490084343
7.8568745032204
7.3507971223384
7.93760072559606
11.015868163707
9.80186980916606
11.7562175418123
9.28436013373911
8.36557521443596
6.19752596290211
7.81476256487905
10.9932721909317
9.29931928355678
12.7669073558745
9.00286528539844
5.30709573223011
9.87307858458975
10.4049329054763
9.24142398889765
4.28175493015713
7.18048202446356
5.11235236963902
9.77500292180536
14.502922101749
8.22755207392861
6.89645241241631
7.72642341758653
2.86030466437094
6.16515052351515
8.86683789512942
9.36077367965675
7.89735094750225
8.44674124021696
9.09102220898459
9.33564278270055
7.7794475794143
7.49202334292513
8.32116649806262
8.88835916174644
8.4319055705204
10.7771453047325
8.8446595059778
11.1396510979581
12.4070193520651
8.48916725633311
9.74553771126998
6.44072597026113
7.23468373124427
8.31367806776181
5.96336951040838
8.0256992619243
6.2871403052173
4.55476358025285
8.32091651561487
8.39996789564104
6.79384310963361
6.81521386117307
9.60719925370406
12.4559667661142
7.89527259063785
10.1512393542004
12.0793705721973
12.8774933113562
12.9373994678722
8.10454617279704
13.4142004200879
10.9069441740658
8.39093202952094
7.10911532824631
11.6198177451236
6.14100481095266
10.7646179410833
6.99652737220769
9.23873961551193
10.7290797997667
12.9713923312749
7.25045346849948
12.5094451788327
11.808593028403
10.2428199834804
7.86371813902132
14.101171136963
11.8985843164166
9.42736135786524
11.0600148639915
5.94605656601454
9.34565262847526
9.33610370311658
7.32851466151858
6.0265986237843
11.4277827964318
9.66391546324902
11.7829755031814
6.49428296462683
6.93334112205818
6.61522783203798
9.83017456823111
10.1359668880659
7.53557335628456
5.04132413523606
6.43638600837014
8.56857107158085
8.52239604470629
11.1873571298886
7.7564761016658
11.0417895959227
8.1683267193872
5.4470081810454
8.50684313406397
8.69059828563325
7.94526637709477
8.76461100618791
12.1351411214995
7.53202978853533
7.61150017196478
8.5351475600859
7.97110719348566
7.33078856478974
7.0005236796556
9.45745677836589
8.08130455657813
9.15828455176249
11.8064401647777
7.2513252978335
6.72037514833085
7.65623143673361
5.99726326367677
7.6635754330041
7.26006145114834
7.76687912099777
7.64418450981707
6.91048723063687
8.58527679280255
5.10237720577074
7.44124985069136
7.36323154025446
6.77795538816596
9.11037734119427
8.47359973916154
9.29903172704249
9.30610555587891
11.5862106035354
11.5770679829751
9.98868373818909
8.74913686191597
6.47975135444612
6.01334149291153
8.41754811962521
8.43354175961208
8.80124654896569
4.78027223744675
3.04789551248228
7.81989524701243
6.31789150985571
7.35707315461224
9.61364931963723
8.60843725949272
12.411515562289
8.6099689171937
9.45767924512545
12.0438838838384
11.1621123554537
12.2733133300631
9.68756446097689
11.9084242760781
9.82054361036355
10.1152072385611
7.59607251665664
9.36141915635913
4.22882969296035
7.7554899214096
6.60132961992312
9.04953089288856
7.89610200105376
11.8655199959516
7.21175987665721
13.2153865808087
11.3199202381943
9.38559870183789
6.72324660116487
12.7673447139803
9.95555703765913
7.25189053250386
10.1299665456141
7.61770898485479
7.5150589248991
9.50120519885577
8.68659260806247
7.74141927111197
9.05219394857678
8.89236371714046
9.73444135338232
6.94078101096414
8.30336061674592
7.99462527143907
9.95261903397987
11.7607625485421
7.68193325318012
7.06517245836238
5.96540925721548
7.65602008500615
7.32122968157665
11.1180946179118
9.60941549522385
11.0147104549986
7.71125687640312
7.41541717207712
7.52403798056287
7.59422261246367
8.8795480982865
9.60863677355842
11.4676983494973
9.40222360296831
7.43502818672746
9.38730454356312
9.92103708725451
9.0021674828522
5.86106003428245
7.96420696953785
5.75270270200204
10.2853767558217
13.4265993076365
7.40461203823777
6.69914845631576
8.64681903693405
4.67110515786166
6.9022949814572
8.21216939236238
8.75108712889374
7.40461790540966
6.79514070885192
8.62706392991123
6.42140637168104
6.4175668338487
6.71469651695066
6.96020226191385
9.43049412272106
9.57939561794836
10.7082061017994
9.49746809144539
11.6888908315649
11.953023309493
9.52964330397889
9.9345557358904
7.03170204395891
6.66033896583846
8.64856013107685
8.07632924889297
9.19665203541672
6.45757682390785
4.72520009894339
8.43064384268491
8.87664891094804
8.06420449672733
8.79022750844779
9.38376300679321
12.4000123861873
8.65287229379451
8.47292454233525
12.300015456505
11.677622380138
11.5579401336396
9.97797867213043
12.5579381585416
10.1322073693379
9.6532829057161
6.06610917499398
11.7380758643434
3.76186547071519
10.204119318736
6.10210459607555
9.12666258480517
10.1596335960947
12.4890134196772
7.83147784039214
13.0436638314737
11.7868400716599
10.5488415948615
7.56549093362568
12.9136338857764
10.4742721918746
8.57474296895267
9.99721716560975
7.56514567639763
8.57142888536655
8.98924138795358
8.57389037398533
7.21364547074705
9.9602369538623
9.66012586338421
11.2273935031732
6.84217251371139
6.40119594109097
7.16531979741624
9.54129040029292
10.4725061841966
7.93866039150442
5.3892136843206
5.7975541210028
7.79528712977108
7.77320148895591
11.153630644193
8.76409023918382
10.6619965106048
7.33411001924202
5.98361499155251
7.86916625515597
7.73119569361347
7.56547329177691
9.32635327284793
12.0829583984906
8.19869482801492
8.31801260638051
9.07382719067216
8.39893926703784
8.39792441077839
6.4899966203828
9.58795291918242
7.713765671743
8.79071132597574
11.8773450804793
6.47804135602372
6.02527532548044
7.8677656172899
5.48673620440398
8.01146498208865
8.27522893619462
8.59230741906268
7.08905908670576
6.33759306325585
8.93198581299942
5.18990585003284
7.69670056536156
6.81483802451599
6.9034499019313
10.192887226159
8.68513391971781
9.88870616058606
9.40234838328223
11.7315766965988
11.6702680213454
10.2464307972633
9.83943602772723
7.53249572450073
5.67927932222443
8.58783479985062
8.81470794414466
9.76726904097291
5.75927083572228
4.02689411075784
8.09648021126498
7.377928147871
8.41710979262753
10.5663739859041
8.87812721253795
12.4949399021819
8.78240094855055
9.09758145156039
12.0605608130439
11.0753109241285
12.3942069057789
10.630000709854
12.0293178517939
9.7694296142005
10.5377012790254
6.86488131105527
9.35229298479997
3.62568561038775
8.00603427659538
7.07493463887005
9.52313591183549
8.14664635623953
11.8133372729426
6.49083981123014
13.1632038577997
11.3586401740693
10.3382779181605
6.96636622590319
12.729538728392
11.026994470349
7.54943988466884
10.0761178861802
6.92260916200439
7.37774064638766
9.87713107441779
9.21160564194857
7.04631944826156
9.03139205264456
8.55314901995728
9.82731231894282
6.00354535723289
8.21635643026389
7.14560323094949
9.56185155103621
11.4238486545268
8.79089669566183
7.3173997982673
7.91854475399106
7.13180138798461
7.43220502050069
9.31353592970208
9.00903936287769
10.5932098507346
9.0780090274452
7.28311839815857
5.97741702047815
8.44690217635442
9.39519834609676
7.727093502004
12.2122618014887
8.31011544246527
6.2679168278511
8.64437874205074
9.23609497258358
8.31205731077333
4.32406083711262
8.72729447645534
6.90510442123018
8.9329264158644
13.4433273707493
8.46504923266546
6.83210759156444
8.48661665938717
5.5311429323314
7.43673957983027
8.32405286165478
8.7449311484641
7.25092492067044
6.80985345245156
8.35570170561459
7.81166398335006
7.90478130769792
7.52714305305507
7.14650406113843
8.28993382607716
8.56591387082953
9.05183986923225
8.68811941101618
9.70961650277035
10.9630922633691
8.47603981005272
8.96674747382081
6.09279541735091
5.54638536323611
7.97272438503187
6.03854460633472
7.81023686961349
4.93780705318717
3.20543032822271
7.34857811257841
8.51426269357203
6.66787011080729
8.18786871290275
8.80694405561027
12.3411752200296
7.5018798456251
9.18702246316641
12.3130163096696
11.9621142010904
12.1648345966455
8.54098445388789
12.6016381781167
9.72211644399439
8.89356090369365
7.60141356407961
10.2756119800646
6.38660508508415
9.9040364383436
6.7542308058872
9.45866840003266
9.4062729461858
11.8159377909922
6.51581786448494
12.1437269904273
11.0555296347054
9.90692832223367
7.33360204042964
12.8588435611459
10.6759870769642
9.68076703185802
10.1901087469001
6.91207673359173
8.44030834052005
10.2426387927236
9.25226659681011
6.99261879136149
10.2478503031741
10.1493958516756
10.4703189473369
4.55651160242143
7.42827862184009
7.33512938210659
9.99061526484358
11.566702507654
9.60530120739814
5.71019709680595
5.94129679841898
6.88498529265638
8.38295642243342
10.8278352505837
9.33360591488931
10.6172707110499
7.17856259062515
7.40013789125308
6.64970101948305
7.04880797908247
8.40656438112852
8.68595689078948
12.4074090086911
8.40934394329786
6.62582956866677
9.72296379551578
9.43272627269445
8.41150438983829
4.67357760910411
8.10914024627884
6.32724004934489
6.84478647117167
12.1833270648858
6.60020257202083
6.7762773899202
7.20705332810883
5.61295235479066
7.67476329436882
7.90724501117551
8.85971837360796
7.27914561510465
6.54488525610762
7.8759937554812
7.51306269201572
7.23961182785695
6.71237908744927
6.4166947800272
8.81879850644847
8.38637438845537
8.55286937594987
6.01730123623879
11.5885378086999
10.5874902867546
8.6240060203056
7.82671016442709
6.89285275980328
5.63611679110624
9.67388930113961
8.93057748880924
8.80087344801528
6.04709067504402
4.31471395007958
9.25229392726997
9.17142810202604
8.4640406886333
9.53393280982755
7.56639065913058
12.3271566987334
9.72029314602574
9.40091265187026
12.0925375141878
11.6392939286654
12.4340032983941
9.35623265491932
12.035108967759
9.20527970921849
10.3122058880526
6.71987717041763
10.3402673511529
5.67341720887239
9.11957895845774
7.70271062987849
9.45030675443191
9.03211859931547
11.8610927053833
7.08144120718323
12.9819036363721
11.1492205025869
10.0279730383773
6.10252651555533
12.6730922278641
10.4864710811481
9.14217072191263
11.4904049962577
6.3013510428481
8.59001251366488
9.10325472054537
9.11933496299875
6.26699055904636
9.87230807773824
8.7799185306379
11.1437353151828
5.50038144645478
7.87330957936479
8.65672680540321
10.1010173365668
12.2915637886801
9.90753269426597
5.86376739701658
7.4658046628788
6.0909019606669
7.04067272060784
10.9938332152729
9.42332189926325
10.1196693637319
7.83758409365094
6.88291463082459
5.82234661447084
6.57506755099119
9.79666513858992
9.13244375335623
12.4595979598697
8.7045696870895
6.94094595008038
9.84961221117363
9.6401554265072
7.79694245366165
4.78168571721221
8.67201804157077
7.75500192427719
8.74137481567345
12.5759550738505
7.65906133825879
6.46067091341865
8.44002033081551
5.20483750884915
7.12475657136912
8.99394641002762
8.57247052965305
7.64014506912804
7.78028497203572
7.94668606262665
8.25231453854623
7.44827469654489
7.69305214137453
6.45520554625875
7.5339013367153
8.05975610051592
10.0555360542508
5.40150558518695
11.6757590079972
10.6733259913053
7.20350178767068
7.15159232926067
8.22217829285975
6.8882556221326
9.74348664301617
8.91490821511549
8.64276281597517
7.05322037144539
5.32084364648095
8.92460579792602
9.6179494899421
8.88084672767671
8.47257047032173
7.41511432253508
12.4373840082251
9.88134291073931
10.6462109711661
12.490688700426
12.5128511970437
13.4348152700315
9.46306973309333
12.7431467445204
10.5127103647697
9.39480127113121
7.74648486071607
10.9555547756174
6.81508443314992
9.32248939962093
8.41835877090288
9.27964738920824
10.2570075701402
12.0169569692091
7.96988805932577
11.5653105695736
12.3173863752792
10.6056098606632
6.32705995220152
13.8221288410878
11.0167817390624
10.4050001780537
11.9143259540968
6.53479507368366
9.04987436586536
10.1114184894173
8.94931335553392
6.52289829703907
11.218950862754
8.44056978931565
11.9866643349988
