4.9111355513843
5.48690133710637
3.37621456436843
5.87279608099385
3.46554781660761
2.26698573604048
3.93974347691777
5.29703029527178
4.24109085234338
3.40260911724301
4.43693989107414
3.76214942621576
3.60144983633813
3.71606606315005
5.32462721146785
4.49882715527416
1.54611190811639
4.76959188018634
2.7958939078245
5.18920916780815
3.02568405061606
2.23649392065037
4.93856584303313
4.29183184887212
5.8801899219684
6.49643210073931
5.15931609404431
4.14527474832516
3.27741189718614
5.62684646628805
3.55799495882394
5.08527648332315
3.52053128404321
5.89035430398722
4.41877867593637
4.32478195399003
5.71583669554352
3.17727444194279
3.4993495895858
2.34017459740259
3.87978003716609
4.24838476650972
2.77094942784652
4.2230368792665
4.7609016087722
5.26609577718403
3.44269201647099
3.20803744854162
4.89477946789097
3.59638179225075
3.01191718602707
5.8286673691901
4.96080451805109
6.6068264549097
5.39684270509014
5.51580109461768
5.09747490847489
6.64794266333359
6.16598512181869
2.50553185331832
4.19227387266768
4.7609016087722
4.07735695216295
3.21309651835114
4.37266952905557
3.57364861823424
3.20949410102395
4.85683221017911
3.17727444194279
5.16480074053275
3.63293881275377
4.04386379205054
5.3766715636729
1.6376690021793
3.50480667791654
4.84778034354844
3.97991749240943
5.25952813266625
3.90257096195254
5.08527648332315
4.2230368792665
5.89035430398722
4.77043381309156
4.03488091761692
5.38766895978045
3.87978003716609
3.4993495895858
1.63766900217931
3.17727444194279
3.84783417215182
2.77094942784652
3.52053128404321
4.37266952905557
4.98998181384561
3.44269201647099
2.50553185331832
4.19227387266768
3.21309651835114
2.30941159080378
