8.22692378032325
8.34703196354
9.9101399450518
8.99652949888059
9.95685148534604
9.46552198906442
9.1731099092179
9.53171398067776
9.02391419757377
10.3614472040165
8.34309090709196
7.85752868845635
8.30767252551658
9.27204973409995
9.15413942386114
8.64447340091856
8.28395762965302
9.1915181928575
8.55847062965781
7.3264162476723
10.7047813427896
9.14847374265247
8.53856028708988
8.76836230658314
9.90031460469604
9.75634881608986
8.3025711774819
7.86413594270835
8.41870992064419
9.2764191474935
9.48517422885621
7.41477668545286
8.7805182764315
9.19997300932315
9.18183247630544
7.54555158318321
8.78421612777983
9.58537827382009
9.41958292902011
9.65110584073553
9.59346397251704
9.70126992918967
9.50789738789613
8.62447510283873
9.07662534371559
9.12853134445346
6.49622892866724
6.77088646748346
7.87776752966491
9.30424694873216
8.07789640082284
9.34224595124549
8.7150429002473
8.50636535671271
9.23859645247669
6.77376456070358
9.46552198906442
8.92019140673741
9.06263636028442
7.61996686517068
8.44487109221991
9.03075616364211
8.89362588214298
8.33592165793172
7.5740977322005
8.71132735834139
9.49639368088128
9.53641891974
8.4694379993725
7.47169903925235
9.53488752625753
4.5276296161964
3.25174124273423
5.16113062636369
3.96225305634442
5.87305037148951
5.00989913256993
3.93914093817656
4.98541255407801
4.89428983201373
6.39560074368814
4.69520179507301
4.00156548268944
4.18113423278743
5.15848224109821
4.88935440629342
5.37809548873815
5.37705724133782
4.5341270094404
4.4829618237718
3.21910889822905
6.06088699597161
4.31724156531968
4.69997250278685
3.84502330434722
5.70281820927207
5.42382856027226
3.49543399622718
4.43882119935314
3.70481160318391
4.56877462929244
4.63308625197453
5.6923395115563
4.55892685166273
4.74732491453451
4.8372233239617
5.72254100537554
6.02518958918766
5.71154788002971
4.78062280391211
5.27940791876294
4.8116749629226
5.249047584725
3.81225311752268
4.45602236327506
4.69373349440759
4.60418606463051
4.71816813562666
5.89627067799339
5.13359400533392
4.78398329196378
4.64746334052623
4.96682505747956
6.6182936188674
4.93023685592627
3.93896451570107
5.92138130614288
4.00196406918205
5.28465596890538
5.3437807182833
6.50448877278404
3.59285342266995
4.80849541578777
5.20380795125705
3.87601190980548
7.21358563836571
3.00097198340791
5.48666384129247
4.18449755962925
7.72763888538801
5.5639222508685
4.20010002983747
5.37026879368171
5.0247057526505
4.33784105034393
4.22998343124962
4.40227308821967
4.6005216065827
5.01659312573246
3.84575897735013
7.29861133090301
4.5529027974502
4.61808864210656
4.75738766918259
6.49964461724247
5.58012473676248
3.85642544006005
4.42466629044142
5.48353214287587
6.69040829927475
7.13119342333169
7.01604193947871
5.38506209273876
4.65008688989741
5.19900914389945
7.26953701328089
8.07926233971062
6.32184459699915
5.81278988770551
6.51836771055667
6.5078047817872
7.21051536728083
6.06019814509116
6.48292209642949
6.19211766835994
3.41527623364603
6.36420317381444
7.50868249645375
7.06050603674755
5.61771275580881
3.19571391662719
5.61132059023793
7.92177661838582
4.18449755962924
5.08041299905744
7.11223381333402
5.40629260938901
4.84449926237429
5.94486443126478
4.12245196554485
4.73091817549093
4.8614076593932
4.60269388522227
5.47815086757351
4.46103132519571
5.51169898968389
4.50053259742821
4.67003073559604
6.60449943558509
5.0739436862881
5.32227926699985
5.00322828734004
5.61242723314878
5.69833308299111
6.34941594586138
6.43792906447294
5.38086080729762
4.30683587232709
4.82580587640196
5.79766267790284
4.9501551252877
5.18485245943664
3.81611686373192
4.99367915620457
4.77764565226476
5.00631682953021
4.39869472649571
3.16137059502489
6.04996627536099
4.14242603326357
4.41149578104885
6.10389973239084
4.96760667601636
5.1267763405519
4.68166624939478
5.15624854052589
5.26358706489664
5.12497132326222
4.29854854260531
4.56175104301553
5.12391004837274
3.52239295944891
3.16701447951097
3.61463728159108
5.02366430640202
5.68234727952652
5.38948679497896
5.51305356895379
5.032257736433
5.73618538394545
5.314939125579
6.01669833599127
5.12247477188318
4.60373597254492
5.15305099828193
5.3488117458573
4.65017992572014
5.29048968224335
6.51802572775001
4.18492984554297
3.60682609204913
5.54404010693315
4.02360227520069
5.99545208854384
2.90838581293309
4.5753184700911
4.11875902961395
7.31983303892128
4.88799671599877
5.63698041379403
5.62451110770065
5.96605371200815
4.41491217385673
5.62902124927724
3.76193855653842
5.10507401168122
3.93083183576525
4.23489117710871
7.22879659158367
4.74383229555924
4.77254402877946
4.45190708167259
4.70831168648872
4.68638952267922
4.58485392630396
4.77079625575263
6.21081781773232
6.39477489757063
5.25027673596612
6.36772020280798
5.84055982755219
3.51124866328003
6.55825982038837
7.17810146526186
7.3877048925898
7.13289762167725
5.40901168287723
5.96901690443704
5.61552804398148
5.22962479904964
5.80126897273964
5.15291559488247
6.37547339800145
5.01673005644172
6.693736332824
7.10596275313449
7.61310685607687
4.82300385078423
5.36971676267981
4.19516067356327
7.8884020679322
3.35192511199106
5.43445158365341
6.64990265091578
6.62670318723382
4.16992885151429
5.06083532269446
5.32933419880829
4.18464078443404
3.77299999925446
5.4503210478331
4.53292737651974
5.59771079231281
3.39862244421703
4.2975153550964
4.39456733676799
6.6720914410606
4.09147522856725
4.41383411101413
5.7928931824662
5.47746817294356
4.97655602555484
5.42272213104667
4.91862393522632
4.77800152236325
3.76370028201914
2.42361466551376
6.57228121424916
3.59663515352541
5.12559975177572
3.5926629383074
5.02699233506941
4.94125473037901
3.42769491321525
4.01638128892044
4.52789100667844
6.55233779159879
5.19585449459862
4.75036801036575
4.87018622060255
3.33692858483801
5.63416145747827
6.91630956229048
6.29074664477566
5.62955380899305
4.53036642380884
5.60588816927239
6.12520445364384
5.82185229338727
5.12732993577357
4.2721603714955
5.12992131637918
4.54629897442913
5.00915125797454
5.88222942971856
6.64841996835729
4.95275000546175
5.25744817528312
4.66518683126016
6.90600020238707
4.01401734830592
4.72611551269679
5.50529688948756
5.6818017058607
4.59123949232628
4.80932441578663
4.8056162759901
3.6501922841522
5.01014868137759
5.36268337306581
5.97646397254187
5.86262408543662
4.79652963973354
4.40175906496744
3.95013121979719
5.92528255989743
3.11266948842032
4.16514868943274
5.00728552926371
5.36272995666814
4.58706587422374
6.14454677704791
3.66344834347799
3.74562137507937
3.99887457958705
3.44674163011811
6.7734786777586
5.1670418571647
4.45622476211909
4.05044878543174
4.27414376854449
5.11134185460524
4.07590637006886
3.88139451188299
4.55709178493585
5.27102620583658
4.78101672826918
6.90023402507093
3.54294831888038
4.81823352642827
5.43245988652218
6.51446326505881
5.45437945542067
4.85651627788097
4.5738893485014
5.6380333493638
5.5932389015903
5.70202730178663
5.39721845029463
4.88132030235765
5.79578093796126
6.28021911916341
5.67869110333763
5.94396641710596
6.11072560981504
4.67754887034497
6.1206374246655
4.4987950568964
6.67200315147547
3.7734436816695
4.5081635885891
6.11373296510923
5.77389915065613
5.48464234787474
3.99929755581611
5.05233218254802
4.91461428980033
6.86079887434449
2.69816609875818
7.25863147883594
3.43593565421814
5.44975507770007
5.97390880456399
6.42128772225418
4.37603567576195
5.78740468392494
5.47633474108321
3.48366605768874
6.8588789909201
6.60866966461958
7.60915066175463
5.77681256140201
6.07333561524754
6.00120329028949
5.21037009453993
5.67520098151284
6.51774313193961
6.01373364840655
6.22691249407648
6.09704251764767
6.73127909789943
5.45211581022782
5.49629599620009
5.8256012337049
3.56654001229538
3.36085492380985
7.39659267502911
5.33170814131797
6.26619376914983
6.82652596826042
7.20378579213531
7.20869813778141
7.07561200462298
5.91106885572919
3.21325064823272
4.61054602730338
3.56126339565668
5.54734646247422
5.61655869334795
5.42389910729092
7.55770335006553
6.43981247254991
7.32379247409019
6.46633700410775
6.29519013887533
6.90780210338001
6.02558730084581
8.23961119210934
6.19217265224496
5.29302272284706
7.14152954420766
3.19695955338254
7.10720807598703
5.82379773569755
4.52517517841908
5.49835542795825
6.34787809088282
3.74818432346294
6.97331791644274
3.37664458289259
6.06748012223305
5.83977628408366
6.25146372357052
3.73641108916614
6.06905150341446
5.52235510817624
4.43890729882352
6.68947768934568
5.39869547413599
6.87594299569204
6.53315703974948
6.58330894697568
6.46028327620576
5.5930689707545
4.67723893167147
5.55611526828256
6.03727342184118
6.59860398149839
5.70202730178662
6.30237483504689
5.33353366757672
5.62707872145914
4.93688596035783
4.12083984289288
1.79543651775793
7.81707367764976
5.18068514920564
5.92259287127905
5.92876775160806
7.71659101997131
7.09826568543816
7.37216530017825
6.38685693942936
3.96969037758694
5.3192203957972
4.39911339399743
5.36460803596538
5.4650774535327
5.28989506812358
7.42719480456411
6.37881944502738
7.32777646433622
6.26046545609283
6.68978309924473
7.15731548864178
6.28082768322513
7.18513933589952
6.87936522422523
5.14246049708947
7.00491762584184
2.50048219599239
7.80079780133126
6.32029610758066
3.52629419513058
5.46841582999787
6.79277969191342
2.74630210189259
7.55641820859231
4.000990371775
6.19156154891918
6.31780681224485
6.51955097805378
4.3756382956834
6.26357823559864
5.17715917460355
3.80682101866675
6.40844924202089
4.69565412361139
6.89012828767908
6.97282479438902
5.96731951486981
7.03457130236949
5.43077861368942
4.14910317813191
5.61786881297683
6.6874116205499
6.19792590310783
6.17133539056508
6.31972166001827
5.73171068726982
5.97256676770971
4.89972297364056
3.15928077914342
3.53255000993641
7.72004515738614
5.56477130416526
6.35195255463557
6.22407074330365
7.27210305916017
6.55199879406452
6.83828874551826
6.19227210572937
4.38295415596689
4.65360130920576
3.81572827087594
4.70156723486332
5.20151803257442
4.07032481114511
6.55451026950634
7.09567450469733
7.51822395526762
6.08009499611489
6.73758078460754
6.94678012952416
6.37243270985635
7.1551301012456
6.71359699125768
5.32712442037695
7.3359610253851
2.5593290801666
7.1900957566328
6.80721565926643
5.12930167708248
4.50548908022277
3.33230199349824
5.12107293957413
5.31609911398979
6.39233807412116
3.21175692912125
5.64235607366476
3.06189137642057
6.90361904424901
5.10071487894095
4.06032294133819
5.4761013498093
4.93620783711268
2.19719145112503
4.74468827498399
3.2865359408118
3.9770475544872
4.59942298932321
2.83467971225088
6.06589790411572
3.64161368385866
5.55546877741708
4.22628492075781
5.92084887575974
5.82853492567774
4.07674209776469
3.60239674134438
5.02771570272842
5.49746081766577
6.40310182457031
7.53658037038575
3.80815740422971
5.44826223051214
4.83920801639385
7.50227658834851
7.32989135049353
5.76995288571983
5.74743155125179
6.77177898123959
5.44180392327648
6.48626762375512
6.00744805954896
5.34753935061511
4.70558332646945
4.58391697957374
6.5247543987153
7.62534394092569
6.63845908969875
6.03573807186606
4.96573535119249
5.34524915080478
7.61055445342214
2.06392932657921
4.94958855152037
7.47329185307913
5.20034356929963
4.48470420082356
5.68190075729954
4.86395301891288
3.4018115424864
4.95028008901753
4.74569364814172
5.07381879873417
6.28379601493408
3.46588990070234
4.83659868006386
4.51803895236164
6.57347607860808
3.65600419938276
4.06610551088824
4.51984648338475
5.65675417625637
5.17434543898317
5.77654799131994
4.14458188559534
5.05682031390979
4.42528738410881
3.92114319368233
6.45123659822934
4.43001464624818
3.82968943166396
4.43142035100484
5.49527203705399
5.09716064647127
2.69746409713307
3.45654529714557
4.69143640249715
5.90260037575275
6.23499754473166
5.85515392839577
5.1842902692733
4.03947897913422
5.57344775687928
6.74730190297097
6.65239470253559
5.87258195725833
4.17618621057942
4.78801017513835
6.66346739104018
6.35267037242122
5.08805693433386
5.23992401633664
5.2499162483664
5.41024757108977
4.93573410586114
6.11127397536896
7.1130148753945
6.00182143119325
4.53510878726574
5.42402955546113
7.02662339744244
4.75480084517353
4.87838585856352
5.34570995487843
5.46007696376778
5.20860975904455
5.77455956895437
4.09433993582515
5.10781337804922
5.92438889915006
3.8675351389842
6.47189815180415
3.79595883562286
5.759266049579
5.32671675344781
5.90199723123624
4.76545810217363
5.65923647280948
5.80112162259482
2.20942905765743
6.95280215775902
5.17969115413563
6.51270488710893
6.93020602052153
6.30792322996674
6.9886647437423
6.43592236434366
5.28425193710836
5.98432862598459
6.12443726683482
5.64936516062787
5.45573775462741
5.75978995863963
4.97378333700444
4.91722674616609
4.40869572089322
5.12679253638912
3.55136181527264
6.51259586045519
6.16922429033036
6.04215499074748
5.70587705282077
5.69091698712118
6.35586932767848
6.81286269588639
6.84186332310349
3.50115975290466
4.91927371582368
4.57599790619621
3.97125934602828
6.12063955990467
5.21722693219066
7.18862352564297
6.53420421624286
7.12734785373922
4.95564739767546
5.97633327954871
6.61996703063467
6.50294420920004
6.01740797075684
6.99995287489236
4.50333493777645
7.17858049882731
4.5974406353289
7.15175158728898
6.30219287078297
