13.6579156071835
13.2030469924158
13.3112528392782
13.5275511474545
13.2507981443133
13.5245305367239
13.6770275252551
13.3126649391382
13.6963334169603
13.1209725666709
13.4034437538105
13.4029358177522
13.908782099704
13.8422783448272
13.3193656207685
13.5708253856899
12.9911813948301
13.4832043404805
13.5754538234628
13.059097249567
13.1550201145422
13.4199283857502
13.7676462935377
13.295090560973
13.7197909242874
13.295090560973
13.7103637334141
13.2921409212065
13.7132042572798
13.588710655256
13.3218861338915
13.7244193620603
13.4205101959174
13.7804115500023
14.0782716562333
13.5296590721044
13.824703966662
13.9520090311814
13.6565035073234
13.8819865267855
13.8975669949235
13.4698813110502
13.3937146229989
13.456614681987
13.2080627881645
13.588710655256
13.4199283857502
13.6552144101328
13.3997636829108
13.3919086382874
13.5281342326126
13.1935155841898
13.7234490006214
13.4080059939462
13.6559216971562
13.0752595278721
13.379168694015
13.4589292806851
13.6439993053522
13.4765036588502
13.4234598356839
13.8947264710579
14.6803913768512
14.3334877149848
14.474443951384
14.1954561442545
14.1954561442545
14.5423598061209
5.11028778430736
5.63593410265376
5.89586834824266
5.59371322144487
5.49901006152957
5.22443242224729
5.17067071626008
5.49853253561319
5.49861498955407
5.8184117241923
5.80424585641531
5.86886695398978
5.75878732605543
5.41170983677948
6.00257486446613
4.89488508415889
5.91003421601968
6.56179389223436
5.28659776930317
5.86304692006064
6.46925324378792
5.8067016069339
5.77027693887793
6.04721006033445
5.06565258843902
6.09419735629348
5.57453298800043
5.8356983316102
6.14185926510193
5.77622422122693
5.65111215375062
5.45736527358331
5.32018942926852
5.29701495410875
5.54888568109426
6.4232677319897
5.91340006554171
5.99456803362492
5.50435256954233
6.12598765061215
6.36391249687316
6.49962854517847
5.71628733585237
5.27141971820632
6.0808017202998
5.68165788435745
5.75971431097486
6.12330171050289
5.6697775658097
5.56792591246143
6.06663585252279
5.30094792394681
6.13511416073102
6.52885330955797
5.94387745124868
5.71170520796886
5.84909396760386
6.60642908810267
6.77541417727963
6.10473885934046
5.53518510070752
5.82221860960099
5.83577865533969
6.19851062468398
5.17067071626006
6.15628974347509
4.77024816310275
5.78700894427749
5.8961615872924
5.10243462902936
6.22410586058643
5.42231381760848
5.07904822443271
6.26852912701786
6.1584494990835
6.13720070781183
5.60647695788228
5.62037595519122
5.51393630943585
5.86876486967336
5.68625994233123
5.46694901347682
5.77622422122693
6.3692781289641
5.37417903229411
5.65111215375062
5.79114345947137
5.69809944970966
6.30126993877177
5.11028778430737
5.57936306680122
6.50171509225927
6.05077432677869
5.85702744661138
5.71985160229661
5.69667712713684
6.27437655212658
5.86069120995948
6.63889093657404
5.62061857415566
5.90401474257041
5.75878732605541
5.8337978233143
5.96951387161961
5.32018942926852
5.83399624023653
5.684703813716
6.40714875538978
6.32229083300508
6.52296388353093
4.94101566738289
5.96634200575049
5.34143822054021
5.69733906958039
5.60499948717217
5.9665700265775
6.50645397327887
4.98650757598628
5.12368342030103
5.91340006554169
6.2452995037208
5.41170983677949
6.26067597173984
6.5477094806333
5.08881707282711
5.42294571716474
5.76598805004417
5.87450128719033
5.77971780354552
5.20296171076703
5.03925109927286
5.47706182413295
5.81936753739791
5.93319870040777
5.94195550945577
5.73869341674157
5.71325199544114
5.30486810938677
6.14028451750659
5.00967206037436
5.69733906958039
6.69950354527481
5.28804973464791
5.84157620858038
6.22381262153669
5.73824359949462
5.99117283320759
6.04866202567919
5.18043956465449
6.04866202567919
5.79667496206909
5.81401470480971
6.14309831512645
5.66938249383422
5.65256411909537
5.45881723892806
5.1072010437795
5.61776750195259
5.55033764643902
6.64408330258986
5.91485203088646
6.21671000769356
5.37417903229411
6.08045231999785
6.3653644622179
6.60820041086214
5.50359218941308
5.05843133271729
6.01234371286053
5.66938249383422
5.73824359949462
6.07776637988859
5.95048530782566
5.78882180679109
6.02110052190854
5.58173598969226
6.24368602641468
6.51657791903475
5.94532941659345
5.49901006152957
5.85033301762837
6.60788105344744
6.72987884666537
6.03006574136937
5.40376548372031
6.05110971858218
5.81430794385945
6.1300526172447
5.12513538564581
6.43707780922053
5.05430725624269
5.76553823279723
5.85062625667811
5.08096391754911
6.54485840843024
5.53710079382392
5.21675787747316
6.22299379640359
6.02028074718373
5.85959147613896
5.74418661092275
5.73516293140669
5.44547830199657
6.00647452271383
5.68771190767599
5.44547830199657
5.66938249383422
6.15628974347509
5.59507492662377
5.65256411909536
5.90593043568681
5.56792591246143
6.52216583310143
5.08881707282713
5.58081503214598
6.22410586058643
6.05222629212344
5.85847941195614
5.65139359485731
6.01742967498066
6.27582851747134
6.08158710428914
6.6403429019188
5.84950968313684
5.85847941195614
5.62061857415566
5.83524978865907
6.04591712788164
5.25173142182925
5.76553823279723
5.47171542822696
6.39487336486656
6.30082012152484
6.38479513163118
5.22507476052283
6.18848397981914
5.210018603553
5.98139816272035
5.68140274343419
5.9542946360543
6.50790593862364
4.91804956854699
5.12513538564581
5.91485203088646
6.10713075182103
5.13410060510665
6.21514064112559
6.77660058961449
5.6697775658097
6.1300526172447
5.12513538564581
6.32229083300508
4.93952028002725
5.6210078547475
5.85062625667811
4.93643353949938
6.40714875538978
5.42231381760848
5.07904822443271
6.22299379640359
6.1129141684692
6.03035898041911
5.60647695788228
5.62037595519122
5.44547830199657
5.86876486967336
5.60182762130306
5.30094792394682
5.66938249383422
6.30082012152484
5.45736527358329
5.56792591246143
5.79114345947137
5.65256411909536
6.38445618006094
4.94101566738289
5.49617682551204
6.39487336486656
5.96634200575049
5.77259512558318
5.65139359485731
5.8797200219402
6.18319509618586
5.94387745124868
6.5477094806333
5.71180003009637
5.85847941195614
5.71325199544114
5.74261636737359
5.96951387161961
5.25173142182925
5.76553823279723
5.61624580627669
6.22410586058643
6.15628974347509
6.47742855291666
5.11028778430737
6.05077432677869
5.29590288992593
5.86661118650488
5.60499948717217
5.78352713177414
6.4232677319897
4.91804956854699
5.03925109927286
5.82221860960098
6.19976417310652
5.30486810938677
6.21514064112559
6.63889093657404
4.94101566738287
5.56747609521449
5.85033301762837
5.75971431097486
5.66493082733007
5.05843133271729
5.12513538564581
5.33282468513293
5.68165788435745
5.8184117241923
5.80424585641531
5.82333162337552
5.71325199544114
5.30486810938677
6.00257486446613
4.89488508415889
5.84157620858038
6.56179389223436
5.20341152801397
5.69733906958039
6.39458012581682
5.73824359949462
5.85346318016714
5.96402381904524
5.06565258843902
6.04866202567919
5.65896530902863
5.6697775658097
6.05875334754224
5.66938249383422
5.56792591246143
5.37417903229411
5.25173142182923
5.48005784891212
5.45770422515353
6.50637364954937
5.82221860960099
6.07900035465309
5.45881723892806
6.08045231999785
6.28072625558396
6.49962854517847
5.64782932841307
5.20296171076703
6.01234371286053
5.49861498955407
5.59371322144487
6.07776637988859
5.8356983316102
5.65111215375062
6.02110052190854
5.46694901347681
6.13511416073102
6.34581041475462
5.8606912099595
5.64324720052957
5.76598805004417
6.52324284681347
6.72987884666537
6.03006574136937
5.48964977009324
5.91340006554171
