6.4977713834321
5.48818611378882
5.94189300050048
6.25976579651755
5.96870256257701
6.87833299350641
6.36838031035575
5.73054270687562
5.54125039035714
7.04621230398625
6.24883793387568
5.65137694316581
6.03155943555802
6.55714290642741
6.35000464339588
6.36413266765092
6.22886807837573
5.4428461768893
5.37049406033794
5.52084676686375
5.71537852512959
7.35877967360159
7.82338784468151
3.34215261328782
4.1327663921859
5.04457241713376
4.42670099050275
4.58413344369422
3.02830207522256
3.46411625303212
4.69023939773604
4.74497055540332
3.89141261204814
2.89218959632083
4.67386175304304
4.02141607588405
3.10237590396515
1.99392656694265
3.73112835721366
3.31958802962203
3.3862696684732
4.10888862350183
3.22887727420693
3.80424459700003
3.92196978829717
3.53112366302982
3.78592224204655
3.2690189586412
1.64932172969131
4.22757819727531
4.1667935982105
2.66330738866388
3.1728101090861
4.27123870540862
4.12459871397412
4.90979367610179
5.13397551848372
3.68099588751939
3.45300002217989
5.35833446849637
5.415817619328
3.72278724533816
4.36302100779042
3.49768791688544
4.63568730182208
3.18418104015256
3.60084847144142
3.60453219188852
3.62265450310977
3.2583126676689
5.15960969158361
4.96096409485861
4.03938942942062
3.24988789571358
4.82603180209211
5.24117739415126
3.31369462114011
5.21578512867633
3.82200845202014
3.88731320063094
3.45975127544506
3.51852089588857
3.61121359225439
4.02884494254575
2.88222787866697
5.36755185711359
4.69263233632048
4.51563611993118
2.35274696571115
5.32457406774478
4.47484013540383
3.75619463569303
3.70219917743761
2.46024518492482
4.40314708956262
3.50583745395318
2.57757451680824
2.71112062015168
3.54246295090127
3.63250683560111
4.88116986546912
4.03267755978516
3.76535716299706
3.10302592264527
4.83819207610031
3.81488535886851
4.14581816795943
3.26774061528002
1.7099662279907
5.15342604649675
3.89546098621956
3.32785347374237
1.96084166321754
4.10085287358119
4.69497170092882
4.11964468967064
2.71970665550094
3.62107362736042
3.99455142354659
3.21668770572157
3.37911833714256
4.60778673023659
5.420301687061
2.74652305414789
5.27893411302159
4.88891126125058
4.20875349828491
4.77997398446328
4.31789576023152
4.71890652772303
3.58535806619725
3.28875900327542
2.85720843136469
4.01761898801008
4.10866087141086
3.40305316393675
3.73338873672605
4.88789223762025
2.15976658946998
4.76939789945521
5.28627000448522
4.47246020032336
4.87280266507467
