4.70557342526725
6.21434775632926
6.19919489952569
4.56186453070406
4.58946624086322
6.52776239333471
2.39159751502632
5.79001436024928
5.36572938740506
5.86034825672244
5.81449399862385
6.56572768960502
5.60232842735968
6.69996929585119
4.08807148857897
5.69935063769245
6.53594967764707
6.31585403727337
5.78861339029884
6.4705937167363
5.8973861409549
5.00089060761695
5.40847325786093
5.46506596398782
5.62777030880093
6.42175114844396
5.93321858265615
6.06761384949777
5.79101503351421
6.83890207357139
4.24711317122069
5.32831118586644
6.8899827488402
7.80392236504043
6.38777053277197
5.2201318170203
4.32303906791485
6.25238303562066
5.35510361008505
6.76285307477391
3.81364024079919
6.72234561349448
5.55348585906734
5.33793628992154
5.01217860771951
5.57143707142851
6.35441599355959
5.83852175626523
6.63723175922305
6.42388558341897
6.63723175922305
5.24139806889637
4.72031125112992
5.22488467627794
5.36170841276604
6.99193774970558
6.32514396905208
4.63804934040109
5.72669343484874
6.3748393879088
5.57092938617803
6.48854492909746
4.33528259625256
6.2899827488402
6.13067172180056
6.13236742989181
5.30317178205189
6.05109303857847
6.40970800613742
6.20903678464805
5.14751870628942
6.26819207352093
5.7415521092631
6.06078710100028
5.13074809846815
5.09185838820642
6.20461739986675
5.7419925339469
5.95850592656533
5.91253899775846
6.22175114844396
6.53885900611292
5.53074809846815
5.31279688610698
6.467244988241
4.73340021173116
5.22912085157827
5.63414091907627
6.82536854819148
3.53553306630022
5.69967511346197
4.12885997839818
5.68084960814519
6.42027963972085
5.78499429275129
6.2648080756393
6.23399467678168
6.20008290208233
3.95448495192631
6.80785618010815
6.53645736289755
4.54073464547914
3.95672877940361
5.31541531038961
4.32348992399368
5.909663358273
7.76433659529802
3.76837992026212
7.11832463885546
6.79931630382898
6.4705937167363
6.98931932542295
2.99829732444355
6.34762718627431
7.54114401132029
6.62967676879627
6.43159677299915
4.2360822655673
5.24448165484961
6.08804485247956
5.09009854345494
3.2397813098485
5.67924030123719
3.59357102411356
4.75215416385578
6.58444921882928
4.25415105839111
5.81160356345229
7.61651334155261
7.12316840036951
6.17887990076306
6.36434488878642
3.14070275465084
5.87990070766941
7.56985527471328
7.01965394004451
5.06461176680966
8.38917010012505
6.91682327195064
6.07915594436412
8.03352286668294
6.53786929027255
6.81467525235987
7.19636912537932
7.05375310016696
6.54260291097261
7.84277089509931
7.62392291833321
6.86746384223663
6.57124123883335
6.35318671048742
8.94898515467674
5.86191169577775
5.67236196778842
6.98387429863965
7.10050615231241
6.37449301829234
6.48886708255755
7.23157257158623
5.53883875975792
7.20386310494082
8.67421408355587
7.48195757450027
6.36765302877617
7.16387709457208
5.78151965998433
6.54154145388691
5.71685583307614
5.9250528505674
6.49520770865367
6.93362722279204
6.11421962757898
6.2289458427353
6.79364310870998
4.75912762778047
7.78684479953982
8.3050799851736
7.24994035223977
5.65891762406604
5.03843468582002
6.92075114161409
5.3231664763727
8.02202806877675
6.5024552442638
4.93007839011797
6.51065961264011
5.6541406854843
5.97685847254431
6.19315071097239
5.75281456082286
7.30403754697924
4.71040907358018
6.43501192855503
6.33045636635628
4.49692837481783
5.49533819771535
6.31170787721903
7.98698590325134
4.70612140032037
6.80855964311639
5.02631979910685
6.68109080577047
5.10345547424885
7.54301954155993
8.46684108263414
5.97262833104863
5.62549464145073
6.17282058274021
5.98728739681443
5.72288948382646
5.3030805778975
5.94985614664889
4.02237492713299
5.86090157755516
5.18476028281641
4.7890460679963
5.66737787250829
6.52361101553065
6.42312095427738
7.1370367432616
4.34900197471073
5.44930290248888
4.08851470441163
4.99990607554763
3.25659886268397
6.68068759917747
6.58149147351585
6.1037589096953
5.43700664432398
5.81640400386079
5.76425299625202
1.99384223385269
6.09963132895622
5.75334352073478
6.36252355278411
7.38081576534095
6.64061802234356
7.58914716604943
6.48065594127431
4.5885017668636
6.943617037448
7.03003902226323
5.30185110004757
5.32008358912196
5.47325161654598
6.85780434065857
5.3818321405822
6.91092133727237
4.38839272325209
6.43076753512308
5.86000273831845
3.53676547720374
3.92446744152772
4.68931571876989
5.57317049203797
6.03088714432474
4.76460034481707
5.81019733565849
6.06539467874437
6.22224738183809
5.66803670486024
6.90543573150504
8.19516390567082
7.17320151320523
6.59894194012418
4.36093143379828
6.73858640595838
6.36994051891952
6.86062417997131
2.99103109774506
5.24404554199371
3.87546669055353
6.00689309561584
7.07587385061301
7.02171164271786
5.98658596912595
6.34740155661959
6.87441818826606
5.93012968865962
7.01310025670982
3.5616540044352
6.75332655666737
6.25217606697436
7.73793064367149
7.09390204641485
9.06768950912985
4.8703847566435
6.56820786402635
6.78773770676912
7.12217672756666
6.77077983984573
7.74648377722359
6.88311016999346
6.16797042524583
7.9192001318965
9.21205935708294
5.64752551083563
7.19995762563804
6.76172780625081
8.63046961587117
7.89883921393157
5.62654702840131
7.50763982983623
7.45811279432749
6.56886521394039
8.01825684640891
6.82199078297358
6.0909565742034
7.21821712323024
8.71823902634883
7.50490466282622
6.69962755786458
6.92777196326048
7.60603352229895
7.50550833306911
5.79590739165503
5.18907970572853
6.31646493635082
7.37503521614036
6.7649109783201
6.31440723367747
7.38474459964933
6.12483140692082
7.36552421898704
7.26570991814974
7.02242450577257
7.3426609501228
4.1952315400576
5.76978260178868
4.70328271263418
8.34857773064614
6.36623498566506
6.20900900436832
7.37673882827886
4.80635869948198
6.4117074952527
6.38647226684121
7.61497369376607
6.6532570994564
6.12671437492301
6.8828314011712
5.17106372624493
4.05725221807729
6.92827100449595
5.97179234164466
6.28835431456005
4.3650312534453
6.9672607040287
3.29549858756693
6.46943025594095
5.71401785703834
6.52775210467517
7.76438959925044
7.03451679477978
6.02984375308606
5.39342449209335
6.82830895180818
5.56220730496718
6.71947340710869
5.13850551615871
6.39651875792657
4.85267758745872
5.09379056101353
6.688928507969
7.88856834703346
6.96974066456735
8.33030352522232
7.22602534711751
4.62314775601757
5.63543881053793
5.50189918394333
8.10927506797155
6.00292508137446
5.98935954177477
7.49693289848993
4.24219901508749
3.87486302031064
3.87973606038995
6.77856460164889
5.92380979343401
8.07820187039925
8.35364462329189
4.97199446573221
5.17534952207395
4.97199446573221
6.9140494172319
4.3937718406584
4.62330167209956
5.78326856584876
6.7715593122282
5.53459852414126
7.54558275858637
6.71363745184595
6.01504009243965
6.94274137635605
7.03458675925088
2.6897611345608
7.75733121906992
5.73156650547389
4.21290677194249
6.27996428996216
6.46049341883685
5.85919425701001
8.14053457576289
6.86366546192614
7.51279683832439
3.74889419998917
6.34825274257478
6.63966066749188
5.77407182556933
4.26755245945867
6.49775427852007
5.46920674687433
6.86393766484585
7.90954845754479
5.87250645104385
6.46330931921671
7.11956822429614
5.91828469897596
6.50251071203216
6.23235548333176
3.83071245871326
5.80271660827909
5.93254020252015
5.49563858307335
5.88158152494164
6.87198638339568
5.63453746564817
6.78284383157536
5.65137144447623
7.19221333346945
4.81407648534224
6.14030736072063
4.29471512614599
6.29999579542784
5.58523166719758
5.80505211512978
6.12019138585105
6.43060375895103
4.85820141154953
6.10023499919912
6.13472933916569
4.09645699043666
4.32217641559981
6.21480324328163
7.09486069447276
6.25157586399405
5.61873584868164
6.52424981375014
4.60668978566435
5.33821050701432
4.58026085807207
6.22804825753196
5.27982982426631
5.88544150742823
7.95420108234018
3.68469187731084
5.21374291663339
4.11247984446133
5.5599570110512
5.88386750076465
5.05562557175296
4.13700937805882
5.84910986155355
6.30275820573692
7.29950109668334
4.30039286631879
5.40807688015272
6.57248701403135
4.6370664049819
5.95264140766048
6.00995681311224
5.11197857981428
4.87009238582718
6.21215642047908
6.48755665604031
5.36478054967651
6.2789217540582
6.95076981824078
5.41003459036831
5.43416784483389
4.85566765953585
8.58101261527653
7.72498925710544
6.34318495616213
3.99344516296173
7.04052005443299
7.41110317762478
7.43463628271241
8.21475220635284
6.67540150158692
8.72021221443737
5.73326137159212
9.66125832487365
6.4525346584115
8.03946475320279
6.65633239351167
7.13775401712816
4.734818658957
6.79967781040342
6.67544723487434
7.32331217945839
8.11734715805227
6.99474489259273
6.28278302343734
6.62171189855517
8.00462089548618
6.03134514323821
6.26164525418963
7.18339817104007
5.64523474074502
7.03986299675138
7.54437358153262
7.05749668673654
6.83802348965979
7.57914142666857
5.34293241569923
6.43975881364441
6.32999740279788
6.87345986876945
6.02946859994592
5.17054122292534
7.13805906460455
6.82297295576142
6.2161435935416
5.73007518005396
4.4408896236304
6.71678144000506
7.71006481555121
5.97474356548609
5.52562023623238
5.61485812142748
4.79686092866415
7.29224038440255
5.72963906719806
6.49493331738619
7.18884824944483
8.25054448349192
6.505978761319
5.67567888568086
7.76499872955831
6.83448135566168
5.96354217827472
7.56389522845636
6.97713056952221
6.47946966333078
3.03530994003433
4.06803066009746
7.3463301169789
7.51300164938993
6.49412861729269
7.37260416384425
2.9750082437204
7.84092163603197
7.50056790113563
6.04213975825443
5.41263358606389
3.51457528007959
3.52556476827484
6.53005195981126
5.61610323338481
5.33651508217723
6.12925135847623
4.48481630467468
5.31762344160169
7.63231317042193
6.45661214514901
6.82930632862907
5.48593743082706
4.09105502232786
5.95472918672821
4.57435772302583
7.0145995828662
7.39718092052055
7.61773971221503
2.25687624677791
5.96662016100586
4.44484473659292
5.97239733066252
5.16337200109816
5.50852341330697
3.30697007962343
5.89722196082334
6.33120379516404
6.76452479580283
8.3152746108951
5.06123235092731
3.64434529728158
5.22822937342999
5.96728393562979
5.40470901144051
5.37074586639805
5.50121898332679
5.12174958202463
4.46402064698156
6.11380280569343
4.95064490360513
3.89258286615549
5.52225236752016
4.09921940074575
5.26690006341722
5.00518703383734
4.78263404349949
5.34127978484247
5.83353676168978
6.30471770411275
6.37181987878184
5.39420143109479
6.23662485316818
7.29170616083776
4.83373297886043
6.43300923027281
3.867225781762
5.97694884886512
3.74192352075207
3.79923236030129
5.91888949839346
5.18888956747619
7.06823564741944
5.85143256739214
6.10526686574999
6.40742169942368
4.7782203710149
5.28506159149316
8.27086475163404
5.8344545157315
7.05239976610413
4.38681485113402
7.89054153512201
8.21241669950216
7.07103437591059
4.52232676059124
5.91648887575504
7.54787348026926
4.32346258492093
3.98274146315497
7.34969324806128
7.57716212876427
6.00462687347029
6.19998324942753
5.80885386168571
6.10092653491512
6.10991693651017
4.16454987326367
7.59082865734909
4.88742252018597
4.8720239202121
5.93677565607642
3.82385122528451
5.8555971505032
7.14601802792874
6.3236039739569
7.73136524832165
7.17617341018815
4.27208185682241
6.96597137310429
5.12014477827484
8.22129223279902
8.76968896634418
8.1072736357385
6.41034819985719
5.9355899411068
5.66724735680421
7.15639587702707
4.91990801093728
6.48738567070167
8.2053150257636
6.17842327497729
6.6340333844311
8.57914281139688
5.94207668038103
4.50649968842286
7.03406143936127
6.56308091540728
6.80957684199911
5.35913441351692
5.35636794815299
5.95974971817962
5.13231175321244
7.07663351745895
5.42816605857517
4.30889460361964
8.09804743044632
6.85846543086169
6.05721583550616
5.17615175143221
6.35363929470823
7.36929468878062
4.62396362668083
6.16196403431987
4.83902959726997
4.96783630733105
7.88388223873763
7.05181255373626
7.28844412979401
6.99243834626031
4.79257888216765
7.22050155490913
7.02529174373288
4.85411263812028
7.90465591010641
5.67570176826579
8.6372957296164
6.97200722904301
6.80518514679542
5.64974827863222
5.05227778558093
6.05757834481043
4.33747485004084
4.77058313246627
5.7251927276783
7.7170596961482
5.91176696707013
6.69319787780541
5.47446388394662
6.51236110636708
6.25338715030594
5.91757670538493
8.14605132445124
3.96299424828273
6.57117787008857
6.00062699186527
4.18173976266924
4.22043470836909
7.46522185742089
5.14545066931592
6.51801626232382
6.81251836421879
5.75129544242844
5.90372826484479
7.4370240986002
8.26574475881635
8.41367115892345
8.67728538000745
6.49410673123512
5.26261523223314
6.98566772487541
7.78521254865034
6.39123617600632
6.93297705016217
7.84929721834287
6.69200497225313
6.80164098068398
8.67597143275363
4.53007437882977
4.72380143800997
7.27430711617778
5.92255715915926
6.25219254137469
6.4148924329489
6.81329560158908
5.07036455491819
6.16794849826239
7.87645988503019
6.47362541813455
6.0470159461318
6.93252186781872
7.33747294900304
7.35333258982956
6.98945927167789
6.34096598610577
6.45378564540331
6.56361437722598
4.26910206921698
6.53818354714644
6.4796847361574
7.7504055689537
7.1819806231886
6.43554777351869
6.89952759024892
6.55392313044207
7.06396002563286
7.89857010135875
5.83951212810173
5.23238893434761
7.04371257041428
8.95874832966074
8.41681514708257
7.21444082283271
4.37133108265599
5.61739187344116
5.75311318358936
3.37640414190123
6.27836712687375
5.79883680373068
6.77663059747051
5.43525323655277
7.98346690314472
6.02154411304119
7.93109828345831
5.52901812388783
3.15178145291521
7.65272980442637
5.24068203399564
5.13842039019228
4.45822541933808
4.36712004253027
4.35897193542245
6.73793582484573
4.65775526036162
5.86060905205631
6.26363638846109
5.25059727951327
6.60277371466679
6.40564817722985
7.84135032765061
7.78743948756073
7.63254618943147
4.55686148389418
4.42151532688612
6.38467098355532
6.08616470104739
4.99294389831469
5.40374018934017
7.04118242654048
6.27940381962566
6.08895260555393
7.59689333261343
4.40898007185371
2.98563555434615
6.74275782874885
5.65272548444891
5.62294511413701
5.32218122827976
5.50403658762736
6.86566648817008
5.28562079146241
6.27843216765681
5.70532176590337
4.74718791610366
6.76803752743398
5.7958070299504
5.56867988514342
4.55222253029281
5.02405525325462
5.23808851520566
4.3224586123737
4.94177803097213
4.46979517314327
4.91932079856941
7.21885628152477
5.92203348655259
6.34272977381868
6.25802682459915
4.34213795659439
5.86756344649345
6.50603970599296
6.04721033184835
5.1395709346476
4.3946577076752
8.35465236882402
6.45119724907356
7.57847200560611
6.65521709005648
6.85755149958722
5.05638861814282
5.88300967067543
4.51600404879562
6.46592850527921
7.34093224497918
6.40681256911581
5.83871021269584
5.1654547120584
5.47728325988214
7.25736703920287
5.41566047091264
8.81381328116984
6.96880544876977
5.84431517182752
6.0564446471872
4.83330329071443
5.93756200683248
7.33741289809599
5.86264232800061
4.8937370170528
7.5973741822294
6.39989081633651
8.14564887960432
6.81351664829648
7.90670729089333
7.37679429604722
5.23094665198612
5.40470355137553
5.65818209687379
3.61506910570717
3.61803042016489
7.46453628303757
7.25785527817367
7.40687328912561
5.6599970698724
6.27136641964999
5.07270745112369
5.81111562285034
6.67880245880891
8.43137032737178
8.06878712460121
5.68751521564244
7.87855673261812
5.58959434746724
4.70341099332609
7.58975984279098
8.14707103212301
8.01278936084133
6.95460541299393
7.69472803717758
7.55569257729924
6.36948812126367
7.12565310932473
6.08746688139161
4.45752803267284
6.5206568166509
5.52503944857441
5.16209282769088
5.71432572108476
8.44995163603772
3.40637349531587
6.11765880406623
6.27154757903106
6.88125860310564
5.93242125032008
7.07788145928479
3.14610371274239
5.51986235754606
5.47416567614963
8.84745126431328
7.32298160590211
6.9792266853162
6.81016405436698
3.60957745214563
6.24214272516116
5.90497236374947
7.05424421741399
6.72499723119949
6.34917041669504
6.36008282058618
9.24600138213198
7.36134917121606
8.53676750270242
6.66028094057165
6.91018316626984
4.47013085998795
5.29553804450138
6.94891876914595
7.86843924865188
7.86238089527397
5.06972715921516
7.81330921518374
5.23106679979238
6.95552364583305
4.3937718406584
7.20409496545003
2.29189824440671
7.38280528266
6.08416252055816
4.46551197240149
8.44006998765104
6.21791069102553
3.78942633199606
7.26808969237522
8.52404184127048
5.04664992733903
4.59058954593134
5.62383276931405
7.85609460635113
6.54553205490107
5.04949529273166
5.55165530275553
6.38041294881836
5.92391645455477
3.70786737093565
6.40970271967623
5.61394019431069
7.30280664252763
7.34590967011283
4.87075616045112
5.3750825572106
4.87075616045112
6.11705533672218
4.56299076638812
6.26139469331137
5.27760376322398
8.20780423662561
6.80572070243366
6.78711320141177
4.88551799431885
4.61490684722603
7.76557855257135
6.05984521926347
7.05193059662088
6.53191202870323
4.92255765030985
5.36043016915123
7.29934339938639
7.33862834214171
7.21752892187725
7.70645598879921
6.28227694611034
7.16483221441159
6.73276137731232
6.89176106099113
7.46492008685635
6.53620146455454
5.41360070424354
5.79462961556956
7.04756892940387
5.01546579135798
6.47279533996557
6.9980196447271
4.88012245091994
8.09845190740658
6.55221718053095
8.11950686276338
5.51407877970478
7.03654068825152
5.39746982514223
7.45347508552465
5.55105385099952
7.18443417292391
7.07756923452423
6.58983096320525
6.76682754345324
5.32137652818626
5.54963891476059
5.23682107033883
7.5820480649278
5.14817042939402
5.33479452800615
5.78619046161503
4.49282855517082
7.57926242731586
7.34108848966199
5.72956253682442
7.13533833988152
7.68696508151053
5.48790400460536
6.05408452400712
5.70823709576709
7.59072508657522
5.58171909180086
4.8976911653704
6.62453941135351
6.55704801723122
5.63235587487948
5.17847708424047
6.24207407623823
5.98330022375192
7.31722146032119
7.77592801809391
5.32278489852266
6.23677876925018
4.89499693137217
7.63763805848168
5.51230525751095
6.15171723407574
6.38469874464738
8.4512527170311
6.52578553089688
6.24035144902794
6.63517800867101
5.95967219127862
6.33826121069963
6.5837680051601
6.04508617008333
6.43827375669994
5.36714027118558
3.08963527340897
7.13663354584042
6.0111823193965
6.93147847658005
7.21167518996452
4.59380349856156
6.66413426356707
6.75258821290511
5.3184773713186
6.02132576093742
5.50704468600027
5.84874304088463
5.36529581987571
5.66096316170091
2.36087596584074
5.06303384628387
6.44422757985371
4.9443039384838
4.93490032314308
4.76671875589961
4.69602710034331
5.72129077659394
5.05613828586052
7.36716218644271
5.9678836217589
6.87434444258001
6.23913246772036
5.01599111124759
4.9287535481299
5.70484370097499
4.23225472164829
4.60010429241719
6.41632356626913
6.59941904040763
6.99624799996407
5.96219937832936
6.94857206796593
6.47298440649445
7.25161933455897
6.00476326420886
4.78862098451754
5.38578780322013
5.7051196302152
7.63565997652886
7.32389296711637
6.50306339957285
6.16746745479102
5.45735639994917
7.2256539433099
5.21810646128121
5.91585234443016
7.12121098251473
6.43839951824889
5.99642241737533
7.0693255410451
6.01087045774639
4.90490598077585
6.84469802509565
8.32975885265617
7.30711918038801
6.79712354545986
6.73659281425017
7.39821070976517
6.21200625372961
7.30834092985789
5.28204993172732
5.29489952218045
6.28868939002311
4.51818022790704
6.19212209844338
5.99760349573227
7.16265072390967
5.34749301894731
6.42656600579912
5.46613062936677
6.72377673557157
4.50605247493344
7.66018133631484
4.17613298349489
5.82876955927895
5.55384809391776
7.88931604138588
7.40266402367025
6.83557269272965
6.79900417568942
5.98102037123455
6.901938617456
7.97106472907985
5.98977858537402
8.56615314008519
7.07065410935368
6.43624608201325
5.19597480581004
5.24488308664389
6.71156169874573
5.6494404145858
6.44470181819482
5.43975374796793
6.72268476465167
6.06524076266237
6.85124172999633
8.67164039903492
6.7245698099481
5.75695564996737
6.78800812159163
6.92430562977236
6.50228557447333
7.37457755483165
5.79537077590185
4.97169584296572
6.04782596429392
4.20506917237605
5.17479032210469
7.8122439378875
7.85601292163483
7.86295862446747
5.71406875202189
5.44509363703352
6.301279714695
5.31761980157939
7.66867845242316
5.6596724576488
6.48446370405738
8.712632685046
6.19422255417119
5.45775783174346
5.37622176979326
7.19826557608984
6.66924916374832
7.54755599185584
8.10547696143792
4.26755245945867
6.66253906171397
4.26755245945867
8.46093433944801
6.17348714205175
6.73997978433237
7.35807638457204
6.23327619513615
5.70937630834974
7.29129951299462
7.49806049865412
6.83019191981036
7.2917826912114
6.45333935850499
5.62063524267642
7.06223657497029
4.87126880368066
4.37266849199393
7.47477555922096
4.50165028350274
4.55170624704096
7.72679725571874
6.9555681161067
7.38568880542027
3.96824199465024
5.30145945746532
5.62944106280875
5.44563919569776
4.39191177176643
6.2037363360121
6.29966577154698
7.38914608580836
4.58638179479631
5.75596497369188
5.88014368959249
7.10658664474445
7.06186915621824
7.16386999009621
5.98127254906523
6.29327926868359
4.8491585873521
6.74056743457177
5.42825965820545
7.38035680178256
8.22344454815531
6.37503383141205
6.12344456682199
3.01578451189565
4.92901468884828
3.30344087359197
6.48664581261905
5.22568768238607
6.14483663373236
4.84399797072405
5.60065727568925
6.19607260673866
6.42299479928745
5.25044109653666
7.52280257770524
8.0079617556806
5.82808290207008
4.57235984154454
4.5596256823635
6.52151389416586
5.34396477756077
6.67810937689014
5.23073677591152
5.69281148727542
5.15947137473378
4.30615356157514
6.89016435398951
4.41345118487908
7.54472361707565
6.57320832946285
4.75727093843243
6.6478027220437
4.95538436745725
7.52869433834109
5.19312947229984
4.28327669071684
7.22475790225067
7.97067649173863
6.90396629214268
6.32652415250398
6.2220452142675
4.69318173495068
6.30526688775751
5.29162184167218
3.54562569034557
6.93021103171321
6.04250138189346
5.99481518955472
6.91489486902989
7.19490756746767
6.81717556385541
8.35026759959794
4.20007527284208
7.49806049865411
5.72012807004474
6.59543688704489
5.75440404535941
6.23137680114136
5.8209719964637
6.10825872598735
8.34508561470531
5.61059179675704
6.62010905003263
6.03112753116057
6.28036748738334
4.84436668231366
6.26778776207729
5.36207544253559
5.89972015390736
6.50297583982207
6.04305056553822
7.08906841172849
5.8179655911789
7.09694529386002
8.94679638662389
6.50693095278459
4.27991160669221
6.71353457194013
5.8952387564103
5.45158906791225
6.38325240729407
6.99664943175835
4.75405698580221
4.47552640338685
6.06321308797568
3.8188471198257
7.73568363571081
7.53576392926905
7.94981667373088
5.63073626876764
6.86190694499319
6.95176691922618
5.14076363730103
7.04518909347217
5.75872917216121
7.40303542747786
7.73598822284539
6.35535448719137
6.39618165035017
6.81857407410175
6.7072159562536
5.10710553973497
8.08507887912804
7.319683701661
5.48407074762484
8.07717077890496
5.68218417664966
8.7641409503056
6.58171483627595
4.93630869347946
7.38671409187934
6.39440812815634
6.61428868046958
6.80941665892513
7.55633452028137
6.60704292826875
6.6845765104913
6.34255215169947
3.74581126433073
6.97890409171604
6.3744746314428
5.5752746970983
6.99840122257714
5.66963599365062
5.63207367810558
7.56348373192987
5.09027156090691
6.7717104436226
3.60899663260523
5.00045285617142
6.50310199481201
4.36717468684634
4.55110621682037
4.89053852577025
5.4300939981187
6.00047307578328
4.0019432921227
5.07803206540656
3.66485861700816
7.64007788868048
6.36027251533732
6.12210366114807
5.62602804979546
5.02484464668298
6.67459037678352
6.04923937716907
6.79841414675152
5.41793097034619
7.06410033972079
4.74681779950393
6.6078514095772
1.92464242002582
2.45395088923129
3.94265446380112
6.72557719540518
5.49232729052377
5.33421440662425
5.4832115609332
5.69350075609681
8.1265438983317
5.80137919894115
2.83018136149877
6.47244317872057
7.02318108208023
6.26109607054487
5.44962636876028
5.36075169102795
6.86452894762571
5.64980273334794
6.75645438532033
4.64629827323791
5.52186072493792
5.7662806709387
4.72466825807256
6.38439369717097
5.9796501582658
6.13868496992119
6.5973754958905
5.88683948148904
7.13821146636621
6.16473359003068
7.01975547870504
5.34899537374438
7.14305159101081
4.93757878184126
7.40542182931209
6.09713902774732
5.78603654553303
4.00676014168317
3.27855001775969
6.52825553850721
3.78628890973948
5.88007372512139
4.59852540724647
6.34904577602544
6.0979272534405
6.49825393113717
6.06622605916303
7.75824914618671
6.70630901010623
5.61470699003308
6.08096863394285
7.04805943526926
7.73289206179323
7.04029169754184
6.42089716012966
4.2059333080178
6.72436499888255
5.42044844673174
5.64363626210845
7.48086541398002
5.8550916526754
5.73252233696178
6.95775988091781
6.50310199481201
7.00249126205557
6.15252835887913
5.29004407738082
6.77827583897244
5.21313797602324
4.89725505251449
5.4761669464097
6.94476976269113
6.33837580167881
6.7663848646948
6.28774598219876
6.28627750748132
5.92145266701219
6.18864811828582
6.60274079923207
4.94139575402182
6.1392454402577
5.50954284720187
5.72714321955548
3.97393342453577
5.46271452600658
6.29502781447296
5.2807477513831
5.22948887926659
6.41304490459063
5.60080840708365
7.20590502805909
6.41148988317506
5.30348713215201
6.74507184298294
6.40473025011305
6.84005243471372
6.28466683173243
6.87198345502177
5.74060932967132
4.88899483945413
7.864813742044
4.93630590879187
6.03239757111465
5.48267601859345
6.4238246079346
6.15447864785747
5.22348059741993
5.00208615199598
5.08816735584658
6.63410616547222
4.97125694542222
4.47403507796692
6.42758538959632
5.65061385815132
5.0156832790836
6.9314746953651
4.11597599386544
4.83994342827768
4.71882096771036
5.35952593174716
4.89404109988427
3.4763098648078
5.15769886559259
6.66861206944954
4.23717584014112
6.99053557872965
4.86441464565437
6.90491549602183
5.85042832669772
6.89656868785562
7.43831439416954
5.52420042148632
3.20468278184605
7.44822556927518
6.85700702991991
5.05047679149207
5.45521751382723
6.90313994171466
5.35616079931482
6.45321753440541
5.24674659265932
8.11255246832624
6.13725646357062
5.5981971600514
6.62713645088005
5.17696912818579
5.47365766953278
6.96949693911345
6.51927992597571
6.24786222686431
7.46598313818386
5.12328649953935
6.87551429453094
5.45313995720964
7.69046787673866
7.13473993329149
7.39694779868754
4.41068602176484
6.02783881979166
4.65464487850526
5.85044809434376
5.14605747102299
7.19785220462623
7.08964779289285
5.29621374321114
5.91927568091074
6.83901461278721
6.68074769620505
5.98625142681302
7.19055819999504
7.82531315094004
6.67341677550006
5.12717291839803
3.1284718186058
5.18977802958022
7.4997487371636
7.51314996421431
7.92277825521395
5.72326325728914
8.40068042931516
6.1212113150056
5.56114470304831
5.55866641880298
6.63129667327697
5.78233531857693
4.17682606541366
6.65152859721162
4.84626235885835
6.07497945346616
7.78740863612177
5.42785285264438
7.41480179296834
5.73254521954671
3.55571011768446
5.44194254152647
5.31991057166999
2.19687317323046
7.64087980408639
3.39488675398236
8.93130346619952
6.63028308253412
5.79510814387516
5.0542917705549
6.1427573433703
8.12023169082978
7.47316014280685
4.45033692478809
5.49860925061488
3.5496055768137
5.18339456271099
5.85044727089149
6.98936961810758
2.55814620996217
6.00015000976244
6.31077784558788
6.7182228834941
7.12605050258946
8.09631837852613
7.82854541954178
6.2397716260149
5.98746956924814
7.17687992134125
5.50527993395778
4.83500403186715
6.23753539093014
7.22179222707882
5.41352538253094
5.84738805779554
5.2600776990045
6.95280388575495
8.74366985642836
6.9410640428717
6.27590240656867
5.91750174374739
7.17056917168527
7.37014847730489
6.93563588240694
6.00638316868955
5.10948531396045
4.72783413228925
7.2132686037204
6.92881128298205
7.03998784949164
4.52974360237464
6.47114347085489
7.41863504994886
7.08530652929547
5.39353060353869
4.80897956470984
7.87905118564862
7.4264705336605
8.30208070369898
6.5908614598432
6.11545251066995
8.31012397870912
6.28026837279363
7.00794412514793
5.95954394246914
7.65896319387971
6.03600053935746
6.60468658630361
7.41409603438949
6.67125698449076
6.32215711881061
6.81522623952201
8.20721423957015
7.17091539618958
6.08295071653475
7.02959919812864
9.06413938168573
5.17601329669789
8.30829862876924
6.48259001633071
6.57979100614
9.31558382778741
7.61352012167745
6.8501993518103
5.54917730770723
7.39504867117918
5.41450083224003
6.6604085779995
8.15182613787971
7.30595190105399
6.471931854266
7.92676542827646
7.34594641342689
7.22516878739555
5.93654116792746
4.40638602908543
6.29529692704579
6.46962864229659
6.32659859331313
5.60296993183743
7.1897652119167
5.5308582719347
6.64108619529946
5.88838459838403
7.86539285340866
5.21679877427064
6.09942640608679
5.46986004179655
7.52415788804518
5.9484642023051
6.00966097503334
6.09919748299493
7.19235738946139
5.53138093148874
7.25519071208705
6.17931416169387
4.32948953718449
5.45063323642436
7.38117449248849
8.54021344799106
7.70481524920406
5.62523127956039
6.74158287086298
5.71406875202189
6.94114338981537
5.74330356366954
7.88185182028921
5.3631688734231
6.44645036398419
9.200958772761
4.2699617119954
5.52120968792989
3.84217374484492
7.13486309152317
6.78672155882952
4.68246156074361
5.7139148359399
5.35736370789311
7.81142624718156
7.14201922914927
4.16214437005946
5.57319598623543
7.14325837673852
4.9926617015408
6.71985068595079
6.83924130991033
6.17093761473803
5.41268934302929
6.29549546963587
4.63354740487528
3.37467492800807
5.45925561375572
7.38044075339345
4.64537105817678
5.73891233785113
2.87484178163809
6.45263281752811
4.68158938343953
4.26739854337667
5.36595677792963
4.48367501479778
5.03703612115793
6.7235732267557
6.91690974270449
2.68256000886806
7.78456327072914
5.79275458659762
7.58929520709694
4.83411819673277
5.41684412188652
6.94367714182904
3.44071568179194
4.83442224768182
4.82475733444651
6.42322452505125
3.41437935298453
6.38413954467812
3.97023760923694
5.25852808924619
6.01031818375473
4.45607623525456
4.73932064613193
5.88241550044753
7.17814997782061
7.6114709784594
7.68477717783583
6.67666252174385
4.29575490924478
6.8112424008225
7.12145849822701
4.0577019722382
6.20068968777235
7.21128900744723
6.74407026168232
5.83910881887665
7.88826972426697
5.55355984192114
3.6187096561365
6.31148067579281
5.22342956124374
5.70383670895889
4.03053930555087
6.70217125532473
6.64004365939549
5.15198805226714
7.08875817654353
5.35010148129197
5.86277209113042
6.78299496296975
5.69065279561695
5.59563774076519
5.64478406475481
5.89974928812712
5.97694884886511
3.87007114715463
3.02199496131289
5.21349166063202
4.62740149174658
6.134822202747
5.73201625963479
5.86578992429961
4.44190110945161
4.54914307842224
6.14446162178486
6.55257666942456
6.37373275041868
5.88930227250428
5.56668875087195
7.5765936875151
7.35224472831725
6.50946464309207
7.38973426282115
7.37222370835707
3.89847119883969
4.63549545884143
4.59088816869783
6.35113859412725
8.1116740225467
6.57769336698221
5.33537170752424
3.9879900648572
6.20312723758665
6.12237602178571
6.85342335264744
8.4012069275353
4.48549691377399
6.01302707211061
5.30501697426427
4.35298914777324
5.72610989304901
6.14096265581072
6.89450640204357
6.32618800957251
7.58895743941587
6.39915707724147
8.30275195397593
7.19453616366005
8.05521729522843
7.53171577965015
6.79836223270728
6.76950696679635
6.87657692833224
5.62746171048868
5.88285802148804
7.10129406802822
8.41727411064097
7.43250514905574
5.91113293123581
6.35288544422597
7.57120274878342
5.96679469277817
5.76291017222142
8.23390623068391
7.35245414405002
4.25150332677986
7.35004428013167
6.43620205859154
3.85039180293395
7.17320515322753
8.25268393258776
7.45129962278698
6.11017929263832
7.57016032218968
7.04961797235513
7.12060523175078
5.90745845231913
5.28639483534699
4.1298883908796
6.86937141004293
5.7577896573557
5.98003274916849
7.18144606201906
7.92899791402869
6.32068864409317
4.90656300422918
5.92782168558638
6.48930389958
5.00207249416568
6.09751058778937
3.58526015085093
5.13756131038777
5.78649554097385
8.40531504777112
7.30155065742759
7.13537114351234
6.77995140082185
5.11629241992434
5.51170158726805
4.14514135883499
7.02708155072667
5.70519196184768
6.86780248684398
6.4112256809918
8.62303846792715
6.2380174564976
8.71380588034035
5.89007354854189
6.20886508214051
5.60066091571155
5.15738794308171
5.50317569701503
5.67604747291846
5.89391859651725
6.0464701845687
7.2324763077226
5.08532199045396
6.73788478866954
5.12633234510716
6.43552457178458
5.27499348083666
7.1697245135788
6.62406524376205
6.54509594204517
6.94763882069411
5.70405153634893
3.50131743145125
6.97597992905517
7.96651185279134
4.14816561671408
4.77944613029569
5.79075188831539
6.70383312746142
6.03659319526502
6.21344935954338
4.00738425359955
4.66940048151849
5.63656514033485
4.16608649240953
5.93021628376547
3.96912786166704
7.04787397688026
7.54169137350192
3.52801849108522
5.31838003139924
3.72613192011004
5.22590043248186
4.68694560173562
5.68511976212865
5.54943120720355
6.76724900033655
6.48527680352294
5.17467588735995
4.93167337990041
5.63504354297516
6.5822057187417
5.50203667403273
5.91505624141294
6.16457967394868
4.78324090246631
5.80061240321876
6.51725964064385
6.99409282904217
4.70947031134893
7.13178981305593
5.29436777758094
6.01503088304215
7.45008224945141
6.00950705895134
6.83685545775151
5.92967173511846
6.96304707785918
8.00959183420371
5.5612263877646
3.59357102411356
7.30063424463114
6.02509118819224
4.83682510739107
6.54950359385618
7.58348852724661
4.52424495758715
6.23956585030442
5.11358202641994
7.89890078422525
6.36475862032509
6.26708260752659
5.60474441867619
4.15457709598192
5.52237622373307
7.3426609501228
6.56799848017599
6.81150242834984
7.50706445383551
5.27889460846873
6.90980155653736
6.54742603723859
6.93044608283608
8.22902601332044
8.20538952402391
6.14035521971001
6.00466332616686
5.44160446201471
6.65888981968013
5.14064181320146
7.17467671100142
8.1839338729218
6.17436792560392
6.49055312094491
7.64745633812358
6.83635580513442
5.96560326049199
6.89737522952031
7.88885429313989
7.24469421553423
5.11259049480975
4.71284515444647
5.58725934188426
7.49433307934207
6.49075793201045
7.89960276158914
5.30450554698622
7.64065863541258
5.31579436534131
4.90357949805459
3.80751507903088
7.20257411331114
6.5907770439133
4.03506842913776
6.70024715141191
5.46422789371853
6.05180395984136
7.46962677896008
6.21481243615383
7.98607923300251
6.30382265958088
2.83289469686697
6.54386586010406
7.07106191144209
2.81483870809064
8.21215724412056
4.04345563716562
8.17128167229695
7.31007444275899
6.00678334664187
4.44474365827421
5.44335554847555
7.33817690913078
5.06162344383415
2.38653167300072
6.73914560592763
6.63112726396487
4.18553659883562
6.03807809597506
6.63666709907877
5.13028103335978
5.64939672876884
4.43947489946213
7.2994192090682
4.70705443120346
6.66725536914126
6.95526403327522
5.50509671058096
4.00268469434944
6.48342852562581
5.08907789360855
6.30007693046872
6.11644772073464
4.15879971212479
5.24258637026241
6.03600053935746
7.20221787248233
7.71760051543932
8.05059910580047
6.54052798132468
4.07576347597394
4.7031357709375
6.46871410389554
4.02494455234404
5.84152273353178
7.67250837504067
4.98523439651792
5.63132069644792
7.49266591990014
4.87923424606749
3.88632433832472
6.64068273139184
6.39511111857288
6.64656836568663
3.26222852444324
4.5845536282864
4.90400463588609
5.43241979430418
7.84127754660949
5.83768947655125
5.75057984005845
7.86616958951124
6.3882195103809
5.81955982838707
5.88679400119816
6.34334168881415
6.09747586883729
3.42514790303221
5.22132656484446
5.8644006553332
4.71864998237171
7.22944617480904
6.1024636420302
7.43990600440805
5.5271917639307
3.81412524302322
5.68463343560707
7.47123467305676
3.21501146970531
7.55117124331774
4.03207266950482
8.4024021328064
7.26746899805659
3.4597300384726
3.98912796601835
3.73497428065758
6.0915136968784
4.41831780024849
4.52642431334365
3.38274185470269
6.27215080242201
5.51739089145161
5.64016764520044
4.52102458024703
6.41553209251114
5.88255798466797
4.82008797625813
5.77229344139366
3.56101281402734
7.4451634687312
7.4095221667521
7.32143254581922
5.42674335638106
5.77137910589145
3.8091661955673
5.57331571651547
4.90134831455204
2.69543887473361
5.57739396499905
6.09438327692941
6.88110000380957
6.63776331465387
6.9739986993043
5.66895730735441
5.29258296869536
6.14347632528421
7.03227272093156
6.61551815831951
4.79424114774532
5.71697279519387
3.81755139607382
4.59923973924921
7.64407715083719
3.05769720796596
5.53753712908912
5.98089527022313
4.77024230632072
6.07346675978165
5.07827265514126
5.29742781412916
4.42777207579149
5.23051289535842
7.57041113133911
5.51387189134499
5.65375784631045
7.13043178802767
6.98563841758059
6.93814562266109
6.68630245857471
5.46001442952199
5.81281914869065
6.01821985926791
5.19612006216996
6.08419695031321
4.99118986999004
6.34201717556043
6.21799237574182
6.36216568926435
6.74713672294045
5.59167757622048
6.37272900249023
7.95472889772036
7.14966409277578
6.57217357635469
6.6464311269038
6.63821306881477
7.15725295454203
5.82326227129466
6.65122890697672
5.71934498952238
6.4583983747663
7.16249458185894
6.95721338949105
4.42675487690877
3.59676855075119
5.6707457412205
7.28423579710114
6.97247735494115
5.62773800034566
5.8126572935784
7.51177074493831
5.03694332851766
6.35073073762307
6.83792675127489
7.03241173438474
7.82499441375093
7.78508127120018
6.76138806866935
5.99872583224359
5.67029320237202
5.19239473667745
6.61262832265324
7.07415025875779
5.84616147506248
4.63275887777784
6.06509605597787
6.21793354172803
5.94753575024265
5.96821803574266
8.25475941191111
8.09953514772637
6.56872397451847
5.92303058753798
4.59598508933025
7.40534581673144
6.07667919809153
6.58779964849626
5.85695690927594
7.63202976498698
5.32075722383597
5.4141498878883
7.24783179550874
5.33648145509413
8.06428322143492
7.25456393983509
5.48782402380976
5.95444698995431
5.70479910634933
7.49934215102666
3.82244060914919
5.56236122104917
6.57809026498729
6.38551643535331
6.48375545915979
6.46370737146707
7.1509808864234
7.13014442786768
7.53600439204919
6.23702290541853
3.32909658075195
5.21571772167435
4.8376107061146
6.35902740337999
6.56170882500772
7.34541875576464
6.17998964833295
8.51139310790822
5.59774194582552
7.73714579752224
5.01868534524581
6.94719892662327
6.92293403463246
5.71056339322027
6.9607868927211
5.79777360372868
3.80071236566356
5.68523531775276
6.29836490262426
6.7070720564961
5.3039232450079
6.78700750493595
6.02902743550783
7.52765500209424
5.42656352171997
4.78339203386071
7.74075139273471
5.13363856318455
4.14652315989973
4.27833368616643
4.47979035853062
5.48296100005495
5.87760993757881
6.01890861029631
6.16982130126559
7.66667575414093
5.72490587182141
8.19776431144279
5.43039677870049
7.96226797715238
7.18505347727421
6.5639857810336
2.95765519695289
5.84123475531202
6.26406116621753
5.01760429264953
5.77721302904086
7.12174329008815
6.45329488823135
6.48818902954988
6.47378271376047
6.97899776222435
5.56134178715428
3.74753389154101
7.53156468013818
7.0621763293966
5.21694069626754
6.10645035900593
4.75645022731585
7.10670850072644
6.70534021988832
6.6777277990401
7.12504119432927
5.18341503720868
6.97534769673823
5.32104598651241
5.57692079393495
3.74783893901741
4.88260266445512
3.61674651773836
4.91034615068284
6.24181199388694
3.44844551912544
6.33904022699531
6.90995186447948
5.43933294177716
6.60897773937413
5.63941050572748
4.07228439582647
4.47261107352314
3.84187233739082
4.52170467155335
6.16221352772972
3.04159135045003
8.29099922979046
5.58120002386142
5.54263404972153
2.6183031995916
4.04529127932854
6.14918612555701
5.22520374242321
4.92341088342016
3.9918750696623
4.03588051858607
4.67850644778109
6.76460593084371
5.42564989361112
5.5041272058426
5.29136849610632
3.6726497716388
6.17139922179138
4.41343989818734
7.32315462335409
6.81177359574661
7.18369946918395
4.01677457266853
5.36825658465801
3.48501894655523
4.36530471343377
4.33803813694737
5.41948391446752
6.092407069372
4.53397097173086
5.8347115181603
6.05943200551779
7.99987476297107
4.88835693500156
3.57514363152962
6.2349491886867
5.64329101766923
5.87373221032464
5.72649507903894
5.06425434191179
6.74902974063305
5.77697794603556
6.97558178321618
4.63623005077751
4.6603958146887
5.95675686141489
4.53419206759637
5.63073626876764
5.7424858729636
5.92632986490679
6.39540526102416
4.88909809533386
7.21601091613215
5.42738121242591
6.3512269064523
4.95559474783495
7.42646507359552
5.53916287672187
5.41122086831185
4.45407353697234
5.21678956487314
4.80047935825463
4.83338346111038
6.22744453888135
3.88529183277686
6.21215642047908
4.25142158035736
4.82874550403637
6.16122823122906
5.51551921014117
4.46160132971263
7.63479774467125
6.57905367239498
6.86148746277204
4.77502284437728
6.7365409546217
7.63098998188819
6.19598944875627
5.39505884503242
6.04072046130136
7.26366879770342
5.4811705021931
4.29456121006399
6.74072352645342
6.18188000568997
5.90527153619139
6.95368514810451
6.90598530710729
5.91410040992505
6.70893786277206
5.11522999819371
6.2941597784589
5.96443194262843
6.91184472445415
7.51423903438767
5.56233837034667
5.09773224474171
6.8885442917909
5.28754541316822
6.80580183747454
6.23452718212797
4.75017870887263
5.76029994728526
6.76560732160218
7.55205247378488
7.97773623587504
8.2234227623645
5.85861068466444
4.2070487686492
3.92065856609533
6.61050653054327
4.92916879398891
5.47135597188372
7.2365980134272
5.57261392821021
5.9764171042656
6.37807511336687
5.41145804513669
5.39985885394612
6.95666716167868
5.89046598462427
6.66404141651104
5.62310449028399
4.5377116173784
5.42050420369713
6.5059631437369
7.0651974969288
6.92899266178724
4.30893937226214
7.48010659821374
7.43292233455851
4.76477714348399
7.073510347889
5.81971095978147
6.84110239185494
3.49845953059118
5.70417460099198
6.07992888272648
4.35243455247122
8.1849153882075
5.98249289668876
7.78117985133566
7.14567941520383
5.44624190129573
6.82530256298563
8.27173411236809
4.01551090901664
8.25700004876425
4.83257210881616
9.08308474285828
7.95826095014563
6.14197837225553
5.58446337887478
6.05459923123242
5.82192734092198
7.12616448218703
3.192640676174
7.58379455589323
6.21862451872516
6.47075007822924
3.90516967515708
4.71286416951826
3.98850215841133
7.32613017719994
4.54615779757731
8.56249277663748
6.58902959747477
6.00694485497754
7.0981665058617
6.15643914276065
5.96517634799014
5.97016580955522
6.30946422912706
5.06217111315856
7.52502117084591
5.87314915577207
7.079752677218
5.50999639910301
6.7747087604523
7.08900872089649
5.4854466736551
6.19868470910562
6.06927886259086
4.26760847690243
3.84648870677611
7.54089015719629
7.27646934509811
7.029185755787
4.13277410772618
5.19008762737112
5.94088246340726
6.95402169696205
5.3671695784804
7.64998310245345
7.78601649616957
5.22100702066531
7.07993383659907
5.31748650118771
3.75148900450353
6.82557684532127
8.22222992756188
7.23084652756835
7.19841262054696
8.38641023048745
7.44449178695944
5.82894249043273
6.56419449860789
4.74852496536655
4.65067375451966
6.31386636597865
5.63604006446135
5.32472251084091
5.83371256382935
7.49708093953745
4.39765417257979
6.11288221824105
6.01725998925046
6.53330054509538
5.40812798720694
7.12270230793466
3.11529098056896
6.57962080525805
5.4572970935147
7.31583724293697
7.5137564191448
5.9034173423339
6.98818742710132
4.02230496266188
5.16177529409655
5.61325786799219
7.28727019825927
5.64462980013487
6.4162197217184
6.66500284925655
8.16563395106736
7.06630613184937
8.76120041351117
6.51235454046454
7.0737752468103
4.91917609188491
5.0038235487441
6.10750561997768
7.56813168285806
7.56733785590727
5.21818150921693
7.06256433195654
5.53598682846275
7.25493354012533
4.27899089488783
6.12372753438542
4.25290007139929
7.44985458768337
5.96938157478758
6.42651379939407
6.87574477286901
5.38302205854805
4.09434636066644
7.49585114679337
8.68763392181095
5.73252233696179
5.03963477782829
5.4469766050357
6.77572717528651
5.90794283015352
6.28173781215599
4.47461641530031
6.15726395727676
6.60978886417752
4.39373978055841
5.5429485803723
4.04961497952866
7.53056809694578
6.26554223904821
5.55662857007387
6.25906839585818
5.75474199909869
5.82534084096489
5.24886317601088
4.30039286631879
5.57701365751626
7.97939071865688
6.57730718446494
5.96665586112816
5.18492788861113
4.90905221509119
6.94512121228774
6.35399058712862
5.63729887942989
6.82605739656839
5.6084300599326
6.38096213246312
6.55105866367946
7.49889187907277
6.9153509360968
7.93088889960796
4.32127511911777
7.32509575134264
7.18180660920927
6.9130183257376
7.57093757608526
8.4855681645112
7.45606503710061
6.06187289395015
6.63344409476898
6.99587925649204
8.20698446862543
7.40181623409961
7.16224912097059
6.94385672518357
5.45085306192261
7.60408428426374
5.77529978909892
6.96099033983076
7.0421211178937
6.79967294842158
4.88648039170928
5.49189117766787
7.29187025096218
7.01653358704458
5.92026917375625
7.5581080424752
6.93837541013109
7.20366754419864
6.62998044759142
7.92529947176019
7.09464086897451
6.58991027826648
6.69794263719282
2.81199334269802
6.717445214629
7.3218681089997
5.73821155342669
3.83086637479526
5.23991769173281
6.93153413091336
6.66253906171397
7.04319143772871
6.35495940922896
4.93091315008056
7.55382504050561
6.46993415011482
7.1141662971132
6.87969346112163
6.39898254546915
6.14713938138277
7.22965043619916
7.71808949794093
5.53789000367248
6.76159577622639
5.73600343269731
7.65885962310584
6.6706260544235
5.30193211073644
7.01332949450441
5.45978550643014
6.16410988404037
4.91020144399833
6.83108435272969
7.1732069732702
5.96551041343596
6.47409054592447
6.09003864708661
4.56073542993339
4.91183747610277
5.37572083763709
6.85076369695038
4.64392056300818
1.67146892200395
5.0424452665509
5.96395539202039
5.37030715845491
6.19970105265363
4.15901680789293
6.78454790709108
7.2272282556958
6.1759643179028
4.36914949188731
8.34225393504823
6.61151709264543
8.01236006519455
7.98628122749803
7.11670661502943
5.86290568989096
5.76737200800668
7.41741207535567
6.1631556695049
7.29089503603436
6.54254854872648
6.77038434529889
5.17025260144154
7.48225888168759
8.52058126763666
6.85423154907692
5.41050260708978
7.16301591669298
6.96584301249092
6.64555395149151
6.31026230161181
7.26615057828474
5.98381286698146
6.30007232580148
6.85068253002708
3.65641946305363
7.70300073958267
7.73096202843015
6.687563337539
5.53802106905198
6.49727260545182
7.05075366926749
6.67098478157105
6.20550499622409
5.80429193371764
7.00015857177491
7.73162701597019
7.00339901512994
7.63067243082678
7.26318615999023
4.64461709683239
5.30230363889607
7.48821669293233
5.50643164918367
5.13233817305922
8.09370349147157
5.41594277699676
8.30548014660062
7.71867941157025
5.34456844780367
7.41715888750774
6.34391605176222
6.60373611205722
5.96664962601862
7.55123759964896
6.36758231604888
5.72040841489354
5.85503816260461
5.01634983839514
6.21393650857546
4.0853517879576
5.50629040976175
6.68867633013832
6.08301428817837
5.16058768820622
6.82676033857722
3.99134752380395
7.36697185859002
5.56969341212141
5.33552562360624
6.87046058729483
5.66154621625349
3.30941723653127
5.91442193180176
6.25179139877744
5.90811690158401
7.64985667794169
6.45291987628384
5.42468697842769
7.59581613217315
6.28523547588046
6.87798918270706
4.24293653539748
4.96578123162737
5.8725130169464
5.39845161022764
6.4577762857284
6.16457967394868
7.86655834464546
2.02952800610544
6.99649551567635
5.15198805226715
6.87734624319758
4.16281800477345
5.77883593763329
2.79515936386996
6.44079760021585
4.99048011077211
5.16143087310962
6.43574514985709
7.74602763023521
5.4061173817769
6.01668116708284
6.45554762959884
3.78511880479201
5.32878972994736
6.28922113462263
7.2813143392064
5.97075178775634
6.14267162519072
6.47125022307061
5.62099482515868
5.19944268981901
4.37325573624423
7.03557205575153
4.50666065743701
6.19359112283622
7.37296289099179
4.16071379971312
6.46825888966967
4.5885017668636
7.4594545345558
5.9500072780433
6.09424791254198
6.51552402282112
6.93442029716858
6.76025558220085
7.26110744912736
4.78872304097107
3.72926934236661
7.5346247166864
5.57947739665113
6.63268216102843
7.20665105037322
5.39707455757947
3.89438844844932
6.19206386251272
5.80315272113499
5.76924703697862
5.74195801240252
5.81022352497905
5.13090033771007
5.76987620141897
5.5111560286038
6.09798622864693
5.08288766792413
5.21744677359454
5.92690931131949
5.39020638164783
5.79357172762814
7.89569743096085
6.03740446126105
4.78792975452386
5.33605458351816
6.17039999510402
4.4500474948938
6.08826234020518
2.62608514482474
7.20847310706737
5.88123502666046
6.1767511796401
4.25736597566626
6.66337963500484
4.41270742945955
5.40442038995671
3.90627942272697
5.69281148727542
5.49569515923599
5.40251887025996
5.94975788490022
6.44987267411363
5.93476764573363
7.08921071539202
5.42679118348802
6.28777427947634
3.88135845118938
5.93213238694183
4.32342836723654
5.61029012882457
5.70823709576709
7.64557240547646
6.81408134150523
6.38428425136263
7.27525375985975
6.50584069908388
3.9261635780132
7.21484081118468
6.45285618028821
6.41153086966084
5.52695764557033
4.93882125030363
7.41642875655258
4.78646127980643
6.93406788292705
5.05646875665635
6.08008040662008
8.16262115693226
5.59711278138517
3.35654801011571
4.33148891459359
6.07726001763193
6.9021098148653
2.55530084456954
3.59109081057838
5.90659257139578
2.47991064734033
6.23175837899141
5.03311385275209
7.39406077959129
6.76269631439878
5.29248480957875
4.90197696119941
5.29436777758094
5.2604074491085
7.88616566039927
4.47609191626212
5.13031309345977
5.15851554324589
