16.4714267389676
15.1530556714915
16.4304671524627
16.5149342193848
15.468597009255
18.151851833062
17.7604555681348
18.3009189485635
16.9518524356502
15.9323782173554
15.5240606849731
17.2507492848316
16.3033832308371
15.3613392580926
16.1406618039566
6.3591275027787
16.6149791530227
17.5397781854095
15.5382026504979
14.3197237429656
14.9908273072813
18.1360567087075
17.419689982254
18.4494469205258
14.7819490938068
17.9836078379783
17.1687731719278
17.0588088055915
17.6126028244967
17.4194392201549
17.8632688727238
