7.86406440084619
9.06005456890185
8.50769483390251
9.68083694681213
8.77847270398323
10.1666153474255
9.58488889455092
9.40404725636281
8.4941541754294
8.99864397586335
9.07073356029407
9.04446242733276
9.64809644072771
9.41335177626065
9.30734674586571
7.99664051227881
8.94862856926493
9.88386413198268
9.1109413595902
10.174444848772
9.16634839847859
9.68296630493965
10.0261170790345
9.96285550587714
10.2968961358683
9.84292969926639
8.95473893922811
9.66172724501976
8.44533080408139
9.6158255370669
9.37987680395624
9.623090063256
9.52267107041236
9.34891877071942
9.80038022924011
9.52214303513952
10.3041585175505
9.30170224582751
9.46101791280476
9.55877647310727
10.6837830338015
9.83478280594323
9.4271549831135
9.49690666488014
9.04925370750143
8.12768885844648
8.14095073857365
8.34198937043252
8.83590277552047
8.15581439116171
9.8691565737918
7.75809920471931
7.87648102995705
8.2760787270185
10.2186814298021
8.84541766016709
8.09299926869288
9.62912810907989
7.89040738836787
9.2941585588756
9.82512886116913
8.8172262679993
9.02088384174291
10.4302232197582
8.39786814417105
8.05352442292998
8.65410923343718
9.81562407576871
9.47740925621071
8.64691120956402
9.52773595483657
9.77165568830929
7.75082919537569
9.31295647322119
9.16881380977029
10.7483267507643
9.83588852702891
8.28043163009338
6.92453916310363
9.96618666640388
8.43308960551664
8.35148665065731
7.24697077971695
9.21505651680156
8.67368507698978
9.56545962199301
7.84606159845086
8.90274940750349
7.65135674398644
7.28386043607152
8.07605722842817
9.2386339095877
6.7301763559969
7.40150458139892
7.352919014707
6.8442228749779
9.55794517161719
8.17070991191299
8.93234461057249
8.88923624311614
8.99499925434272
8.57959544673972
8.7019112268271
9.3732394522291
9.12942538564598
9.1495706143259
7.05780126072766
8.35317969477348
8.16050912603088
8.98086632328412
7.26692562179895
7.39500420038404
6.72422724576536
6.20612987793398
8.06075452346924
8.13610348919499
6.47424381907617
6.47087777053616
8.54071895177356
6.39080858544748
6.69955910567142
5.53007103104418
5.66947767202352
7.57709193573964
8.44221225462091
7.76762142877104
6.76910609980971
6.18441074950061
7.06483665858594
6.6430028907019
6.19403312010615
8.39749435713398
7.10641784090921
8.75529425691909
5.48876742871354
6.26093540233849
7.61282457293373
6.00720199358798
7.69419527109921
8.66896334553678
7.57967058120219
6.05752478808832
7.49003775945797
7.18084549070411
7.21190286522581
6.92325335537717
7.2375555244362
6.46719801196068
7.19584086097313
6.81335631814283
7.116350760824
5.46272974740976
8.10715114714223
8.50131899322466
7.21625349393694
7.1656851588603
6.04547454492193
6.68080598728587
6.83297229200959
7.94833492694421
6.42836855027915
7.83937640821939
6.89791858234809
6.3769662518339
6.15981452718512
7.50283446075608
6.80372495142067
6.34812995201988
6.03533462202594
8.41336717169886
7.1506264714373
5.42505829252518
7.14624231485317
7.35313389282678
7.87281301803087
7.15691135977187
8.59058265323074
8.12170471435342
5.9524141341164
8.52007151015495
7.72798470511519
9.04337934224985
8.31552162852346
6.89214990267034
7.37131778882438
8.39323628143422
6.94771113531159
7.21509988062831
5.93264781360516
8.27768766645567
7.11456856684592
7.97571154859719
6.50779297159596
7.53507184630555
8.39484589277804
6.1951720197018
7.91873362633484
7.20736967183547
6.63758611094693
6.06323595454402
7.26032876965704
6.1228146175006
7.50929173787073
8.61822130040697
7.15941893369822
7.56362230076169
5.84968159927652
8.81224822290647
7.52309716505346
7.23075388290321
7.05966433113659
8.40114509482848
7.35209752826172
7.88812179305859
7.67564534144756
7.80805260796991
7.57741281485696
6.40792474022971
6.97389744528689
7.96522628470933
7.64049477246826
8.15575577774073
7.57763262642948
7.58406194148267
8.34544380458618
7.65797028833948
7.05609105405837
7.83202704709983
6.93465434323087
7.64467947702994
6.36662113789908
7.66058659432055
7.44106107525538
7.37586432008935
6.87748853006726
7.80388973521078
8.45752429038773
7.47476881061074
7.75507936509145
8.0487905099104
7.04013936754747
6.75148985769883
7.62568987340591
7.8844420344831
7.02407736329479
7.69121002732837
6.94458726314565
6.87997376993219
6.95550778207685
7.86305925209263
7.39141296657197
7.61717563600334
7.46271856744436
5.67971579495321
5.77464069010858
7.35532998738316
7.84561257280157
6.68773304315401
5.89682839001543
7.79421027435633
7.03766823637067
7.89096880972577
7.19185930039038
6.79962042916294
6.42346897099565
8.80859305046737
6.14953627910463
5.81319264149488
8.02409602403871
7.41342314756186
7.61648842796309
6.00526799470649
7.72550904290474
7.12061452202077
6.34054848308611
7.36842814508958
6.86291109478918
8.80951102206344
7.45044801819745
5.74050653760496
6.77831284926334
7.41336091101617
6.35470619575053
6.21400968829564
5.3396428740441
7.174204205616
6.47751419831233
7.33745180746515
6.77283457722946
6.11782782378312
7.39375570044537
5.04352865463642
6.50148960381241
5.79012564931303
5.6569493347755
6.32827756017751
6.27969199348559
4.79888235814252
7.37604135658558
8.23329837031564
7.17980721554211
8.05965634196414
6.26892091986261
8.48404318114753
7.2590962194242
6.98614018339199
7.00446326496256
8.01622216473714
6.93231807211866
7.48312203068329
7.61950897045358
7.47984756621099
7.50002873678731
5.98935065668511
7.02411731024407
7.76604316273794
7.58435840147428
7.94571067583924
7.2380423327823
7.27344973026412
8.32992364043098
7.42301319615991
6.65331274574707
7.52272866473315
6.51514495486629
7.87511286077533
6.28923705982943
7.34997438310199
7.0215516868908
7.09624097435148
7.09423007370533
7.48215270675975
8.08541600931958
7.06976904823546
7.29336171438376
7.71571446436295
6.54383525856654
6.0663798118772
7.41685014410285
7.48064764470625
6.52777325431386
7.27143057118532
6.25947721732403
6.47497400755691
6.92034050836519
7.1466793550041
7.23491445397281
7.4839252547182
7.40011418314248
5.62330935618074
5.92827935323761
6.78250122556437
7.44061281042628
6.84137170628304
5.84042195124297
7.4660052325974
6.4290828433869
7.5816704273591
6.98181419848888
6.6663700478778
6.29021858971051
8.59615778155939
6.43552521840558
5.4143416027527
7.41551063105496
7.20337804566036
7.48323804667795
6.16011203043397
7.66937267191076
7.0642080832483
6.13170875378306
7.52206680821861
6.73118537577728
8.6762606407783
7.31751692658712
5.9050071806641
6.01667815060385
7.35815984484214
5.78187743393174
6.15760324952318
4.57800817538461
7.33789665420712
5.94994023806451
6.82230757825237
6.31111692652176
6.61386186498557
7.14854332483222
5.53956269583887
7.26312430247191
6.20936496989912
5.60054289600303
5.86655990946981
6.22328555471313
5.2181216787286
7.28530118827514
7.98983698303261
7.42326860282514
8.28214863196484
6.56820793047966
8.28529402926554
7.05022129041441
6.95963980718935
7.3235140002635
7.77276077745412
6.80023786372523
7.36116759941766
7.84200126045428
7.28109841432899
7.02555315032047
5.85606507569323
6.55976750090502
7.74123573511375
7.80685069147498
7.93176522814516
7.09510014445877
7.07470057838212
7.95512648746744
7.38747277329114
6.52002716475521
7.69877666581469
6.21612801202772
8.09223804816711
5.81476147336259
7.15122523121999
6.72253474405223
6.89749182246948
7.25122931619052
7.97024565421751
7.90566462585124
6.94781461696982
7.1266950477171
7.50683953535317
6.32161303634432
6.03296352649568
7.40169932381032
7.35748784084217
6.30555103209164
7.13935036279189
6.2260609319425
6.35301957629126
7.40843345582295
7.71129695529974
7.16562768692467
7.39318508640776
6.93576437380342
5.94356546408013
6.22756636385467
7.1583128890193
7.31865837916064
7.1406587169001
6.16067805914235
7.2672560807154
6.48580857183418
7.6669782601302
6.96786875079479
6.57562987956735
6.19947842140006
8.44178677616819
6.41338594823154
5.5892020918993
7.47223635950223
7.18943259796628
7.39249787836751
6.45819366845259
7.89186496191147
7.38446419114768
6.11655793349053
7.82135381883567
7.0292670137959
8.58552047246785
7.61680393720418
6.19343221135105
6.58129575089947
7.67721058014308
6.15768909738667
6.47785935742256
5.14262577568024
7.61210616942151
6.324546528921
7.18568951067227
6.1444502598551
6.83635415498627
7.65760536957229
5.49645432838252
7.22001593501556
6.50865198051618
5.92079900390242
5.69989324280315
6.54354166261251
5.51740868934567
7.13967905751723
8.24860862005347
7.31984593738199
8.04578633289649
6.27602000807727
8.2535595379338
6.9644084800808
6.80652095181413
7.16547108408475
8.031532414475
6.92665922457419
7.46268348937106
7.60563896138592
7.24936392299725
7.5499254447984
5.98369180914063
6.94641007522833
7.55064996095191
7.57048839240663
7.73031747405321
7.15339969534039
7.21444926112919
8.22840377815211
7.24339396458205
6.63065275037084
7.27333836212716
6.37596565825819
7.86124285170768
6.33913376784051
7.29097391396705
7.07144839490188
7.00625163973586
7.09345375026335
7.81040800798703
7.97653043114464
7.04933050692323
7.32964106140392
7.67917782955691
6.61470106385994
6.45840183018321
7.20145694231682
7.46020910339401
6.59863905960726
7.26577172364085
6.65149923563003
6.45453546624466
7.24859580959247
7.72238423294522
7.02070876412172
7.05848695103067
7.4352311973858
5.78431717530293
5.93537844145228
7.15238397369634
7.42017426911404
6.84847079449771
6.00142977036515
7.42459759400285
6.74458020885504
7.59788078221017
6.76642099670285
6.24093174419027
6.05385629064216
8.43838221563222
6.65208859308332
5.52010461397927
7.73100799652309
6.98798484387433
7.2468757476096
6.16721111864864
7.65550266284311
7.2252159023705
5.91631555199702
7.52916589643327
6.73828446399195
8.43989834170995
7.32461601480178
5.91210626887876
6.70771711174843
7.47497149308646
6.15176018206371
6.31861106864536
5.26904713652919
7.34737168799474
6.20448890299302
7.06563188474428
6.34739627354193
6.41091585129875
7.63070735696702
5.60221733960909
7.32577894624213
6.21646405811379
5.76155071512522
5.90283925648998
6.38429337383532
5.22522076694328
7.36600686050104
8.47493642303728
7.24656744007392
7.97250783558843
6.25856713410325
8.66896334553678
7.37981228768378
7.08746900553353
7.1468128375123
8.25786021745879
7.20881265089203
7.7448369156889
7.26675980662082
7.66476773060022
7.43412793748728
6.26463986286003
6.8306125679172
7.82194140733965
7.23160923764152
8.01247090037105
7.4343477490598
7.44077706411299
8.20215892721649
7.51468541096979
6.91280617668868
7.68874216973014
6.79136946586118
7.78796435439961
6.22333626052939
7.51730171695086
7.29777619788568
7.23257944271967
7.02077340743694
7.39500420038404
8.31423941301804
7.33148393324106
7.61179448772177
7.90550563254071
6.89685449017777
6.60820498032914
7.48240499603622
7.74115715711341
6.8807924859251
7.54792514995869
6.80130238577597
6.7366888925625
7.09879265944654
7.71977437472295
7.24812808920229
7.47389075863365
7.31943369007468
5.76686430132892
5.91792556747826
7.21204511001348
7.70232769543189
6.8310179205237
5.98397689639114
7.65092539698664
6.89438335900098
7.74768393235609
7.04857442302069
6.65633555179325
6.28018409362597
8.66530817309769
6.23668478548034
5.6699077641252
7.88081114666902
7.27013827019217
7.47320355059341
6.14855287207618
7.316623508078
7.20776302839647
6.19726360571642
7.51171302245925
6.45402555996244
8.66622614469377
7.04156248337071
5.88379141497465
6.63502797189365
7.45751861911245
6.21142131838086
6.30115819467134
5.19635799667441
7.31748908298569
6.33422932094265
7.19416693009546
6.62954969985977
6.52671335860987
7.48090420682107
5.1868135320061
6.91037513863914
6.19901118413977
5.7440978411512
6.18499268280782
6.3668404998613
5.20776789296926
7.45315536687674
8.44276265677871
6.89381827624117
7.82922295821875
6.03848753611722
8.66169505017375
7.44481736776857
7.07746970915571
6.71847432566162
8.22568645120023
7.11803922046303
7.66077389970951
7.61950897045358
7.65749943523719
7.68574988513169
6.17507180502947
7.16180327701436
7.84315717302911
7.58435840147428
8.0228246861304
7.42376348112667
7.45110159929034
8.44379697993814
7.51434272192364
6.83903389409144
7.59984267502431
6.74557833861169
7.64467947702994
6.4749582081738
7.5276262521282
7.2519850706362
7.2738928433777
6.87748853006726
7.48215270675975
8.27113715766395
7.24742091726167
7.50282600084683
7.90143561270731
6.77426864231193
6.29681319562259
7.49396415439402
7.65829951373247
6.75820663805925
7.45715171952968
6.48991060106942
6.65262587658312
6.6899071246198
7.43266829430505
7.31262661874562
7.56103926500937
7.5777660521687
5.3373204168798
5.69784596949222
7.0684901648653
7.6182646794525
6.61093832253765
5.55443301194202
7.64365710162361
6.61480399173128
7.65878443765025
7.05892820878004
6.74348405816896
6.36733260000166
8.73876483936607
6.14953627910463
5.49145561304385
7.60123177939934
7.28049205595153
7.56035205696911
5.92967864668858
7.66937267191076
6.77821914394736
6.20882276407421
7.29163342447323
6.73118537577728
8.75337465106946
7.31751692658712
5.67457379691871
6.30266708990479
7.07217090554121
6.06786637323268
5.87161431022223
4.86399711468555
7.10983921603468
6.23592917736546
7.1082965175533
6.52058121298484
6.38342848124018
6.86255438553127
5.30912931209348
7.03269091872652
5.97893158615373
5.31455395670208
6.07602419593289
5.93729661541218
4.98768829498322
7.1079015263639
7.60476776471003
7.5787638626341
8.42402653078288
6.65426020596368
7.80129082015257
6.55260072031053
6.71955061522437
7.42438900933686
7.38769155913155
6.43586767490648
7.01041477158982
7.98387915927233
6.79709520521601
7.05913389513069
5.49290025947293
6.60696560670616
7.51887242979858
7.94872859029303
7.69853994289988
6.74159193557012
6.77977337388832
7.91277193689307
7.15642362799229
6.1568623485349
7.91717921747062
6.25907192005537
8.22276639107506
5.84834221817282
6.85629802672619
6.95455465669906
6.60256461797569
7.3294763779278
8.18864820587342
7.48573888147694
6.59706178914199
6.68580020606047
7.19829496986845
6.49780732565712
6.34150809198039
7.16967941116349
7.00794038561277
6.48174532140444
6.77498017397314
6.53460549742721
6.00226674846342
7.62683600747887
7.9642859652289
6.95106569359349
7.02670941987733
6.98296247960457
6.04323510055504
6.31361863933868
7.27895162277654
6.96790555133281
7.2267109923841
6.26034769561727
6.97232887622161
6.25378865918733
7.56610325105683
6.73464346554951
6.20915421303693
6.02207875948882
8.20106128689567
6.91100651833543
5.48832708282593
7.24021644685539
6.95620731272099
7.31597322552963
6.54545131653504
8.0337428607295
7.48413382762261
5.88453802084369
7.90740609431968
7.11652466187836
8.50899581962998
7.70285621268819
6.29034646676517
6.83428476082862
7.77808558921646
6.27832783114391
6.57752899389748
5.39561478560939
7.69828742959105
6.44639063527669
7.31875797546454
5.70355541819848
6.78915604918514
7.88962528221913
5.9804575374955
7.70401914412852
6.59470425600018
6.02046864037734
5.25899840114653
6.64321129908743
5.60346096482967
6.99047393434621
8.31273104189469
7.79580802152688
8.52233777449468
6.80839707300949
8.19901361764322
6.98213593523803
6.69037762464309
7.69605341896526
8.0956548363162
6.73215250854885
7.27488718779533
8.08219040298412
7.19481800270665
6.95746779514409
5.78797972051684
6.43352118702676
7.44640848118482
8.04703983400483
7.63693797421622
7.02701478928239
6.98842016675979
7.80506754632605
7.11759403007935
6.45194180957881
7.93896580834453
6.9490582061134
8.33779429330586
5.74667611818621
7.06494481959766
7.45546493813789
6.81121141084716
7.55691150623588
8.21043479674734
7.83757927067486
6.86153420534748
7.44958910657917
7.43875418017677
7.05454323043
6.76589372058135
7.10687206988139
7.27120742921983
7.03848122617731
7.07126500761551
6.95899112602818
6.26673916466893
7.64862259835279
8.10085256696994
6.432697492839
7.09835783247882
6.8494839621811
6.31610488278187
6.46775550638451
7.68357352669362
7.23237796753833
7.38084785942995
6.5332174778441
7.18097566909306
6.41772321665778
7.37215100620126
6.67304149686585
6.28080262563842
5.90465116747113
8.05934186319746
6.7859253669333
5.29437483797037
7.40415100432584
6.66417196029195
7.41428446924143
6.69838281098243
8.13205410444131
7.75700360984943
5.82173067956158
8.06154296136551
7.26945615632575
8.60730706334179
7.85699307973401
6.43362135388089
7.1065563885738
7.98519194880144
6.682949735061
6.85039877612431
5.66788641335457
7.86651082742392
6.71470935870799
7.57524512234246
6.46734431871717
7.07654329751611
8.03014478827403
5.73664347091236
7.46020507754538
6.74884112304602
6.29333842260416
6.02278730166523
6.91608108131427
5.75759783187551
6.98510769753406
8.0940372600703
7.47441729736516
8.20035769287968
6.43059136806045
8.09898817795062
6.80983712009761
6.65194959183094
7.32004244406794
7.87696105449181
6.772087864591
7.30811212938788
7.76021032136912
7.09479256301407
7.39535408481521
5.82912044915744
6.79183871524514
7.39607860096874
7.72505975238981
7.57574611407003
6.99882833535721
7.059877901146
8.07383241816893
7.08882260459886
6.47608139038766
7.6935103795674
6.43979684993093
8.01581421169086
6.18456240785734
7.13640255398388
7.13527958657462
6.85168027975267
7.24802511024652
7.96497936797022
7.82195907116146
6.89475914694004
7.17506970142074
7.52460646957373
6.67853225553267
6.52223302185595
7.04688558233364
7.30563774341082
6.66247025127998
7.11120036365766
6.71533042730277
6.29996410626148
7.40316716957565
7.87695559292841
6.86613740413854
6.9039155910475
7.28065983740262
5.93888853528611
6.08994980143546
7.30695533367952
7.26560290913086
7.00304215448089
6.15600113034834
7.27002623401966
6.59000884887186
7.44330942222698
6.61184963671967
6.08636038420708
5.89928493065898
8.28381085564904
6.8066599530665
5.36553325399609
7.57643663653992
6.83341348389115
6.82670373016937
6.32178247863182
7.81007402282629
7.37978726235367
5.76174419201384
7.68373725641647
6.89285582397514
8.01972632426972
7.47918737478497
6.06667762886195
6.86228847173161
7.62954285306965
6.3063315420469
6.47318242862854
5.42361849651238
7.50194304797792
6.3590602629762
7.22020324472746
6.19282491355875
6.56548721128192
7.78527871695019
5.75678869959228
7.48035030622531
6.37103541809697
5.9161220751084
5.7482678965068
6.5388647338185
5.37979212692646
