11.3094450685147
15.1113176064812
16.4927535604594
14.2611548041466
15.0980416331592
12.074730087325
15.7579936984699
11.6748283392345
10.3778736325655
14.3133821826337
10.6368902561645
12.2246463312949
12.017802499593
16.9432146180984
11.3725487995105
12.7851180661286
13.0253739506595
16.2073740925433
15.3407170352533
14.9429988391305
15.9977671620452
15.1526057696285
15.8434253883101
10.4646638964923
16.1324071982987
10.7697274727599
11.6596915024078
16.604215141718
16.8501662174554
16.9056675317543
15.1893734641993
11.7771017950049
16.0444121974097
16.1531288538079
16.0773956707364
16.2556868755733
17.4099162428373
11.4346354033332
14.6780972337448
16.1140776451856
15.8439070012213
11.3597777354913
14.2948687696783
15.9973510648238
15.8820113378817
16.3538229351637
14.3318325921487
14.5414395226467
15.3889983198774
14.94612851758
14.2315789839524
15.5527451706949
15.9015435443034
15.7648992125307
12.0703985369778
15.2731914133675
10.8161640287741
15.3914892502355
10.2886046651415
12.633131738309
15.7392937248813
11.4496231733134
11.5056901181463
15.978471315094
10.8600970080482
15.3559572988311
15.9068189975257
15.1630076349198
17.0563832519945
15.9905538494504
16.168841070348
16.8133943282985
16.233733852322
15.319164253178
15.5868773194494
15.5571049479341
15.6756389828921
15.1807979990608
15.8663562786945
15.5261503249478
15.3693940952342
16.2876951252144
15.0411595723367
15.5007038848378
15.7368648890253
16.4983061177998
11.9225106216172
16.0461235425408
16.2996172347987
16.4920037685118
16.6666235035542
17.1736184824007
12.7667582173608
12.4583763736517
16.6017087705677
15.7914597211733
15.277935995348
13.0742636329266
13.2457258770531
13.6667360210239
13.4287953262679
13.3583726131507
12.8483043260409
12.9656085207682
12.5058021609891
15.9289153156193
14.2480308374795
14.4149868774462
13.9987832852689
15.1145991634714
15.3453191361992
14.6083605219229
15.612605584197
15.1174528825224
13.6546732642283
14.5927859793385
14.5991891502202
15.0236106897626
15.1072885255321
14.6360216655466
14.9686042105057
15.3711311675816
13.7810455836762
14.6119221261842
13.6883465296559
14.0113603770392
13.4731853193769
14.5789144049059
15.2716827925852
15.2632319001815
15.6548751563623
15.2706259237171
15.1310846503768
15.6086389240301
14.8551335314863
15.7920355738547
16.8474799474577
14.2625301897658
14.4752691008
14.4476410833565
14.0466019015152
14.95769229407
15.839284546921
14.2016791573106
15.07031991139
13.8584036865698
14.6327986224063
14.4796061066359
14.5803146354627
14.8032373132789
14.953430032491
14.1346692925165
13.926034989116
13.5863065248821
14.1122451701386
14.1666145491898
13.7671306334613
14.4793017349901
13.9499008574453
15.7724429911636
13.6449207627458
14.6948378800727
13.6952135641846
14.1839860099857
15.317914315046
14.7801919778619
14.5069229809484
14.7531471165473
15.6725692760206
14.6793283187461
14.1926515552283
15.5187186575218
14.3911754545122
15.6335220137037
15.6954364562957
15.088104010286
15.2566875855403
16.1945741939974
15.0472620128031
13.9380255354615
14.8400232380752
15.1201664336147
15.1730220510139
13.964737679643
14.3516761780882
13.1026572349196
14.7446623906109
15.3856307536185
13.9861886526685
14.5150234724585
14.9536184905577
16.5371362114467
15.5727790248687
14.5329350378357
14.6846175518938
15.8688079733821
15.4123829878508
16.7179731258455
17.0485440640435
15.6346915444531
14.1144273458252
13.6470281373229
15.7371228714955
13.7515801654396
13.7212847329265
13.7017086311432
14.9750945300991
14.8821853463904
14.1774376281397
15.1413062640216
14.7751350473118
13.1614419269635
14.0203171022529
14.4853381228293
14.3284881000892
14.182597692432
14.0911822630953
14.4404538024078
14.9017671122824
13.7903799757179
14.1735734413796
13.6763840669014
14.0191588446411
13.4634159991712
14.5670263321969
15.3670247285915
15.589551570318
15.4676593934203
14.8500503304341
15.4578798442292
15.9354341178824
14.875687716284
15.6233043962314
16.3801959463947
13.4871846014363
13.8195592145282
13.4967779596075
13.2839367749805
14.1970845411002
15.7254335195302
13.8375746257626
14.0847639193407
13.4489606944712
14.5773655813461
14.3433365157199
14.8716742252427
14.4719780031249
14.2726730262746
13.7023923646428
13.497755350209
13.506111888409
14.3189038145174
13.5334437114854
13.2074349500747
13.7013946416307
13.4977863693285
15.2433478763286
13.2392776271647
14.2937852065678
12.9202144828516
13.7794667101257
14.8829868707875
13.7890131861825
13.7646163242062
14.5797955599223
14.7529617286458
14.2103255995834
13.2124304183088
14.7990514155922
13.7675817077834
15.7639247587676
14.7006847703825
14.0253737353844
14.2916467464661
15.2589135619717
14.634511586861
13.0425488007888
14.430794577384
14.5301999980461
14.4452234698484
13.3108863438531
13.4333065964557
12.5868012684359
13.9835173625048
15.4367823125285
13.3207761112155
14.0201737790987
14.811005899264
16.3230822274626
15.1171343224858
14.0099182295962
13.6632196951765
16.3020382722974
15.910521108513
16.5029744351244
16.8344900800594
15.0379809290295
13.33863372799
12.4873129566229
15.7635415055779
13.6779240301236
13.5090654455491
14.1452573659143
15.0883128516283
14.9659672626345
14.3784051654918
15.0770060852911
14.8510433433685
13.1964433554027
14.3544893304677
14.8312587260518
14.6633779039049
13.9703784050545
13.7489431810367
14.0193788144335
14.7631609966108
14.2178757572965
14.6682616010597
14.10387984848
14.4466546262197
13.8909117807498
14.9290187638622
15.780123647999
15.7952795053007
15.3609343226311
14.8066059458187
15.6617044880512
16.1392587617044
15.2376801479493
15.6772765591805
16.4639778626387
13.5814113591544
14.127848441079
13.9914661192877
13.3676456775478
14.4018667467821
16.1385324389376
14.0433025607454
14.5794520790208
13.5820819427334
14.9904645007536
14.4574748422058
15.0643156693498
14.605099251387
14.431061569641
13.9081202996255
13.6913167992729
13.9336076699876
14.746399596096
13.3212244241079
13.3405561983368
14.1150690043039
13.7030255707653
14.8556048993943
13.6833084000799
14.3775671228118
12.4255263231715
13.7653162213696
14.743632024493
14.2837013458627
14.1183855625851
14.9277729860212
15.247649888326
14.5791661038922
13.2625483900093
14.9321726638543
13.6939255724675
15.9696526937503
15.1953729300626
13.8191587722505
14.3679006556349
15.7536017216519
14.6693412121219
12.8303295134114
14.4576095382034
14.7288775695544
14.9399116295285
13.3610043155536
13.8460112100027
12.7451898118024
14.0486625596206
15.7319461023318
13.6290653377664
14.1785623224652
15.0829737742944
16.3362781247869
15.1510439427899
14.0638903925452
13.1685315354964
16.5087109140171
16.1133871255642
16.3962493643352
16.8476859773837
15.0737681161503
13.6469229545409
12.8920029057285
15.5395824637036
13.4399833353676
13.271124750793
13.9838308336435
14.9220236805582
14.7280265678784
14.1404644707357
14.9107169142209
14.617569228663
12.9585026606466
14.1541691777879
14.6275958823967
14.4609442028944
13.7641996724381
13.5110024862807
13.7814381196775
14.5593005507192
14.0515865862263
14.4678031285979
13.9584120084902
14.2814258558735
13.743726321927
14.7627295927921
15.542182953243
15.5573388105447
15.1556846887615
14.5686652510626
15.4237637932951
15.9013180669484
15.0158728172255
15.4774134022557
16.2635193901769
13.3749890260255
13.9615592700089
13.7574535232372
13.1432187444251
14.1639260520261
15.9005917441816
13.8053618659893
14.3792001590476
13.3818300227602
14.7866416117651
14.2572229222325
14.8263749745937
14.3750827330508
14.193120874885
13.6701796048695
13.4533761045168
13.7873422161215
14.5461476761228
13.0832837293519
13.1026155035808
13.8771283095479
13.4853854454542
14.6176642046383
13.4656682747688
14.1742590152106
12.1875856284154
13.5273755266135
14.5056913297369
14.1174121747926
13.9131359287156
14.7225233521517
15.0097091935699
14.3753432149038
13.0246076952533
14.6942319690983
13.4559848777115
15.7846012507788
15.0290837589925
13.596236913399
14.1378841372987
15.5317943909281
14.4314005173658
12.5940044901444
14.2196688434473
14.5122173111443
14.7019709347725
13.1230636207976
13.7010188937287
12.5072491170463
13.8268552288969
15.5110709638312
13.4231000003925
14.0330944824753
14.8639259330444
16.0983374300309
14.9287796163112
13.8634319200834
12.9385150171602
16.2707702192611
15.8754464308082
16.1583086695791
16.6097452826276
14.8358274213942
13.4129103584904
12.6695440560788
16.311138392647
14.4663366275801
14.6015069480021
13.953967514423
15.3832329122156
15.3718481935296
15.0464646534843
15.9452494211504
15.1547850520241
14.0526580685821
14.461825618451
14.8261952055375
15.1376540023953
14.9754793893044
14.4513238498442
14.8166545295296
15.3866178125754
14.5157901740898
14.7987543445004
14.4386084230221
14.744569043013
14.2256403552918
15.279305830333
16.2409409861234
15.4712310295806
15.7990498430563
15.3722977462894
15.4311432312593
15.8773752484456
15.0204330237062
16.0521060639438
16.9884630361752
14.6083076339275
14.3459823238591
14.4120872111814
14.4010688591995
15.2460431292226
15.7840759591043
14.5801010727157
15.0333768512368
13.9195875674001
15.2737995858991
14.3361116717537
14.8446405839215
15.0292143917783
14.5927294397174
14.301190721748
14.0925564183475
14.1500467794621
14.7469354057237
14.1273045701181
14.3375317205863
14.7311172055452
14.3538454437532
15.8915672917466
14.0507579948061
14.9641232445285
13.7993185938976
14.5392093951209
15.4796977216336
14.9857947557559
14.9543367909071
14.4079506276311
15.9201862139011
14.8435515975276
14.3591729844598
15.8168788727084
14.4865696534013
15.8793509785542
15.9547739986117
15.2087562186019
15.3150144602185
16.5131973133719
15.1426562116922
13.8354304976612
14.9354174369643
15.4373795333663
15.2418712357109
13.9623273593047
14.4498060751448
12.9020502301872
14.7946155352525
15.5636254538283
13.6026762121992
14.3913198437706
15.0833378444034
16.9328780746515
15.8679972571488
14.6407060053568
14.668162080426
16.1251220236694
15.8072142096318
16.8333124155046
17.3163083409297
15.7961851981801
13.9381186299531
14.0641557403307
15.6367366637958
13.4389767293803
13.9456028979168
13.5754449296902
14.8556465763396
14.9301386051438
14.2860427054662
15.510705018579
14.7180232835131
13.358370270338
13.9799557187084
14.1430750846094
14.3404168169395
14.1521105749179
14.1556727061023
14.4538974800166
14.8738308960763
13.7145319900934
14.0611351755493
13.609866606017
13.9463022716939
13.3951809194537
14.3676861010368
15.4459751076969
15.1206746266902
14.9332269933495
14.8693796412744
14.8289093125601
15.3772478696726
14.2291857884035
15.3542791807534
16.3771142535796
13.8309127685789
13.358217935411
13.6248559117887
13.6154600040442
14.4529718955967
14.8450486787396
13.8466963200689
14.2466025475991
13.3358167858374
14.5503455347719
13.9952107559936
14.362275928427
14.2487287926786
13.6253421005012
13.6486436641501
13.4440066497163
13.0429553606815
13.9329581258713
13.452782741535
13.3101718223866
13.6367649103071
13.9084734124453
15.1895991758359
12.990089992714
14.2132194686433
12.8395535129013
13.9905702933236
14.7717206941483
13.7692425171261
14.200776258103
13.9426664680116
14.6430177242897
14.0522553484988
13.158681717816
14.5494661384295
13.3320666805127
15.3536077844283
14.6595481983847
13.9716250348917
14.2378980459734
15.1776064278827
14.3147393442101
12.9819153926242
14.1110223347331
14.4143433812917
14.2953029817239
13.275549533657
13.5523683290878
11.8474108911791
13.929768662012
14.9801859326518
12.703043175677
13.3659216714201
14.1816753885029
16.0072279852999
15.2290338637235
13.8668206708888
13.5904829016461
15.9984243240285
15.877611195182
16.2662692782747
16.5186358378967
15.0444255640346
12.6928535337749
12.7105407922436
15.8072515837429
13.7511141149882
14.1362665777012
13.476422905335
14.7600729604165
15.1101685979221
14.162251352903
15.6235500677219
14.8980532762914
13.3344481781008
14.1268317494609
14.3275716574383
14.5249133897684
13.9981729317042
14.3401692789312
14.6383940528455
15.0509268749152
13.8370844394036
13.901477272181
13.711579196286
14.0658633083269
13.497691123599
14.4906955461019
15.6304716805257
15.3355397970273
15.115008483935
15.0538762141032
15.0437744828971
15.5921130400097
14.3944079839158
15.2922795506851
16.5241286041142
14.1269167901545
13.5987037973329
13.8111344971126
13.9192150062248
14.7646522854496
15.0295452515685
14.04135728882
14.4045069337905
13.1876710780144
14.7007243018332
13.9335998889736
14.5771410987641
14.4305482910864
13.8402072708382
13.6247215719129
13.4200845574791
12.8291044387174
13.8713472588514
13.4288606492979
13.6223092079944
13.5145892292329
13.8651829429863
15.3740957486647
13.1653825842432
14.3635982357046
13.0302171926857
14.1750668661524
14.9562172669772
13.9124561637772
14.3498915131541
14.1271630408404
14.8473231456382
14.20263411556
13.3735468881531
14.7643313087665
13.5469318508498
15.5181346965419
14.8027618450358
14.1864902052287
14.4527632163104
15.3607096360802
14.6264012061021
12.858124040061
14.4182424264174
14.6140077070672
14.5101681520609
13.1533738525829
13.3377197932475
12.1555509878203
14.2419060476199
14.9396612933611
12.9832052039027
13.1507976118639
14.0406068539227
16.1917245581288
15.4075614684423
14.1414758342025
13.8897788169106
15.8762486429544
16.0718151681782
16.4507658511036
16.7031324107255
15.3574951418656
12.9037906054064
12.9174817861609
15.356666948106
13.309996499936
13.1539728806527
13.3413396654721
15.0247552236074
14.3195304141653
13.8148967925435
14.6456459354338
14.082216778662
13.064893314934
14.1425755288891
13.8052908908625
14.0625447292881
13.659548994524
14.18035011663
14.2326313990678
14.6434949876012
13.4999727019517
13.3146493109187
13.4343676148821
13.7317429835521
13.2201389240738
13.7636982407085
15.1931408092738
15.039243892402
15.2851851850715
14.3071432465081
15.2774178484408
15.3132009984466
14.1712290393228
14.8094449395131
15.5453871814745
12.8218752048292
13.3238988859404
12.5435625105416
12.6068854494962
13.8602596585027
15.0425928391232
12.7554683389567
13.2685735972058
13.4989965748973
14.0441715348399
13.9386189015864
13.8509485653373
13.626023082627
14.2850201319179
12.6202860778368
12.4156490634031
12.914946448892
13.5050443577991
12.661152724271
12.4750871019711
13.0782229892773
13.566136064775
14.5968869387418
13.2670216833188
14.0443331847549
11.9446590447835
13.4046989422514
14.0390770551935
13.8874522790973
14.1091351954126
14.6533498916556
13.7958181808743
14.27249448659
12.1303241315028
13.9267604283778
12.7038873112741
14.8035265520581
14.1991137437241
13.0498182973163
13.7184241961218
14.7018243756598
13.5708171903517
12.9797982357815
13.3671001808747
14.7420401663629
13.5423110003393
12.2471919473438
12.9709687911743
12.6135888376648
13.3370564249179
14.5810938723677
12.4563451158426
13.0919209739595
14.0904138582706
15.8007862716088
14.4478448154543
13.4847455196652
13.1024243033837
15.4297472850829
15.4878233024927
16.0014472450133
15.962199092845
14.3450626603797
12.9621059033061
12.6918764567981
