1.05145643940564
1.46717675489724
2.11049701130488
2.72297890561205
3.11365915534208
3.16195345071052
2.48684226871104
4.34786265150623
0
1.46717675489724
2.11049701130488
0
2.48684226871104
0
1.61355202355484
1.5977742317185
2.05097324399725
2.4634632223286
1.05145643940564
3.12188535729675
1.46717675489724
3.16195345071052
1.61355202355484
0
2.61774309374662
2.90765072316071
1.05145643940564
2.4634632223286
4.14185421932486
2.11049701130488
1.05145643940564
1.46717675489724
2.11049701130488
2.72297890561205
3.11365915534208
3.16195345071052
2.48684226871104
4.34786265150623
0
