25.6146606023871
22.582875492606
25.5869786753722
22.8968705831878
23.8581384984846
26.2454067318022
24.8078345901459
24.3775211402992
23.1837462220511
24.1590503902894
24.1721335890664
25.2841828532443
24.3165972768008
24.9737128484994
24.3537523640674
24.1685235505409
24.4061154527109
22.6478137130956
22.3133483119179
23.835685949232
22.8931388450065
24.224086440105
22.3876415815672
23.7059887713594
23.3178020753478
22.77030663082
24.2146132798534
23.2688132378245
23.4290713539619
24.3784335256959
23.714879223008
23.4866304054359
23.8263420909755
26.8569624499353
26.8846443769503
24.9174680062459
24.8427858108203
24.9696708329216
23.5123470003937
23.6605437832849
26.0320078246274
26.9616400516039
25.7220450132696
26.0926714107279
26.6188672979145
25.8344636319598
25.1522823122613
8.971584206762
9.23970202267935
8.9845829255364
9.55369711326119
7.70249450269592
7.96783154772546
7.02767087210697
9.90326103569295
8.34820161557373
11.1225822385642
8.01648959327777
9.96580374402233
10.5217904455198
9.28960674638251
10.5149434017956
11.1292330912508
10.2061960691254
8.90315247605637
9.68074914497252
7.40761045466721
9.12199897181452
11.0941506482253
9.67255765108992
10.8271637837584
9.16305036224945
10.0826070348701
11.0879989731752
10.4190372919379
8.54220741387871
10.2166987470262
9.69701908765902
10.5400674499909
8.99862696322337
7.70095350820195
7.68213726335259
9.63230709337438
10.8332983812092
8.51034825424368
8.68463187264152
10.781718795684
8.65944035851474
9.74512564823638
8.56941500285474
10.0591207388182
8.20791812825296
7.66625687383882
7.51566451892475
9.60168636180633
8.85462336994641
10.9134346003109
8.5219132188348
9.52212094806718
10.1066225228382
8.94134620457064
10.1666828599837
10.777977330929
9.90462139523872
9.43441492788223
10.3071601916221
7.89560410148498
9.74841001846407
10.7458901064135
10.2989686977395
10.5150199355112
9.78946140889899
10.6129637883213
10.7080585147584
10.9493940453891
9.16861846052825
9.70910378871122
9.97022130151472
10.7772254325697
9.50698586253501
7.27996805944531
7.36999341510532
9.21612024454817
10.521154532962
8.83838684082926
9.19299077195318
10.4017783372672
9.15783231147585
8.91520749403215
9.12433285838592
9.22920258461399
7.37799997404873
8.15158361156577
6.68574636472049
10.0870130995333
8.02470521574217
11.3063343024046
7.69199506463058
10.1495558078626
10.6615403783693
9.47335881022283
10.6986954656359
11.3129851550911
10.3899481329657
8.61011579553855
9.45783200630642
7.06568594728076
8.85544092744939
11.2779027120656
9.42574478179088
11.0134118884723
8.89087329602377
9.80840983104372
11.274247077889
10.1507705803761
8.27003034765301
10.3564486798757
9.69871190326282
10.6310920099861
8.67706770833078
7.84070344105146
7.86838536806643
9.77205702622389
11.0195464859231
8.51204106984748
8.36307261774893
10.9679669003978
8.433096922092
9.21387825945749
8.38438954044879
9.46034972354678
7.98130170815329
8.18373671597785
7.96534775089428
8.9755482988337
8.22821232329687
10.2872965373383
8.22777317224258
8.87039347824157
9.616966091753
8.38478239261568
9.61011904802875
10.1262498611034
9.43658531396676
8.98796726384673
9.68725907494433
7.26919305483545
9.21257732702263
10.2503966070073
9.78790963520279
9.88888187253855
9.09552673575689
10.0771310968799
10.2381544222052
10.4135613539477
8.47468378738615
9.2823856814561
9.52556374484329
10.156322296731
8.81305118939291
7.99605971371284
8.04476709535604
8.63130015559238
9.99018012786001
8.60726189513416
8.59235833642519
9.77564027429459
8.78492360432888
9.76788233314559
8.98398608762661
9.90980208351053
8.53530578184139
8.60671043978894
8.41480011085804
9.39852202264479
8.78406263250272
10.7102702611494
8.67722553220632
9.40309911362451
10.2165626389308
8.91658232962399
10.1419189850371
10.6589554964863
9.85955903777786
9.52105047376458
10.285859381738
7.82504336404129
9.66202968698638
10.7831022423902
10.3865099419964
10.3118555963496
9.54497909572065
10.5265834568436
10.5653506789783
10.8630137139114
8.92413614734991
9.88288792700853
9.87739042708019
10.7568245422834
9.26250354935666
8.59656195926525
8.39659377759293
9.2318024011448
10.3420068100969
9.03023561894525
9.12243003450947
10.1028365310676
9.05117662331749
9.34970583616533
9.06681148217733
9.66370092674717
7.5618396593948
8.67536492036746
7.5197384941647
10.2287305997632
8.45820542905971
11.4480518026345
7.87583474997664
10.2912733080926
10.8472600095901
9.61507631045275
10.8404129658658
11.4547026553211
10.5316656331956
9.04461413767173
9.7907529584585
7.5176142681532
9.23762180716108
11.4196202122956
9.78256146457591
11.1526333478287
9.27305417573545
10.1926108483561
11.4134685372454
10.5290411054239
8.65221122736471
10.5421683110965
9.91048189532594
10.8243079742944
9.10863077670935
8.51849069432992
8.49967444948057
9.95777665744461
11.1587679452795
8.47793391439582
8.79463568612751
11.1071883597542
8.89513040048053
8.94184644083835
8.91300610818676
9.25584153142019
7.40463892085492
8.2753413481138
7.1176547078335
9.86814003152303
8.08188222617391
11.0559125860442
7.71863401143677
9.91328231334468
10.4502136281702
9.21802992903286
10.4433665844459
11.0644452091527
10.063131954386
8.51491474561708
9.38582883688612
7.20632676098008
8.73285554300062
11.0283145798835
9.35374161237058
10.763429404993
8.91130909179234
9.76379099615073
11.0172859159015
10.1061517454831
8.27306571691388
10.0745574213196
9.43988800243877
10.4480619467277
8.73040805529126
8.60433936751795
8.58552312266858
9.57978566269673
10.7568445749278
8.31982747748134
8.41641296470942
10.7179844169185
