12.4311896589078
18.0291808194254
16.9699691300085
14.3134638112604
12.5783199227257
13.0203220125362
12.5978843258986
11.9753850547133
18.4781282712127
12.7235054665255
18.0528353281493
13.8321996393404
13.1661945245958
19.7066473560519
13.5616098779984
17.6840080955302
19.8520965193523
19.3146103985338
18.7287901722716
12.0331327836294
11.5542478959817
19.3261213107566
11.9362932394754
12.1116688181711
13.4023568003856
12.1933493496161
12.9623803369199
11.9341671366531
12.5191449901715
12.1255029030809
12.9809302932979
19.1656712814069
13.612428022696
17.5139251546395
18.1731000205762
18.4749575724241
13.0462360240647
12.6922581813314
11.6146160469998
12.3062342123068
12.8341260623281
13.4138629539727
13.5013743691121
13.9889697708804
11.7418030882829
12.6682815260749
12.2123670618709
12.877108376369
14.2815108371156
12.5037273153099
12.401953350505
13.343834136854
18.0817800654764
12.1713741560151
12.0947916342154
13.9428114344386
19.0199488067086
18.7488988148668
18.9240023621891
13.6467587918609
18.3070942228382
18.4742093622702
18.1443616880226
12.4808904576724
11.7248685900739
12.7348258066853
12.1028158689416
12.0790362857252
11.8150417906784
18.0010501186025
17.1662845553317
19.1154136167231
18.503076744945
19.2492795961292
17.4637167021648
13.5113499824843
13.8662580368865
12.3655207474119
14.1325685956603
12.4483615006957
12.8503768668676
12.4856330144053
18.6576599583948
13.4273559384568
19.1929759962457
18.1913745977061
19.1174133353613
12.6073917517987
12.9944917416692
13.9089138867031
13.5353095999731
20.9530427436846
15.478725961684
14.5594417493217
20.578272902775
20.1208568229425
21.2827654829538
20.5920067084363
19.3812903192619
13.4297814575802
19.4437805046514
13.6560125345758
19.9482267264528
19.1760983171747
14.8803045049946
19.658682138976
15.1804929250294
15.0257536682951
14.8865116847639
14.1025101355721
19.9971649706885
19.8283640697957
14.13964839202
21.4230273295586
19.3447508897481
19.0641926333762
19.9380212754741
20.3541511895734
21.4374234920206
19.579933452248
20.9863159728907
18.6756798240651
14.2676523089317
19.7693774375469
13.2606855712081
13.8899209593751
13.9514124941389
19.4689217836579
20.1866927854269
19.4123158201392
20.4297098072828
21.6408289410047
21.0631339029295
19.9378481880567
19.387458415467
20.7048401239916
21.0365926941411
21.2374526037829
20.4350756814379
20.3494022054401
19.8659275520347
20.2739549238007
19.592704676029
15.5072605515702
20.3518067482693
20.2694255208305
21.1843512437267
13.9583087577192
13.95690468952
13.6987802545026
20.9491727365249
14.023915161637
14.1902013079351
13.5468885135212
19.0032640301417
18.6099345663545
20.3474701001557
19.4426026360573
19.9553145183088
19.3744196965172
14.6480323157358
14.5655893687873
14.08189648351
13.9109535272253
14.3362331595964
15.0571506060261
21.701765703815
20.1368308610299
19.0127271737963
20.9365829340244
19.170992565009
19.3590794647531
19.0164335678717
15.4844350244356
19.600049692406
15.6515028452866
15.3404705692669
15.6249651102591
18.934259408688
21.8346188968288
16.054492960239
14.917845871236
20.9707968438375
20.2030980656402
21.9577307098759
20.7030249680224
19.6805705094652
14.0480242779992
20.0876262760669
13.7930076789699
20.5920724978683
19.8145482265831
15.1613150932049
19.9082366534634
15.5406432707778
15.2866478558434
15.3378929162793
14.4626604813205
20.9203924123972
20.7404321668312
14.4785264125662
21.9889832696566
20.1891652913339
19.5117066740838
20.5186928362193
20.8280015277367
21.5464194556609
19.7203418486597
21.2603141140695
19.5747007556978
14.5152737546185
20.5065161159932
13.3876034504978
13.8897105648666
14.0631401928757
19.8171650671833
20.8143177392454
20.0456021437453
20.684325794694
22.1543301557367
21.4587174595584
20.2347429756477
19.752205228635
21.316913749028
21.330451083879
21.3413893549366
20.4403236635536
20.372961164016
20.2192323084838
20.6484066949042
20.2676699029511
15.608680980564
21.1702086907433
20.6619494618929
21.548815344849
14.4555955346607
14.4553468834794
14.1960670314441
21.1556643824181
14.3616377651655
14.7659683064901
14.0738916295012
19.302544220345
19.2848997932766
21.1007021086122
20.2354855210824
20.6302797452309
20.0020446503358
15.2309197827028
15.1496153823517
14.4230858456142
14.2498315477716
14.3321512830094
15.0493225616919
22.1378451319907
20.7294005166409
19.3666318271091
21.3291068750869
19.2794088009421
19.7073227482785
19.6434850928168
15.8250413656529
20.0475637331135
16.0084794194187
15.8119682014442
15.9856878521384
19.666234501332
20.7623718200372
15.086073454079
14.4026556883559
21.1054353496391
20.2016648953697
21.4775082139245
20.7121396395479
19.399120679116
13.2867549118566
19.7627202604824
13.5767507300941
19.8513814049783
19.7910577345146
14.8945051482213
20.0655937205218
15.2956952027583
14.8328870375065
14.8835078486801
14.1996455089341
20.5978780314208
20.7327935655635
14.0247064626909
21.0162573480181
19.2270817153926
19.6684817529979
19.2140468950384
20.780766285107
21.2772533606785
19.4216884411661
21.1732826296052
19.2456088784478
14.6775353838672
20.0737372423203
13.1814237667264
13.6734414707761
14.1593474141489
19.9745221342417
20.3973617046235
19.6179868558747
20.1066616480412
21.6424953424952
21.5897598755594
20.3657853916487
19.7135792290193
21.4832038072034
21.3766823616205
21.3149757533916
20.4139100620087
20.8488882652522
20.3837403006893
19.9016554501999
20.2136243148358
15.9974037652429
20.6112538040792
20.7995704091189
20.476395911723
13.4685525656808
13.4632770154032
13.2090240624642
20.6939381090208
13.6003683990228
13.4614221230503
14.0510652546336
19.7632665288541
19.2308542051613
20.3112947271242
19.4022414013603
20.0191500223736
19.417229578536
14.5972123401787
14.5147693932302
14.3954949606577
14.2257074213909
14.8580543277772
15.4278023789252
21.6527221375243
20.6621347256014
19.1129631074011
21.0340495573938
18.9283064859628
19.4542360167147
19.2271024870683
15.6529288940139
19.7938950134055
16.0238998092772
15.5687663572589
15.7480780247732
19.6490630120835
