12.3341048768164
12.6975375372765
11.7421024365851
13.1936728072701
13.3615318877189
12.7548216978894
12.1825109915892
12.0454683912454
12.3216870007494
12.7450308002141
12.3914182213179
12.468134759578
12.0989900934503
11.7947553377695
12.1629073213215
12.0860904997134
16.3909677642752
12.5016128429635
11.6487085790503
12.3760085276283
16.0922201238001
16.2519672705723
12.2712992312108
11.9534219088781
11.9001840946254
16.1843176524364
12.2164480849384
11.3909528576523
12.336567201165
11.9245021749503
15.8704734886057
11.5654673182435
16.3668349283566
16.0034091782303
16.1136713826559
16.0150204281596
11.7297697536825
11.9448864430641
11.7944224978889
11.4110630511521
11.2687856653133
11.2199963524552
12.8133483672517
12.2517401153547
12.1048196113245
16.4879197522985
11.2373793523959
11.8419856676291
16.3282040683699
15.6835931950353
16.0126815345784
11.7803163048282
12.1143347707799
12.1599593520853
12.2389889696615
12.0357602608349
16.0693419550385
15.9718598574647
12.2203095526758
12.0067405213673
15.7363713878014
16.0736211024692
16.2333367863979
15.3199281150855
15.7171521790595
11.489443462851
16.3194803217534
11.5501649185959
16.0581668213931
11.3775590635364
16.5633898505385
16.4036741666098
12.4658321744072
11.1729753556869
12.0208539377863
12.0128477558952
11.7867104744868
16.0037534109869
16.3691018261504
15.8788332096891
11.6506782837808
11.5214772308616
12.4230307727835
12.0752166357449
11.8741259702661
12.0273243711795
11.9309794058357
12.8789507018915
13.1606543145566
12.6745583143109
12.8461597534606
12.8782579977904
12.6631413084088
12.6913444278744
12.817956633995
12.8690701372171
12.6793611814167
13.1029008824062
13.2839674966499
12.4857965726082
12.7956997359387
8.48948052946768
8.26297895901988
8.77467314254824
6.5868075788708
7.46334722393975
8.85541589703438
8.24768597303917
7.51710220816909
7.7599961696969
9.13687917581089
8.13945618632215
7.68618909442274
9.3978217104908
10.158889579274
8.86451725091806
9.15725790115776
10.9742090954292
8.79345844210856
8.9920500171942
8.7678896611681
12.0423418237356
12.2117072128405
8.14641254121165
7.69530841545115
7.66691011160341
11.5556653699756
8.68291699142002
7.5845171331589
8.39977053220882
7.39608755520212
10.8483355888911
7.5406170399836
8.49351889699401
8.43598698312568
10.9660484116031
10.2873675347287
9.20761813042472
9.30000907001266
8.72380144006593
8.48771875190921
8.40909988131581
8.69784472919739
7.91534387411198
7.11669818234712
7.93969768471179
10.5521773326624
9.45479725152882
9.55583922527376
10.1179995809787
10.5147027771035
10.6657194850614
7.03014881682813
8.24138529334364
8.10577902473418
6.78920260158782
7.59973059453979
11.2952610261999
11.4969272492691
6.65665137349772
6.39195584921841
11.1936733020654
11.7201700277649
12.1930767286661
11.4334645291867
10.4479161946681
7.44930336897738
11.2548018232933
8.52510654678078
10.9910915751157
8.56343484627715
10.980630053002
10.5534077353278
8.75112594991694
8.11804508382181
8.08606255793337
8.35509365012297
8.38717878774321
11.945948235357
10.8023944486363
11.2560247054076
9.71721303194735
8.60749665949638
7.26800768798535
8.8332623276776
8.56857901831788
7.84560425318207
6.22963399988936
8.36514973612771
8.9542697747399
8.76998537634522
8.67165991723111
7.92741888306763
8.52170832392756
6.38221209567922
7.29870232014059
8.9363424517617
7.34198200119961
7.91806262091866
7.93916534531485
8.97043423522089
7.65957748487955
8.17090099680843
9.71617071852715
9.7164804094152
8.13906709094898
9.03589112402619
11.8978120842778
8.6425513837833
9.41679065133862
9.19263029531251
11.7099838500697
12.5383971162352
8.4579053523717
7.55871938610767
7.84500544782374
11.6460595364913
8.67434700439051
8.48662458956484
8.66839800026608
7.57372714263528
11.7316831287572
8.17833345786855
9.58870022033017
9.65180492863739
10.8882055143668
11.4283725898562
8.47687244309236
8.1920117663142
8.27512801665611
8.24811598162979
7.79224549467025
8.45824195891794
8.39805046621511
7.04876631125384
6.54012107115275
10.9846374044582
9.33343047439722
8.72882415916395
11.1130700715492
11.0858902996269
11.5479931855298
6.5303648188888
8.42055446896158
7.60599502679483
7.79797764639052
7.01859906006108
12.6818375398538
12.4031082155941
7.04879633285621
7.17399089259372
11.6402331867257
12.1570563820989
12.0286237150078
11.7480196265538
10.5697253553695
6.72385320900831
11.0290893645515
8.70320188300109
10.1616379020935
7.87878584070137
11.6617271778953
11.7901598449863
7.32002750096963
7.66968821776747
8.89769345538488
8.72700876240656
7.37220807043519
10.7650531148955
10.8834130729927
11.9806997338664
9.23203880314148
7.59056203763454
8.240312133104
9.04395333868379
8.96953943106743
8.81790869830074
7.44750990353447
9.16477525219516
9.13343895035784
8.94915455196316
8.45654322784948
7.71230219368601
8.42144866596537
6.6670727724574
7.08358563075898
8.72122576238007
7.62684267797778
7.81780296295649
7.7240486559332
8.97043423522089
7.44446079549792
7.9557843074268
9.53862221788893
9.43161973263703
7.92395040156734
8.82077443464456
11.8978120842778
8.42743469440167
9.20167396195698
8.97751360593087
11.7099838500697
12.5383971162352
8.36551441278375
7.84358006288585
7.62988875844209
11.6460595364913
8.45923031500888
8.3557607152749
8.53753412597612
7.85858781941347
11.6303723319086
7.96321676848692
9.30383954355198
9.55049413178877
10.7868947175182
11.3270617930075
8.1920117663142
8.47687244309236
7.99026733987795
7.96325530485161
8.07710617144843
8.17338128213976
8.39805046621511
7.33362698803202
6.82498174793093
10.9846374044582
9.1183137850156
9.01368483594212
11.0117592747006
11.0858902996269
11.4466823886812
6.35281631825056
8.20543777957994
7.42844652615659
7.62042914575227
6.80348237067946
12.5805267430052
12.1182475388159
6.8336796434746
6.95887420321209
11.3553725099475
12.0557455852502
12.0286237150078
11.6467088297051
10.4684145585209
6.50873651962668
11.3139500413297
8.48808519361944
10.1616379020935
7.66366915131974
11.6617271778953
11.6904146255135
7.60488817774781
7.45457152838584
8.72014495474664
8.51189207302492
7.08734739365701
11.0499137916737
11.1682737497708
11.8793889370177
8.9471781263633
7.30570136085636
8.14005247514181
8.82883664930216
8.85924735994763
8.70761662718094
7.34725024557228
9.07238431260721
8.91832226097621
8.73403786258153
8.3346652038815
8.10816363343372
8.92498425012487
6.190910551404
7.30853189835355
8.70060057144821
7.85178894557235
7.66741331574572
7.60518084411072
9.09412766977937
7.98464086073598
7.53137376883657
9.72029035881594
9.61328787356405
8.70970192533186
9.00244257557158
10.9305069461715
8.63864311652239
8.83723469160802
8.61307433558193
12.0045924567813
12.1739578458862
8.73477930586871
7.33482216704655
7.51209478601724
11.5194595226654
8.52810166583383
8.15410375924327
8.90679901906107
7.03560130679752
11.2659330615596
7.38580171439743
8.33653440544568
8.58318899368246
11.4283276157924
10.749646738918
8.61925136576768
8.90411204254586
8.13543467540889
7.8993519872522
8.01320285384901
8.10947796454035
7.8206354121256
6.75621193394251
7.57921143630719
10.5084751834048
9.29998192594262
9.19535297686916
10.5355970536472
10.4769534101492
11.0833169577299
7.35261746515326
8.08656996775744
8.4282476730593
7.11167124991296
7.44491526895361
11.7575402303893
11.2952610261999
6.50183604791154
6.23714052363223
10.9920070789962
12.1824492319542
12.1553273617118
11.5806665397434
10.5951182052248
7.2944880433912
11.1961560689048
8.37029122119461
10.947389425858
8.40861952069098
10.9399934983154
10.9686809459336
8.39063970151236
7.96322975823563
8.40853120625852
8.20027832453678
7.84157708203327
11.8356653154382
10.6921115287174
11.4032267159643
9.12884626729031
8.01912989483932
7.41831879556194
8.6784470020914
8.70885771273687
7.98588294760108
6.37994510746597
8.95351650078474
8.79945444915371
8.61517005075905
8.61135855343565
7.86711751927218
8.27113755838876
7.06296979992422
7.23840095634516
8.87604108796624
8.02273970544458
7.66749185537988
7.87886398151939
9.02692358672627
7.5992761210841
8.11059963301297
9.21615356956377
9.97722143834697
8.07876572715352
8.97558976023075
11.9415142335355
8.58225001998784
9.35648928754316
9.13232893151704
11.747733217024
12.5761464831895
7.77714764812673
8.20406631129049
7.78470408402826
11.6838089034456
8.61404564059508
7.8624700738965
8.04424348459777
8.21907406781807
11.2127748592401
8.1180320940731
9.46082403510033
9.403292121232
10.3246155133289
10.8647825888182
8.77667495202513
8.87276947055919
8.57863410453498
8.54791849056255
8.47300319891524
8.75804446785072
8.49275892820148
7.69411323643662
7.18546799633555
11.0283395537158
9.27312911060177
9.37417108434674
10.5941618020321
11.1236396665812
11.0290849160127
6.03034766992542
8.36025310516611
7.10597787783146
7.29796049742711
6.95829769626562
12.1182475388159
12.3199137618851
6.98849496906075
7.11368952879826
11.5570387330167
11.5934663810609
12.0663730819621
11.4995068191484
10.3212125479641
6.66355184521288
11.3725957957182
8.64290051920563
10.2053400513512
7.81848447690589
11.7023637325819
11.2751414149077
7.96537442615244
7.60938685397203
8.39767630642152
8.66670739861109
7.63294909936695
11.1601967115925
11.2785566696897
11.732186926461
9.53184131207422
7.8940681255134
7.9897413675652
8.98365197488835
8.71896866552865
8.56733793276194
7.19693913799566
8.4840175479502
9.07313758656238
8.8888531881677
8.59274105900992
7.60292856632
8.56782252013733
7.28992376402495
7.46535492044589
8.61185213501408
8.24969366954532
7.71860535860199
7.61467502856722
8.7627346337741
7.33508716813193
7.84641068006079
9.02169561425943
9.78276348304263
8.30571969125427
8.7811318049264
11.9228967391098
8.80920398408857
9.33787179311743
9.11371143709131
11.7291157225983
12.5575289887637
8.00410161222746
8.18544881686478
8.08138904577683
11.6651914090199
8.84099960469582
7.84385257947079
8.2711974486985
8.20045657339236
11.1941573648144
7.85384314112093
9.4422065406746
9.38467462680629
10.5515694774296
10.6005936358661
9.07335991377371
9.16945443230776
8.80558806863571
8.59903199378466
8.52411670213735
8.80915797107284
8.22856997524931
7.42992428348444
6.9910100410312
11.2552935178166
9.07867115529743
9.1797131290424
10.8211157661328
11.1747531698034
10.8346269607084
6.32703263167399
8.09606415221394
7.40266283958003
7.2793430030014
7.18525166036636
12.0996300443902
12.3012962674593
7.21544893316148
6.84950057584608
11.3625807777123
11.8204203451617
12.2933270460629
11.305048863844
10.5481665120648
6.89050580931361
11.6692807574668
8.93958548095421
10.4322940154519
8.04543844100664
11.4381747796297
11.0109524619555
8.19232839025317
7.66050035719412
8.44878980964363
8.71782090183321
7.43849114406262
11.3871506756932
11.5055106337904
11.9591408905617
9.33738335676988
7.69961017020906
7.72555241461302
9.03476547811046
8.77008216875076
8.30314897980978
7.17832164356994
8.21982859499803
8.80894863361021
8.62466423521553
8.37214560248302
7.73827866516463
8.60773599471742
6.58201252990483
6.80473005008817
8.44237018170926
8.0572223616137
7.87454919069307
7.50060359986458
9.44809549370753
7.66489522228089
6.86416565957786
9.94420493235819
10.3147460873173
8.14438482835031
8.92492153762151
11.7253621699736
8.14857911373085
8.97822890588836
8.75406854986224
12.5522638694078
12.9367976527216
8.62654460004971
8.06552683502368
7.24410083002533
12.1809342898665
8.18037473433806
8.67207089138842
8.85384430208966
7.89860005136929
11.8378687085806
7.36337921693196
9.24467197153846
8.89903366254431
11.2438126217375
11.1581656741933
9.07513812099444
9.29025481037607
8.49039101091041
8.87188655432661
8.91599343352688
9.05650763682002
8.26354278067234
7.37363921998784
7.89931558136287
10.812187490154
9.2479657827873
9.77800339708101
10.648405200582
11.3219479637653
11.4918358930051
7.13796377815909
7.98199272351131
8.21359398606512
7.55318954436666
6.82945884215809
12.4116306241909
12.2973892389642
6.23384209191963
6.16457869635279
11.748563833234
12.2632419619223
12.4270242514943
11.0617510663928
10.3878045400671
6.72917094640965
11.5711707573389
8.10229726520268
11.0039179214316
7.84330242370945
11.4924311157601
11.3286488261881
8.46517238804158
7.88905557830699
8.38769729532761
7.82878100361853
8.30081069528146
11.9587745816729
11.0624046061278
11.1832467362525
9.78107668254849
8.47836350808751
7.41189862894954
8.81944121637173
8.87882321585371
7.94229240915816
6.61909639938001
9.19436706917101
8.69487720490758
8.5105928065129
8.90700793031972
8.07770886428889
9.21667741868082
6.20337301561545
7.63530316626532
8.78180038083352
7.67858284732432
8.22841282644332
7.78989446917485
8.96021078978305
7.95418609159117
7.2035958587021
9.84526420293768
9.8948016923208
8.9248186147135
9.21421240693178
11.4734015456876
8.97915222990801
9.51309123372508
9.28893087769897
12.2501639153078
12.6346976986216
8.93882482398678
7.51070134300379
8.02453461638851
11.8777678490804
9.01094785051524
8.72197260265347
9.14931747188116
7.29363522953543
11.8279837111437
7.65267008624224
9.16428968173994
9.22739439004718
11.529638412641
10.9027092182299
9.1463366430509
8.86147596627271
8.61172886278085
8.6975136178566
8.24164313089707
8.88213470035001
7.87238709458877
6.52310293962752
7.04877930100255
10.8057983243944
9.53725665209757
8.93265033686431
10.9342309914854
11.0198480096652
11.2363794370417
7.5301659657915
8.27128359282158
8.60579617369754
7.74995960328661
7.66003195833524
12.401745626754
12.1230163024942
7.01427587828279
6.50400889547703
11.3286194382376
12.4989284230118
12.3704957559207
11.139082737076
10.9115973962824
7.50960473277284
11.2086185331163
8.88273105156587
10.947389425858
8.62373621007261
10.9917451807786
11.1201778478696
8.10577902473416
8.42391790614371
8.53432802443358
8.36364333145524
7.88086630028499
11.55080463866
10.7045739929289
11.8018606538026
9.36113228755201
8.05841911309105
7.57033013598731
9.35430354420843
9.27988963659209
8.14792670118408
7.02309936494423
9.01550437605518
8.98416807421785
8.79988367582318
8.97675191771627
8.34288498039791
9.04084994755091
5.97740621467156
7.40933636532142
9.04697649694253
7.45261604638043
8.29815681383987
8.10520991509784
9.27552623570605
8.26950153751416
7.46877197481112
10.1605796488607
10.2101171382438
8.74899114358358
9.52952785285478
11.4930062032702
8.75318542896412
9.58283522112161
9.35867486509551
12.3199079027043
12.7044416860182
8.76299735285687
7.53030600058635
7.8487071452586
11.9475118364769
8.78498104957134
8.79171659005
8.97349000075126
7.36337921693196
11.8977276985402
7.96798553216523
9.1838943393225
9.24699904762973
11.3036716116971
11.2180246641529
8.97050917192099
8.6856484951428
8.38576206183694
8.76725760525315
8.31138711829362
8.95187868774654
8.18770254051178
6.83841838555051
7.36409474692556
10.5798315234505
9.85257209802057
9.24796578278732
10.7082641905416
11.0895919970618
11.5516948829647
7.35433849466159
8.58659903874459
8.42996870256763
7.76956426086917
7.43406515739134
12.4714896141505
12.1927602898907
6.83844840715288
6.76918501158605
11.6439348841606
12.3231009518819
12.1946682847908
11.454398182999
10.7357699251525
7.33377726164294
11.0327910619864
8.70690358043596
10.7715619547281
8.4479087389427
11.2569212968876
11.3853539639787
7.92995155360424
8.49366189354026
8.60407201183013
8.43338731885177
8.196181746208
11.3749771675301
10.478607191985
11.5758938528587
9.676447733475
8.37373455901405
7.83550625209632
9.42404753160498
9.34963362398862
8.41310281729309
7.04270402252679
9.33081982197818
9.29948352014084
9.11519912174617
7.91408714380067
7.80038236345496
8.2839482271096
6.34679308720553
6.75517916984836
8.39281930146944
8.00767148137389
7.5270265394701
6.93903132550342
8.9900370350252
7.31849134212868
7.22359249885781
9.6188538733342
9.94016722979822
7.79798094819812
8.55034268010247
11.4901427272743
8.08529038801717
8.41665663152719
8.19249627550107
12.2058599892556
12.3752253783605
8.16848614136737
7.91246213910503
6.81442343202168
11.7217935418257
7.97474893732861
8.0977336503675
8.39578584340731
7.25487303022744
11.2762964342194
6.71965219579013
9.00945252883915
8.66381421984501
11.3059163200278
10.5144386530514
8.70055926347538
8.91567595285703
8.36106119860696
8.4718028020128
8.51590968121309
8.68192877930096
7.61981575953051
6.72991219884601
7.76696132434886
10.5769680474547
8.84788203047351
9.38310286491082
10.4131857578827
10.8922705657616
11.0621584950015
7.00560952114506
7.42042044915016
8.08123972905111
7.40012484844803
6.8915625404484
11.7679036030491
11.6536622178224
5.59011507077781
5.9293592536535
11.3188864352304
11.7016696875611
11.8654519771331
11.2267199503684
9.82623226570593
6.38276706625746
11.1414933593353
7.67261986719903
10.6575140412794
7.49689854355725
11.2572116730608
11.0934293834888
8.11876850788937
7.75670132129298
8.55266617930322
7.99374988759413
8.16845643826744
11.6123707015207
10.8271851634285
10.9480272935532
9.4557256235245
8.3460092510735
7.17667918625024
8.47191856514874
8.53130056463073
7.70707296645885
6.38387695668072
8.63279479480985
8.13330493054642
7.94902053215174
8.38477657903762
8.40498867868823
9.15406714906334
6.28508137148833
7.71701152213821
9.10908019523285
7.76029120319721
7.9202310982994
7.75880603494565
8.92912235555384
7.92309765736196
7.53087567310143
10.0282253918467
10.0777628812298
8.64815872195783
9.39717359584077
11.309538443034
9.06086058578089
8.99085988244296
8.76669952641684
11.7279325640257
12.1124663473395
8.66216493123113
7.34683824035022
7.96192434677103
11.3555364977983
9.09265620638813
8.19974125137135
8.8726575791255
6.77140387825331
11.3057523598615
7.62158165201303
9.00042657908636
9.06353128739361
11.6113467685139
10.8716207840006
9.08372637343342
8.79886569665524
8.69343721865373
8.38933188971268
7.93346140275315
8.57395297220609
7.84129866035957
6.49201450539832
7.23174048991154
10.8875066802673
9.72021784100656
9.1156115257733
11.0159393473583
10.7116662815213
11.4193406259507
7.46755569617403
8.24019515859237
8.54318590408008
7.58609650063303
7.74174031420813
11.8795142754719
11.6007849512121
6.73761598552713
6.83128870987638
11.5115806271466
12.2222685302561
12.0938358631651
11.322043925985
10.6349375035267
7.23294484001718
11.1460082634988
8.82012078194839
10.6707295331023
8.34707631731695
11.3190249951779
11.447457662269
7.8291191319785
8.11573617799979
8.22614629628966
8.05546160331131
8.06382748919398
11.2741447459043
10.7862823488018
11.8835690096755
9.54409347646099
8.24138030200004
7.89760995038665
9.04612181606451
8.97170790844817
8.47520651558341
6.85923626229066
8.98441594182597
8.95307963998864
8.76879524159398
