13.0970577511116
12.6037422772627
13.8044158016076
12.4239435092376
11.9479607812449
14.2254729621389
12.9234183813343
13.2280993249353
12.9757863056332
10.3883017744671
13.9842756652081
13.4227543039866
12.0222885979966
13.2931794183903
12.8773294009507
10.5502108264593
13.3951534860113
13.7032817736192
12.328155139701
11.953034188294
10.8728535510878
9.85703526369215
10.4086744478962
12.7608203003497
6.10658798370545
6.51206120380649
5.76636597795542
6.8637345032562
5.16229434556091
5.80207622415308
5.23738831787087
6.53753845524411
5.23989525634769
5.64863740999571
5.3802840902863
6.50501643405108
5.68661655082447
7.04094068621115
4.19840596009799
6.96314698866927
5.37718025928302
6.05393405838041
6.6160010046267
4.56911224621041
5.57082794782537
6.1915130858733
6.18846650471327
