10.5935891323353
11.344364948549
10.4902876703256
11.6412673089074
8.02900548372099
10.1663187915639
9.90511852217142
10.9663397562632
11.1931361506117
10.8418184033018
10.6079670024576
7.22410851225654
8.13412412276541
10.6088024671993
10.1134518176862
8.82166342208252
10.2906753150266
10.2584670020239
8.12505698579584
8.33542982252894
10.6097237054521
11.9892713438981
10.0505297634036
9.38919584805087
8.04304099876208
10.0533743900382
11.286422863612
7.81598899523388
8.4616402063532
7.6500817574554
8.20712475996679
8.41379613893113
11.1563890489421
11.3607826592247
10.2799148335925
10.4455937562065
10.6947187065791
11.1719774512808
10.4522190623552
11.351185387387
9.53899774533598
11.3473741340417
10.4311436315297
9.92179768896654
10.6310690218862
11.1101461614546
10.4016353369765
10.880055060268
10.6772396548191
8.15546943919952
10.8754967743386
10.6065011705264
10.0892677467509
8.30169957670994
8.38417840687391
9.64407169769228
10.8563643224199
11.3823502880139
7.66445962757763
10.3319977141779
8.43884291313398
7.40953092952262
8.46027980692153
11.1173129450207
7.87473426243248
11.1946128694256
8.28792250461444
8.80348477547997
11.2082469703412
8.42581531966974
10.3708516963295
10.6039302489284
7.04994153077989
8.42050458651705
8.29638884355728
8.18357746557139
8.41529561873858
7.98833030446112
8.63618815640282
8.22152319540703
10.1215526228902
10.8276527069166
10.680442704969
10.8419864522976
11.3722717050951
10.593044538657
8.24317909693438
9.89941711646351
10.7472339073663
11.5378592812326
10.7394621142591
10.5039327077467
10.6877593557503
9.9893360747264
11.1733932454431
11.0201071287969
11.3185899000338
11.0878105517521
10.928032864822
10.7985984508572
10.5988016145936
10.6760510135529
10.7717098088346
10.9116561001011
10.6257301961065
10.8471989345559
11.0344912884265
11.1600534200634
10.998448440746
10.8357919640336
11.0469957708195
10.9068303618347
10.7640845611575
11.0293777991389
10.8196694373
11.0680667572623
11.0024891571163
4.30403794223814
5.78340402366292
4.87443060327332
5.23558718646933
6.18868331536243
5.1617879344881
3.38304343241251
6.17576630894828
5.52508516991227
5.81244250112707
4.03369799905144
5.24088498775964
7.42083737097082
6.3242240663305
3.95838143561474
6.10713732457816
5.83246672209955
4.32105533026623
6.99401192899222
6.73988867887009
5.27565825502019
5.21490824056264
3.84776847412152
4.16128907114742
5.33918999537163
4.70693868371579
4.56425367392369
5.16315534044074
6.03218155321778
4.99694602344873
6.1269045737583
6.36962260654944
5.80496992591578
5.78568355841836
5.05539040200827
5.15431535927684
5.13502899177941
5.21515666112705
4.41958135250101
5.78455357169528
3.94988658459701
6.36813174961038
5.35161309968456
3.75805524445839
4.93925131484781
6.10727262039407
4.7949262497583
4.65443611007463
4.56390641759054
7.08443043079845
4.47431965833717
5.64096846717231
6.31420915183666
6.27428958498535
6.02813684144044
3.7810137251205
3.92924691611563
5.03419686239212
4.64554559730368
5.26071289175668
5.6474416787766
5.00965446277819
6.57645866907502
5.589352010352
6.51533162737171
5.42962502865852
6.42629873925308
5.92817042087304
6.47452928209022
6.5590823700478
5.62948961692894
4.56644854403213
5.39790031538236
7.33730823817142
7.05251545310898
6.65304059319037
6.17357769820866
6.49732413599162
6.32220136900719
6.50809161651179
5.33072664378703
4.84966455559446
5.61247222890086
4.19958685930231
6.40223599530447
4.86274259904869
6.49465268146498
3.95416600660135
6.76908604154403
5.67928602593852
5.06667504956749
6.12831890433206
4.86835060647132
3.76033477921381
4.14811438217735
5.66160426188709
4.75263084149748
5.11378742469347
6.03275975530163
5.0058643744273
3.26124367063665
6.0198427488875
5.40328540813643
5.65651894106625
3.91189823727559
5.11908522598381
7.29903760919497
6.1683005062697
3.80245787555394
6.04125876510797
5.71066696032371
4.16513177020543
6.83808836893142
6.6860776796252
5.15385849324434
5.09310847878679
3.69184491406072
4.00536551108664
5.27331143590143
4.55101512365499
4.44245391214784
5.00723178037993
5.91038179144194
4.84102246338793
6.00510481198246
6.21369904648864
5.64904636585499
5.62975999835756
4.89946684194747
4.99839179921604
4.97910543171861
5.05923310106627
4.29778159072517
5.62863001163448
3.79396302453623
6.21220818954959
5.19568953962377
3.63625548268253
4.78332775478702
5.95134906033327
4.63900268969749
4.49851255001383
4.44210665581471
6.92850687073765
4.35251989656132
5.51916870539647
6.15828559177586
6.11836602492455
5.97432584219557
3.6250901650597
3.80744715433978
4.91239710061627
4.52374583552783
5.10478933169587
5.52564191700077
4.8537309027174
6.45465890729918
5.4334284502912
6.40284623232354
5.30782526688267
6.31381334420493
5.86229186140287
6.31860572202942
6.403158809987
5.47356605686815
4.41052498397134
5.24197675532156
7.18138467811062
6.8965918930482
6.49711703312957
6.01765413814788
6.34140057593082
6.25632280953701
6.44221305704161
5.17480308372623
4.69374099553366
5.45654866884006
4.04366329924153
6.28043623352862
4.74094283727285
6.38216728641683
3.79824244654056
6.61316248148323
5.52336246587772
4.91075148950671
5.97239534427126
4.74655084469548
3.60441121915299
4.60745047612869
5.92174029262787
4.66245821365513
5.72395741511927
6.1033256522083
5.14420064339225
3.68645596630304
6.1197174793909
5.31311278029408
5.79485521003119
4.33711053294199
5.22329769666379
7.3123676301385
6.21575432549821
4.05798146722003
6.23068182729568
6.00926452952602
4.62446786415677
6.88554218815992
6.63141893803778
5.16718851418787
5.33845274328014
3.76241081096741
3.94931668152924
5.23072025453931
4.88373649114227
4.68779817664121
5.07779767728661
6.11809691090779
5.5092607232109
6.26524084272324
6.31357377699204
5.90456995752106
6.1036131596582
4.84341801239007
5.25391539088213
5.45295859301925
5.51856919501762
4.59637915992749
5.53411964361554
4.12668439202349
6.49167625232791
5.43752845737457
3.89639151342332
5.06279581756534
5.80441778103945
4.58295386014009
4.97236571131448
5.07622111735272
7.40236003203829
4.77773219222772
5.74999590254052
6.2966218607408
6.39783408770289
6.54045154120263
4.26938395377044
4.4415616158778
5.33760939628267
5.15786029706587
5.36031292336197
6.15975637853879
5.49802469142814
7.0887733688372
5.89276454424255
7.00370185602164
5.91799525730845
6.72028386938071
6.03719785624126
6.59807378480774
6.65868240165308
6.14180431669114
5.07876324379433
5.57469812280883
7.43690826977669
7.1760599558265
6.40260666511065
6.49150729944853
6.98569436464155
6.6161864991348
6.29611922689362
5.46906291275195
4.95869199096266
6.12478692866304
4.7119015590645
6.50183602690974
4.97177003441691
6.61819718418252
3.86880834344724
6.55711365192582
5.80283052865605
5.16627508117278
6.22791893593734
5.35672083512127
3.88387928193131
4.19958685930231
5.96460735971263
4.62801533309009
5.5583678390397
5.88984713390427
4.72098756578254
3.27859234947668
5.96819944795334
5.27866989972902
5.37164213242148
3.92924691611562
4.80008461905408
7.17565567268734
6.07904236804706
4.08677698966279
6.21158840751396
5.78043655043865
4.21660424733039
6.74854122407166
6.49441797394952
5.03018755009963
5.31935932349846
3.54893229266338
3.9148738009642
5.09457743250489
4.65490851205487
4.66870475685951
4.86431915898258
6.17273485220086
5.29578220490687
6.30536171666701
6.15930955241349
5.93336547996384
5.69574954283183
4.80897513182504
5.28271091332489
5.0450949761929
5.11070557819124
4.3675511808401
5.7700228342139
3.89785641293612
6.47258283254621
5.49491259180864
3.94011672256195
5.04370239778363
6.05618701399582
4.54851097957504
4.56450209448812
4.86274259904869
6.99449641521193
4.36986857540136
5.14774718719184
5.8734087831311
6.37874066792115
6.32697302289857
4.10379437769086
4.22808309757377
4.9297457794563
4.94438177876184
5.38910844580474
5.94627786023474
5.33243511534857
6.87529485053317
5.48490092741616
6.83811227994207
5.75240568122889
6.36030919477881
5.43494914089256
6.57898036502604
6.68747792409583
5.92832579838709
4.86528472549028
5.34587014372144
7.46570379221947
7.15696653604481
6.63985883071774
6.08364368262215
6.82010478856198
6.25621182453291
6.26167634632854
5.51192997983672
4.35644327561397
5.91130841035901
4.49842304076047
6.53063154935252
4.36952131906821
6.59910376440079
3.65532982514323
6.52267077136078
5.78373710887432
5.19507060361553
6.2567144583801
5.1911312590417
3.8647858621496
4.00520176077998
5.70837802615412
4.37178599953158
5.30213850548121
5.69718763086154
4.55323459056601
3.02236301591819
5.80184889787698
5.02244056617052
5.20388915720494
3.67301758255712
4.54385528549557
6.91942633912883
5.88465726952471
3.89239189114045
6.0112802762611
5.52420721688014
4.05025369725405
6.55415612554933
6.3113520917782
4.77395821654112
5.06312998993994
3.35454719414105
3.74852325088783
4.89426930125205
4.49898495199409
4.41247542330099
4.66993406046024
5.91650551864235
5.10139710638454
6.0491323831085
5.96492445389114
5.73898038144151
5.53982598277103
4.6145900333027
5.08832581480256
4.8891714161321
4.9163204796689
4.1113218472816
5.57563773569156
3.70347131441378
6.27819773402386
5.30052749328631
3.68388738900344
4.84931729926132
5.86180191547349
4.35412588105271
4.37011699596579
4.60651326549019
6.80011131668959
4.11363924184286
4.89151785363333
5.7174852230703
6.18608116487843
6.14390714072725
3.93744382761452
3.97185376401528
4.67351644589779
4.68815244520333
5.22270444559695
5.69004852667624
5.13977561230585
6.61906551697466
5.29051582889383
6.68889094191198
5.49617634767039
6.21108785674872
5.2346410096397
6.41262981494968
6.4930928255735
5.76197524831073
4.69753175027375
5.15148504519911
7.27131869369714
6.96430703300209
6.44547373219541
5.88925858409981
6.62571969003965
6.05590369328006
6.0613682150757
5.34557942976038
4.16205817709164
5.71692331183667
4.30403794223814
6.27440221579401
4.1132919855097
6.44988242637071
3.49940626508241
6.32828567283845
5.58935201035199
5.03914704355475
6.1007908983193
4.93490192548319
3.69843531207326
3.94368840942694
5.63873505233141
4.10775792718654
5.23249553165849
5.44128918098617
4.68610633773531
2.95272004209545
5.93388142453044
4.75841249382547
5.33676090437424
3.6033746087344
4.66859741019518
7.04416846382844
6.01752901669401
3.63649344126509
5.69133100161041
5.45456424305742
3.98790112538518
6.65790871275014
6.36293076509062
4.89870034124071
4.7991019175949
3.09864874426569
3.49178558049664
4.96309022364601
4.43663238012522
4.14844735095595
4.40215869969794
5.84686254481963
5.01076459506304
5.97948940928578
6.08591929017351
5.48308193156615
5.6718585094245
4.35869158342733
4.8324273649272
5.02120394278556
4.85480712831587
4.04167887345886
5.3197392858162
3.64195796306075
6.0222992841485
5.23901414193327
3.61424441518071
4.59341884938596
5.60590346559813
4.09822743117734
4.50298874313508
4.53687029166747
6.90386390389043
4.04399626802012
5.01625997833294
5.84951774972376
5.92254610289737
6.00110071551735
3.87509125574564
3.90221079019254
4.60387347207507
4.61850947138061
4.96602022533718
5.62040555285351
5.07062564884711
6.54942254315195
5.22900247754079
6.62067536852823
5.42653337384768
6.33725738188731
5.30346193203366
6.15589214455848
6.22531746481121
5.69962267644186
4.63601839892071
5.06085253387761
7.00354333293483
6.70077197102101
6.17769837143311
6.01025342038217
6.53508717871814
6.124724615674
5.74141894042499
5.28322685789151
4.29492992426094
5.65540996048364
4.2425245908851
6.01037414344896
4.23803411020931
6.18728175446464
3.24266859469122
6.07238722296307
5.33345356047663
4.78240937316355
5.84405322792811
4.86525895166046
3.44169764168205
3.68717320951014
5.3553084442283
4.20273313184329
4.94906892355536
5.45681620579016
4.52412939831829
2.66590604799693
5.77475977990031
4.85338769848222
5.17478396495723
3.31656061463586
4.48244797811496
6.85801903174823
5.95539891529953
3.76874843839293
5.7727301194397
5.17113763495431
3.63439438223271
6.5277898488247
6.2499447843976
4.80627144566452
4.90444550653643
3.23090374139352
3.52704903438884
4.85010424295298
4.07964853183074
4.25379093989748
4.46642493429482
5.48357026329862
4.68626063261526
5.59895487868323
5.95580042624806
5.61158276645219
5.50925975965235
4.4805781962704
4.96092819981324
4.85860519301342
4.58792354411428
3.75825226535575
5.44383301572185
3.38544276314391
6.15116689528094
4.98249894201646
3.3274304210822
4.721919684272
5.73477107673057
4.23048242830519
4.4304902574558
4.24968952132257
6.77374503996498
3.76056965991702
4.92383108275675
5.68691899995163
5.9236857585046
5.693729636302
3.52158451259318
3.61539679609403
4.31007847968716
4.23797494077806
5.00128367922937
5.23987102225097
4.68299510740971
6.18613026163094
4.97248727762398
6.25413441831826
5.13935260350277
6.16510153019966
5.19047595134063
6.19115559845068
6.28958369940808
5.3461159332894
4.27965636098138
4.73634857142983
7.06780956753173
6.70191162662826
6.24196460602998
5.88013455645672
6.21058321627038
6.01173863498099
5.8228180582543
4.92972011473906
4.23279982286645
5.39889476056682
3.98600939096829
6.11233034639508
4.14523843838673
6.20951100129932
3.27445494344141
6.20125483409551
5.46570855760446
4.81419572191375
5.8758395766783
4.58183234355735
3.47696109557425
3.82107645945464
5.40814754002831
4.07155551340576
5.00190801935538
5.44242883659342
4.29454553473184
2.72213252979236
5.5403601987704
4.72221008004469
4.94520010137077
3.3727870964313
4.24362479936974
6.61919585300301
5.70053196819937
3.70826658981511
5.71104979013529
5.22397673075432
3.78876499814746
6.3095899773427
6.01112160565239
4.47372773041529
4.76289950381413
3.17042189281571
3.48703455178125
4.59403881512623
4.2374962528875
4.11224493717518
4.46463414263758
5.61627503251654
4.85683095817791
5.74890189698269
5.75962453606849
5.47379459715782
5.27833728366444
4.35080146715127
4.82314003051887
4.62768271702551
4.65253191351746
3.81109136115577
5.31045195140787
3.51934601308844
6.01301194974019
5.11640219196097
3.38365690287762
4.58413151497763
5.59661613118982
4.17000057972737
4.10632842981435
4.30628277936437
6.55554516848296
3.81340875571703
4.5912873675075
5.45599652396372
5.9236857585046
5.84367665460144
3.67595512850792
3.67162327788945
4.37328595977198
4.3879219590775
4.96126919662179
5.38981804055042
4.87738020593203
6.31883503084885
5.10639052756849
6.43413214764387
5.19594586154457
5.95632906248059
4.93441052351388
6.15114111584309
6.28779290775084
5.50048654920414
4.43884269443959
4.90691889699249
7.06601877587448
6.70191162662826
6.24017381437275
5.68395866627715
6.38115354183303
5.75567320715425
5.76113772894988
5.08409073065378
3.9779328757663
5.53279801051133
4.11991264091279
5.97417172966819
3.81306149938389
6.19512363210259
3.23791756597583
6.06309988855476
5.40522670902665
4.77765834444816
5.83930219921272
4.63467143935736
3.43694661296666
3.8492782007192
5.64842249941447
4.50621557131424
5.24218297874152
5.73392357384347
4.75944910424408
2.9624074891785
6.00666098641487
5.15687013795318
5.41010367088302
3.61306205581744
4.87266995580056
7.24824100943383
6.11750390650859
3.93085342960198
6.14570984804377
5.46425169014047
3.86629558874728
6.78700276253318
6.63499207322695
5.10277288684611
5.19755956172261
3.39300873260258
3.7589502409034
5.22308397155703
4.30459985347176
4.54690499508365
4.70839559892177
5.85654999190268
4.94547354632374
5.98917685636883
6.19777109087502
5.77744191990305
5.73421108129335
4.65305157176424
5.12678735326409
5.08355651465442
4.7603969196081
4.05136632054192
5.61409927415309
3.54754775435298
6.31665927248541
5.14460393322553
3.62393186226376
4.88777883772285
5.90026345393504
4.39258741951426
4.60296363294965
4.54655773875052
7.03295795367346
4.05368371510318
5.22033252393832
5.91187032159263
6.22281710786037
6.07877692513136
3.75348571910774
3.91189823727559
4.6135609191581
4.62819691846366
5.23318488574392
5.63009299993656
4.98212645676546
6.55910999023499
5.13459226883305
6.53124178637158
5.43622082093073
6.44220889825299
5.5634556799447
6.42305680496524
6.53155436403505
5.57801713980396
4.51497606690717
4.99556148513832
7.30978023215867
7.00104297598401
6.48393527065694
6.12210522108367
6.46979612997886
6.38471836358505
6.19579778685836
5.16162132125362
4.39490481407552
5.56099975177588
4.14811438217735
6.40883178757667
4.44210665581468
6.48661836935263
3.49940626508241
6.36674721129998
5.62781354881352
5.03914704355475
6.1007908983193
4.87494639874353
3.70886230208882
4.05031705788858
5.7511288414086
4.41453681478605
5.34488932073566
5.74230292797013
4.54773060427802
3.06511383117264
5.79354526831658
5.065191381425
5.19838517091696
3.71576839781159
4.58660610075005
6.96217715438331
5.92977256663329
3.93750718824904
5.99810988920993
5.56695803213461
4.04195006769365
6.53883057577663
6.28093945564549
4.8167090317956
5.1058808051944
3.39966249124963
3.74021962132741
4.88109891420086
4.49068132243369
4.45522623855545
4.69387474107151
5.95925633389683
5.08607155661184
6.09188319836298
6.01003975099974
5.7840956785501
5.53152235321063
4.65970533041128
5.13344111191114
4.88086778657168
4.96143577677751
4.15407266253607
5.62075303280015
3.74858661152236
6.32331303113246
5.3456427903949
3.7266382042579
4.8944325963699
5.90691721258209
4.3992411781613
4.41523229307437
4.64926408074464
6.84522661379818
4.15639005709731
4.9342686688878
5.70918159350988
6.2201991240031
6.11349450459454
3.92914019805411
4.01460457926973
4.71626726115227
4.73090326045779
5.21445426616795
5.73279934193071
5.17389357143051
6.66181633222912
5.33563112600243
6.6633727460778
5.53892716292485
6.18556966091452
5.22147062258853
6.40432618538927
6.51703350618479
5.75367161875032
4.69202776398575
5.13615949542643
7.2952593743084
6.99842499212674
6.490589029304
5.9343738812084
6.61039414026696
6.04273330622888
6.04819782802451
5.33727580019998
4.20717347420022
5.76203860894525
4.34915323934672
6.31715303104848
4.15604280076418
6.42436423053653
3.491102635522
6.37340096994704
5.63446730746058
5.03084341399435
6.0924872687589
4.97765274073765
3.69013168251284
3.77427561360592
5.36885360813274
4.22664668003252
4.9626140874598
5.59752000322017
4.61257041481555
2.68283859789678
5.8583850788541
4.87730124667145
5.26322498145448
3.33349316453571
4.59310106451883
6.9686721181521
6.04250131939531
3.85585084248872
5.86614095676204
5.18468279885874
3.71801968118649
6.65906624249178
6.36059787080146
4.82320399556437
4.91799067044087
3.31800614548931
3.61067433334262
4.9435150802753
4.16675093592653
4.26733610380192
4.61972530926433
5.57698110062096
4.81753702628234
5.7096079650871
6.10910080121758
5.62888576378458
5.59636216374814
4.50589263377802
4.97823119714562
4.94570759710921
4.61323798162188
3.7717974292602
5.46554311803463
3.4725451672397
6.16810311636694
5.06960134611225
3.34436297098205
4.73922268160437
5.75170729781657
4.31758483240098
4.45580469496342
4.2669888474688
6.90502143363204
3.77411482382146
4.9407636326566
5.77402140404742
6.08641353723706
5.80438272270587
3.60520981154696
3.63232934599388
4.33399202787639
4.34862802718193
5.08490897818315
5.35052410865482
4.84572288614216
6.27954109895326
5.05958968171977
6.39483821574828
5.156651929649
6.30580532762968
5.28388678866297
6.27478089740447
6.4428840743776
5.42974123224319
4.36809737747863
4.86762496509691
7.22110994250123
6.86463940536071
6.3952649809995
6.03343493142623
6.34185960993744
6.10514947230331
5.91622889557662
5.01334541369283
4.31990222696224
5.48599716466261
4.07311179506408
6.12926289629493
4.16253776453296
6.35021479872934
3.3615573475372
6.21819105518151
5.55281096170025
4.90129812600954
5.96294198077409
4.59537750746179
3.56058639452804
3.98600939096829
5.36849020670091
4.44914840202654
4.82067336950732
5.75565238724832
4.77054466850151
2.96474222945508
5.78794154237292
5.09980296866547
5.42119923514046
3.61539679609403
4.72886324829821
6.90881563150937
6.00619551506065
3.64035288434488
5.6682790365039
5.41755290513754
3.93323056369087
6.57887545522294
6.30103039079583
4.85699027581639
4.79999442360061
3.52973992285168
3.77346430457207
4.90033170729737
4.326063802014
4.14933985696167
4.76526111575298
5.53740206283787
4.58180954967943
5.61488283429686
5.97172838186168
5.48318721240413
5.40480867671656
4.72699346645362
4.8325326457652
4.75415411007761
4.88675972557243
4.004667535539
5.45615663614063
3.63185803332716
6.04671581234513
5.03358454841471
3.33975404150095
4.61746860133617
5.78548990688242
4.47689769848844
4.32603917452001
4.14523843838674
6.66929395702917
4.05940584137515
5.22266726421489
5.93333427013486
5.81923467556881
5.5892785533662
3.39318895854514
3.51094571315821
4.60891466114532
4.13352385784225
4.87288812518133
5.13541993931517
4.55459955336165
6.08167917869511
5.27132345908214
6.12573886427023
5.01095704945472
6.03670597615161
5.4893121327988
6.08670451551487
6.16118814536004
5.24166485035359
4.17520527804555
4.98276384161308
6.93941401348366
6.59746054369243
6.25514636850262
5.77568347352091
6.08218766222234
5.88334308093295
6.06923332843755
4.94290187721167
4.5316360043246
5.29444367763101
3.88155830803247
5.98393479234704
4.44407461984488
6.10505991836352
3.57329112489957
6.44767010427876
5.36125747466866
4.68580016786571
5.74744402263026
4.45343678950931
3.37251001263844
4.2674968935864
5.57642046912767
4.47306195021574
5.02860363193408
5.89635618467833
4.66460058647644
3.17605987787725
5.67718174280438
5.12371651685469
5.31525515311539
3.8267144445162
4.64513123617974
6.8250836193909
5.89891282063411
3.72745528844067
5.76168987382624
5.62548316756431
4.21124096116699
6.51576675036769
6.21729837867737
4.6799045034403
4.81353958750505
3.61684232694745
3.85708960352586
4.79935744609737
4.60755130463211
4.1628850208661
4.91856149072248
5.82519799868254
4.90747104186885
5.91992101922305
5.93064365830887
5.50049020973651
5.29752598229001
4.75230790396125
4.84983564309756
4.64687141565106
5.10645926160237
4.21259779796577
5.48147107364827
3.91334553594528
6.06365203343111
5.31507205103281
3.55107168992313
4.63477159866855
5.8027929042148
4.56400010258423
4.15696851350529
4.3569228630553
6.6061852521739
4.26733610380192
5.04521471559241
5.82605157570832
5.98196245430127
5.89431673829239
3.67119935602126
3.72226336158037
4.82721330785688
4.43856204276844
4.9565134241351
5.44045812424136
4.91171243061643
6.36947511453978
5.55281096170025
6.46082776022257
5.22264147412326
5.9830246750593
5.38833787159879
6.17032981446864
6.31448852032956
5.5196752478297
4.45803139306514
5.30842533380249
7.09271438845317
6.7601883224249
6.40844674347213
5.7345987499681
6.40784915441174
5.78236881973295
6.16264416575987
5.22091227468778
4.42435330989804
5.57593118024913
4.16304581065059
6.00086734224688
4.2669888474688
6.24576371579353
3.66039352899534
6.46460632536476
5.44835987876445
4.7729025719615
5.83454642672605
4.66136705193607
3.45613531159222
4.34915323934672
5.76431060388121
4.66095208496928
5.21649376668762
6.04113910942829
4.79414587446124
3.36395001263078
5.80672703078918
5.31160665160823
5.44480044110018
4.01460457926973
4.83302137093328
7.01297375414444
5.98056916639442
3.80911163420099
5.89365880627412
5.81337330231784
4.34078624915179
6.58991618217486
6.33202506204371
4.86779463819381
5.00142972225859
3.69849867270777
3.98663489151066
4.93132637854524
4.73709659261692
4.35077515561964
4.99271092252965
6.01308813343607
4.98162047367602
6.10781115397658
6.02596770661336
5.65570012450203
5.42707127027481
4.90612060059452
5.00504555786308
4.77641670363586
5.26027195823565
4.4004879327193
5.63528377028152
3.99500188170559
6.21886194819663
5.39672839679314
3.73896182467666
4.78998151343407
5.95800281898032
4.64565644834454
4.31078121013856
4.54481299780883
6.74077553086235
4.45522623855545
5.23310485034594
5.95559686369312
6.11574804106729
6.00904342165873
3.80074464400606
3.91015349633392
5.0151034426104
4.62645217752197
5.08605871211989
5.62834825899489
5.04549801738246
6.55736524929331
5.63446730746057
6.53497719202974
5.41053160887679
6.05717410686647
5.52030680404667
6.29987510245344
6.38863795213673
5.64922053581449
4.58757668104994
5.38257476560966
7.16686382026035
6.89397390919092
6.5037707917766
5.82992279827259
6.48199858621891
5.91433775218083
6.29461309820775
5.35045756267257
4.50600965565836
5.65758752600944
4.2447021564109
6.18875747700042
4.45487898222233
6.3199131476007
3.78993881698014
6.61981624013026
5.53001622452476
4.90244785994629
5.96409171471085
4.8492571866896
3.58568059957702
4.21868027908401
5.47112586054703
4.60061397861895
5.27334298303843
6.10505124768791
4.97644766817571
3.2358415342222
5.95331347918312
5.2512685452579
5.62710223481466
3.88649610086115
4.96706836310528
7.05613829657999
6.02136922697586
4.05798146722003
6.22475879456516
5.55865009744518
4.26373221555808
6.69115708963758
6.44835305586646
4.91095918062936
5.27660850824397
3.76241081096741
3.97735122997521
5.03041212328645
4.53342783255913
4.62595394160503
5.07779767728661
5.66748247882695
5.12049052616624
5.81462641064239
6.1191886784697
5.90456995752106
5.9476895995974
4.84341801239007
5.25391539088213
5.29703503295845
5.12979899797294
4.14576472784665
5.53411964361554
3.73791419497883
6.49167625232789
5.04875826032992
3.44577708134248
5.06279581756533
5.80441778103943
4.58295386014009
4.77798061279216
4.62560668527189
7.20797493351596
4.32711776014688
5.49376656898202
6.14069830068
6.39955968318249
6.16300056050899
3.90864830517177
3.99094718379698
4.88699496420182
4.70724586498501
5.38829402167651
5.70914194645795
5.11098008986308
6.63815893675635
5.50399434719789
6.66009541946922
5.46738082522762
6.57106253135062
5.83688972498841
6.62610833325371
6.65868240165307
5.78106866809244
4.71662517005547
5.18592792576416
7.43690826977669
7.1777855513061
6.40260666511064
6.2971222009262
6.59692416759688
6.41587836788194
6.2901961941631
5.10827381402186
4.76430689244033
5.73601673161838
4.32313136201984
6.43999179187357
4.7155407008584
6.66336094467476
3.90726988190877
6.55711365192582
5.80283052865603
5.20473661963432
6.26638047439889
4.90610640304044
3.91191383037729
4.17404008430401
5.38768680168307
4.51056069771202
5.18189248399923
6.03826104463904
4.92653859942818
3.15276925160464
5.90866965746982
5.16121526435096
5.57719316606713
3.80342381824359
4.79027554398371
6.87934547745841
5.97672903219585
4.01334127244
5.98414774156676
5.47557781482763
4.21940171995976
6.54940897235814
6.19049975378654
4.82752012176543
5.1851580092048
3.71777061618739
3.93302073437688
4.78980107028806
4.48205773294066
4.53450344256585
4.9532918090887
5.50653469065466
4.9787424088868
5.63643637338858
5.9946828102718
5.85617560049926
5.89631949997892
4.78840943332527
5.20552103386031
5.24566493333998
5.07479041890814
4.06269244522909
5.47911106455075
3.69327400019881
6.44364867155248
5.0041180655499
3.36270479872491
5.01440146054352
5.75602342401761
4.53831366536008
4.72297203372734
4.54216762640795
7.06622681623651
4.23566726110771
5.41069428636446
6.08932820106152
6.31074549883118
5.90514725842905
3.86431780957342
3.90787490117941
4.79694168329489
4.53045304586344
5.34365019996321
5.53095190920412
5.02216590551177
6.47860836671632
5.45935415241787
6.52267172347757
5.38394176636368
6.43363883535896
5.59627867199002
6.58177783765538
6.53417653345515
5.7367381724941
4.66671610130791
5.04417980848473
7.31240240157877
7.08897136695481
6.27810079691272
6.17261633272827
6.45517605031745
6.17526731488356
6.0495851411647
5.06362999230856
4.71966669766032
5.69137653683836
4.27849116723982
6.356919509256
4.63210164199447
6.52593724868311
3.85589978229029
6.50908607115041
5.75819033387602
5.15202790761435
6.21501037478039
4.82266734417648
3.86758333477896
4.24252459088508
5.65191681480401
4.35417319736976
5.10409997761042
5.74012536244432
4.93252160791855
3.25155622355359
5.94706318700305
5.0048277640087
5.58317617455748
3.90221079019253
4.91501268037841
7.09496506358957
6.06832561645514
3.50809788721703
5.58687991867458
5.70097951324065
4.28673730684332
6.70899431914837
6.41401637148884
4.94978594763894
4.69465083465907
3.39748492572383
3.73820085067987
5.01331768799038
4.68304765030845
4.04399626802012
4.70099488115609
5.90069434435887
4.90631351212723
5.9954173648994
6.10184724578713
5.35468637751809
5.56740742648867
4.60510685361056
4.70403181087914
4.91675285984974
5.15364330977401
4.2880941436421
5.33427002329755
3.88837323324397
5.91784820121268
5.2900997483315
3.62656803559948
4.48896776645013
5.65698907199635
4.34464270136057
4.39853766019925
4.43241920873164
6.79941282095461
4.34283244947827
5.31509615979108
6.09593301990699
5.81809501996156
5.89664963258153
3.74669570169759
3.79775970725673
4.90270965353321
4.51405838844478
4.83762467128912
5.5159544699177
4.94223009479906
6.44497146021612
5.52783865899893
6.49227981448017
5.29813781979962
6.20886182783926
5.6022981134918
6.05144106162267
6.09692191076316
5.59517159350605
4.5315673159849
5.30726780406084
6.87514777888677
6.59632088808519
6.19088013390572
5.90580233744635
6.40669162467009
5.99632906162596
5.98783421060823
5.2964086203641
4.59376610571908
5.55095887754783
4.13807350794929
5.8819785894009
4.53687029166746
6.08283067152882
3.54150477614937
6.31880249314631
5.2290024775408
4.65401381911549
5.71565767388006
4.73686339761241
3.33724655874623
4.22894007628101
5.36528047294354
4.10599839397081
5.16749759543495
5.65590735489747
4.71775861234154
3.12999614661872
5.69187823020795
4.75665296060976
5.36841317898049
3.78065071325767
4.66683787697946
6.75590781045418
5.83724392565053
3.67947106737235
5.73014320991703
5.45280470984169
4.19662861497383
6.44659094143096
6.14812256974065
4.61072869450355
4.78199292359582
3.38390041111974
3.52147743234629
4.73018163716063
4.46632423197488
4.13133835695689
4.67811266094162
5.56163709122347
5.07030947648194
5.70878102303891
5.91388876064705
5.44499907471506
5.68620090049082
4.38524434771631
4.79434450807612
5.03554633385187
5.06039553034384
4.03991934024316
5.07594597894177
3.74817399217581
6.03210536952189
5.0590180575269
3.339931693739
4.60322493475933
5.34484689823343
4.20444346029242
4.51419204664073
4.51976129766838
6.96340878530933
4.22127237254338
5.1935360828562
5.87920960157342
5.94277917828634
6.05715517290548
3.84154470458749
3.88510179619348
4.78114957659834
4.60140047738153
4.93247367417902
5.60329655885445
5.0429697820116
6.53231354915286
5.51425414439488
6.59972172372342
5.36153543762411
6.31630373708249
5.5366592388626
6.17023453562479
6.25899738530808
5.71396506750818
4.65232121274363
5.13574687607988
7.0372232534317
6.72100504640994
6.00292164876566
6.09182228310354
6.54674311791258
6.11564788175613
5.79558060951496
5.041223663569
4.58018159111499
5.74627652881537
4.33339115921683
5.94537620722542
4.41531021473259
6.21421705188432
3.45139608427986
6.09754276911981
5.42432012880838
4.74886282200541
5.81050667676996
4.80026101543693
3.45604003274838
3.92552754239047
5.2269442039786
4.317970783589
4.679127366785
5.74126501805158
4.73534590343741
2.82658361272817
5.74792705976533
4.96862535022794
5.38600047007635
3.47723817936712
4.68442516807532
6.86437755128648
5.94571366648283
3.57987103576707
5.60659870719948
5.27600690241522
3.89321608108328
6.55506068226326
6.25659231057294
4.71919843533587
4.6584484208783
3.46925807427385
3.73344982196448
4.83865137799295
4.28952642454843
4.00779385423937
4.76347032409574
5.47572173353345
4.55799477671977
5.57044475407397
5.96993759020445
5.34539904310977
5.36827129925096
4.59721673733449
4.69474447647083
4.71761673261202
4.7569829964533
3.86312153281669
5.3263799070215
3.57137618474934
5.90856086680436
4.97310269983689
3.20159542477404
4.4796804320418
5.64770173758805
4.41641584991062
4.19626244540088
4.00744659790622
6.64547918406949
3.91785983865284
5.08450864748798
5.89679689266929
5.81923467556881
5.54484047314331
3.35317447593755
3.37278709643131
4.47773704270779
4.08908577761936
4.83287364257373
5.09098185909228
4.55459955336165
6.0199988493907
5.21084161050432
6.11135149507349
4.8731652089742
6.02231860695488
5.42763180349438
6.04669003290728
6.1593973537028
5.201650367746
4.14000651298144
4.9589490686534
6.93762322182643
6.59746054369243
6.25335557684538
5.77389268186367
6.05837288926266
5.82166275162852
6.00755299913313
4.90288739460408
4.47115415574677
5.23396182905319
3.82107645945466
5.84577617562013
4.30628277936437
6.09067254916678
3.53675374743399
6.30951515873801
5.30077562609084
4.64926279040013
5.71090664516468
4.311890786787
3.33249553003085
4.35155202625332
5.59586798524664
4.3365859062739
5.39808510773805
5.84915279781255
4.91493431682268
3.36058365892181
5.89101435744567
4.98724047291284
5.56558888346163
4.01123822556076
4.89742538928256
6.98649532275726
5.95985587562284
3.80208301734466
5.90480951991447
5.68339222214479
4.39576474221154
6.60052457831608
6.30554663065655
4.84131620680665
5.01258043589891
3.50651236109205
3.72061355958401
4.90484794715807
4.6654603592126
4.36192586925998
4.81002231652431
5.79222460352656
5.22424311336707
5.93936853534201
6.04579841622973
5.6486715076457
5.88533702772854
4.5875195625147
4.99801694100677
5.23468246108959
5.26267074514224
4.27050685254625
5.27822119374017
3.8707859421481
6.23577780245253
5.18163000749919
3.57051920604209
4.80689736768997
5.54851933116407
4.32705541026472
4.71646726143912
4.75034880997148
7.11734242219445
4.45185988484648
5.4241235951593
6.07834572881114
6.13602462120143
6.2145792338214
4.04068083182521
4.11568930849657
5.01173708890143
4.83198798968463
5.13160980141674
5.83388407115756
5.23621522492668
6.76290106145596
5.63686609436718
6.78626494460779
5.59212294992722
6.50284695796687
5.71132554886003
6.36937066286251
6.39090704089077
5.91310119474591
4.84949691722477
5.28968051296499
7.16913290901439
6.91425048932503
6.13483130434835
6.22373193868623
6.70067675479771
6.29031419175357
5.97024691951239
5.24035979080672
4.7027935410873
5.86888847878768
4.45600310918914
6.17596371952851
4.64589772703567
6.40076027276869
3.65053221151759
6.30121520205046
5.54693207878067
4.94799894924313
6.00964280400768
5.03084852774003
3.6551761599861
3.96468194875624
5.66577117825449
4.52356425015427
5.25953165758156
5.82162115078189
4.87248837042699
2.97975616801853
6.11970025259781
5.1742188167932
5.52314293706593
3.63041073465746
4.89001863464058
7.26558968827385
6.23290765454564
4.04625717763903
6.10713732457815
5.48160036898049
3.97933485493019
6.84196566368895
6.58435198953603
5.12012156568612
5.21490824056262
3.50841248063962
3.87198950708631
5.1845114480914
4.41763911965467
4.56425367392369
4.8026247304615
5.8738986707427
5.0004364474795
6.00652553520885
6.31317483891206
5.89284566794009
5.84725034747628
4.76845531980128
5.24219110130115
5.19659578083734
4.87580066764514
4.06871499938194
5.72950302219013
3.66295150239002
6.43206302052245
5.26000768126256
3.6412805411038
5.00318258575989
6.01566720197209
4.5079911675513
4.71836738098671
4.56390641759054
7.1483617017105
4.0710323939432
5.23768120277835
6.02490958777555
6.31191190293106
6.02813684144044
3.86652498529068
3.92924691611562
4.63090959799813
4.64554559730368
5.34622415192686
5.64744167877659
5.07122125183615
6.57645866907501
5.2499960168701
6.53927609848391
5.45356949977075
6.45024321036533
5.52488315647906
6.53609607114817
6.62578349557477
5.6910564059869
4.62801533309009
5.05052438629407
7.40400936369841
7.09013777105469
6.599339018694
6.23750896912073
6.52475903113462
6.34614584011941
6.15722526339273
5.27466058743653
4.51030856211256
5.67640349981293
4.26351813021439
6.4261804664167
4.45945533465471
6.49465268146498
3.61244553126534
6.48215095933702
5.74321729685056
5.15175114831939
6.21383016450224
4.89229507758357
3.82190156827176
4.26351813021439
5.6789529407271
4.76997952033751
5.13113610353351
6.12045733224005
5.11890364061024
3.27859234947668
6.13288201507041
5.42063408697645
5.76955820724918
3.92924691611562
5.13643390482382
7.31638628803499
6.28370425430677
3.91786162359098
6.00268624164232
5.72801563916374
4.27817103638834
6.89305127008718
6.63543759593426
5.17120717208435
5.11045715762683
3.80724866209778
4.11840477726957
5.2347389124358
4.66405438983791
4.45980259098788
5.10146091191966
5.92773047028196
4.89598536454371
6.02245349082247
6.32910279452568
5.76445011389204
5.74279926454047
5.01487058998453
5.11379554725309
5.09214469790155
5.17463684910331
4.31513026956519
5.74403375967152
3.90936677257328
6.32761193758664
5.31109328766081
3.65360416152257
4.89873150282408
6.06675280837031
4.75440643773453
4.61391629805088
4.45945533465475
7.0439106187747
4.36986857540136
5.53651738423649
6.2713248579588
6.20746081999523
5.92368575850462
3.73812943124263
3.82479583317981
4.9297457794563
4.54109451436787
5.21782859787881
5.54299059584078
4.94282569778809
6.47200758613921
5.54883219832824
6.41088054443587
5.3251739457227
6.32184765631727
5.82371933793722
6.43164498821235
6.49738794152672
5.58660532305107
4.52356425015428
5.29693965647732
7.27561380965035
6.98568668811888
6.61252078116661
6.13305788618491
6.39636347708658
6.21775028607136
6.40364053357597
5.28784234990914
4.8091447435707
5.57195241687711
4.15906704727858
6.29778491236866
4.75829151611286
6.39020159852916
3.91128171272349
6.72856622952027
5.63876621391476
5.02335559427134
6.08543461045419
4.76389952353551
3.71745048533593
4.25714181754554
5.60555543232971
4.73504355040161
5.40777255482109
6.14178719066983
4.98827708333144
3.37027110600486
5.9637939193301
5.38569811704056
5.63893164997039
4.02092567264381
5.10149793488795
7.19056786836265
6.05983076543741
4.09644300568156
6.35918836634782
5.69307966922784
4.27415920557365
6.72961862809912
6.57760793879289
5.04538875241202
5.41103808002663
3.80087234942894
3.98777821999077
5.16484169506913
4.53342783255913
4.76038351338769
5.11625921574814
5.80191205060962
5.15895206462777
5.94905598242505
6.15765021693124
5.94303149598259
5.9476895995974
4.88187955085161
5.29237692934366
5.29703503295845
5.16826053643447
4.2801942996293
5.57258118207709
3.77637573344036
6.53013779078944
5.08721979879145
3.58020665312515
5.10125735602686
5.84287931950098
4.62141539860163
4.8164421512537
4.76003625705455
7.24643647197749
4.46154733192954
5.62819614076469
6.14069830068
6.43629562616442
6.29225544343542
3.91907529518733
4.12537675557962
5.02142453598448
4.84167543676767
5.39877446182349
5.84357151824061
5.14771603284501
6.77258850853902
5.54245588565944
6.69683136245114
5.60181039701028
6.60779847433254
5.97131929677107
6.63653532326927
6.6971439401146
5.791495658108
4.7284545852112
5.22438946422569
7.47536980823823
7.21452149428804
6.44106820357217
6.33558373938773
6.63538570605841
6.55030793966461
6.42462576594576
5.11875425416883
4.80276843090186
5.77447827007992
4.36159290048137
6.57442136365624
4.84997027264106
6.70009688765668
3.90726988190877
6.59557519038736
5.84129206711756
5.20473661963432
6.26638047439889
5.0405359748231
3.92234082039285
