7.97550215157406
9.52356334627047
9.55197692143979
8.46256724165467
7.48709350016895
9.1758012471742
8.37234109263296
9.54848269364418
8.55050422130017
8.88859253360397
8.58954657830202
8.39726044000668
7.14236764303222
8.26227198965724
10.1183265827465
8.64735129768948
7.28013665158536
9.05994003840048
9.35911064989786
8.59181308848488
8.87675529187225
10.2034102055318
7.84964904075706
8.66993467723281
8.05908409362448
7.84274701185371
7.97506327608702
8.3406576795157
7.68860314174194
8.45028790700439
7.5465767993451
7.82472969338335
9.01238508128763
6.93758188342942
9.34459411150285
7.36110638551337
7.46050285030645
7.55272933389974
8.78823553205486
10.1306926848257
7.31884272144503
7.90871778476298
10.5344497435001
7.51627113903595
10.0155673995972
7.93840582739831
7.86755938063158
8.47520725437811
8.04127198914344
7.78137330698364
9.86272234172819
7.36096701240749
7.52995757568307
8.51787623067555
8.20136716059105
7.70325171823571
7.91979357469984
9.72343182280354
8.26271086514428
10.1966065110709
7.72826886170694
9.29211496926786
9.57551362815796
8.33828672797729
8.12342034621963
8.70578280335454
8.17419110532689
8.34207258075788
9.19667591685727
10.937011973567
8.55000166437032
7.62657970607727
7.71496009278879
9.0872814873568
8.25213791969831
10.2805176669353
7.20203376173946
7.62657970607727
7.04163198048929
7.20307801318268
8.48999077540346
8.51787623067555
7.71496009278879
7.47266462068863
7.32474642604305
7.43832432466453
7.54997090634552
9.12831466881144
7.5465767993451
8.54076153451071
7.36096701240749
9.86272234172819
7.82577943369789
9.4202095015295
9.48258581818474
7.77321242802605
7.77321242802605
8.23683573589604
7.92373481236202
8.09771370112285
8.00185640110995
8.28708574486917
7.46147994106299
8.89920273980556
4.5019914740412
6.8080652531623
6.69214044400859
7.14754245556109
7.22813070188371
8.79832773073219
4.8085952071594
7.03643134444998
8.48844174041972
7.12725569281034
2.97533210686182
4.31605304603214
8.52878398001438
6.3339573835643
4.55728931865351
7.60764922855464
8.89898148754875
3.46743430042562
8.59955285153083
7.54556576768668
5.93665083611843
3.55458280680133
7.35848001781587
5.90116252286299
3.99547764845796
7.69391799476535
6.38628123677862
7.1399933580119
7.49979640937627
6.03752584519179
7.27620315053605
5.7390130773821
8.39192123303282
5.36246205737153
7.08111026209578
6.0539905080536
8.89546717738731
7.97731757997821
5.89218744051082
6.55306691406346
8.82591203456771
7.67229398340856
8.70311820573787
7.08279229720274
6.43145536444199
7.36569025029036
6.89377994425755
6.55002454925604
9.24362687879701
7.34572208205672
7.6345630392011
4.57692750257013
7.79168181266403
6.46287604288033
7.55098034775082
8.72490097326502
7.78205533863717
8.51268754540062
6.62395569437694
7.24168961014407
8.30656175779216
3.02447123094593
7.87981915653585
4.13651428300415
7.46147994106299
6.75482574506343
7.97358201755996
8.84207853382084
6.80386302784273
6.27521279041588
7.07832669454795
6.7690359569412
7.58101215360252
8.52153393173874
5.30755488890807
6.48288234682722
5.97585918172784
7.02112563373878
6.96370067407321
4.21769987068018
7.343927352005
6.62757235769264
6.20923314221977
7.22439513946547
3.79220814273127
8.47964485593027
7.82636831072811
6.48743035755464
7.67049925335683
8.62713715536634
3.16578762250634
8.51602604425523
8.23876745599063
7.67094422752606
8.84127163875986
4.44344381232997
6.60039569675095
6.53823171310107
6.99363372465357
7.17019960083801
8.73978006902096
4.59913092069633
6.82696705798691
8.27897745395665
7.06870803109911
2.97533210686182
4.16214431512462
8.47322842445882
6.27782101257032
4.50115294765953
7.34204857109759
8.74842831481604
3.41129792943165
8.44564412062331
7.48763466664097
5.86963303562226
3.34453770489984
7.30292446226031
5.84502615186901
4.20494193492103
7.54000926385783
6.33072568122307
7.08206225696619
7.34588767846876
5.97959474414609
7.21765548882481
5.47341241992505
8.20342604385207
5.09686139991448
7.3121244612796
6.31959116551065
9.10313673379866
7.9193864789325
5.83425633946511
6.2874662566064
8.76736437285648
7.46282969694548
8.64698183474388
7.02486119615703
6.37589980888644
7.30714258857913
6.83523228254631
6.33997944735454
9.08971814788949
7.343927352005
7.6345630392011
4.52137194701457
7.60318662348327
6.40673967188634
7.36610182188576
8.53640578408427
7.62814660772965
8.30322325893755
6.43907716851188
7.05681108427901
8.51602604425523
2.96891567539038
7.6913239673551
4.34418383941549
7.66914949747433
6.54536145860035
8.18304630402304
8.76555388098296
6.72733837500486
6.48288234682722
7.30934089373176
7.00005015612501
7.37334259719117
8.72920348815008
5.25199933335251
6.27521279041588
6.20687338091166
7.25213983292259
6.77520548489245
4.16214431512462
7.13625779559365
6.43907716851188
6.41869742868285
7.43385942592855
4.02322234191509
8.47964485593027
7.67245957982058
6.71844455673846
7.67229398340856
8.47322842445882
3.01187889159882
8.51423131420351
8.18321190043507
7.96926984409979
7.95853829452823
3.97074660332197
7.21317607452527
6.73384141025025
6.72982761133178
6.28746625660639
8.26708286001295
5.21191129847065
7.43852365697892
8.89175783173096
6.5960108220911
3.36559446731607
3.89833820180284
8.20942231113704
6.10623127155046
4.9457833517344
8.22478191532918
8.68490557629242
3.85592833350651
8.18183800730151
6.60490132240935
5.40540596539918
3.86234616627536
7.03911834893852
5.67343641084916
4.50326755149477
7.27620315053604
6.52633537837225
6.19932891273457
7.54027359683563
5.09686139991447
6.7449582798168
6.35614576415666
8.56172139080168
5.97959474414608
7.80978858718863
6.9946549533309
9.51065884587889
7.03665313470088
4.95152299523349
7.170199600838
8.29466716384847
8.07438629593749
8.47539209372403
6.14212785192542
6.11209369556466
6.83444537957111
6.3625350735383
6.85778790873007
8.82591203456771
7.75022568530292
8.02482539965535
4.25756583369279
7.96148197043289
6.85137007596122
7.72439716883537
8.89592490981619
7.36434049440786
8.91477985792956
6.79859629424381
7.41510643122863
8.81435166082897
2.70510956206859
8.0496193143047
4.75048217271342
8.07544783077225
7.15814183637467
8.48137192059677
9.07472281771123
7.03650731173312
6.88918068012514
7.69960325418601
7.39031251657927
7.98489919618318
9.135501821448
4.98819322003073
6.88676938940789
6.59713574136591
7.64240219337685
7.13472461062438
3.89833820180284
7.74781439458566
6.79859629424381
6.71702304525659
7.73218504250227
4.41348470236935
8.86990721638453
7.86684549818746
7.10870691719272
7.97061959998229
8.20942231113704
3.20748858874801
8.92175342628374
8.37759781880194
7.75687881928847
8.75591786243588
4.35870659667151
6.87603085029255
6.54943638207732
7.00483839362982
7.08484582451403
8.65504285336251
4.87476607423792
7.1026022115285
8.55461260749825
6.98397081544066
3.09764788694918
4.17334898410088
8.48443309343507
6.19067250619461
4.14840378382677
7.69479773493033
8.75569661017906
3.05854876559889
8.45684878959957
7.40228089031699
5.79336595874874
3.41129792943165
7.31412913123657
5.75787764549329
4.29087652668343
7.55121393283408
6.34193035019932
6.99670848064221
7.357092347445
5.89424096782211
7.13291827316635
5.82616158375779
8.24921717110156
5.44961056374724
7.43444024136696
6.46287604288033
9.19266078566452
7.83403270260852
5.74890256314113
6.64021542043916
8.68262715719801
7.73846485048708
8.55983332836817
6.93950741983304
6.3871044778627
7.22240537292067
6.75049506688785
6.40673967188634
9.10092281686574
7.43345140387085
7.75687881928847
4.53257661599083
7.64897775073276
6.05399050805359
7.41189294913524
8.58219691133375
7.63935127670591
8.57885841247914
6.48486829576137
7.1026022115285
8.60196063601763
2.98012034436663
7.73711509460459
4.43370789128136
7.75867354934019
6.82099661214195
8.26898089578544
8.43377381443252
6.39555830845441
6.57240639869308
7.43165667381912
7.12236593621238
7.64897775073276
8.81872754001594
5.2365197974417
6.55084794395748
6.32918916099903
7.37445561300996
6.82099661214195
4.17334898410088
7.41189294913524
6.48486829576137
6.50463202044525
7.51979401769095
4.14553812200246
8.60196063601763
7.68366424879684
6.84076033682583
7.75822857517095
8.48443309343507
3.02308356057507
8.60375536606936
8.19441656941132
8.14025885023967
8.68490557629242
4.17016676794552
7.10456022282267
6.17403047024277
6.99209106226002
7.01383353837058
8.46650302463651
5.10329544676804
7.33113158405862
8.78314198002837
6.79543098671466
3.5328741277996
4.16060165273108
8.47168576206528
6.42262386409651
4.94393325018454
8.13193859138536
7.95853829452825
3.85570708124971
8.44410145822977
7.33126860417354
5.60482613002274
3.67078691686046
7.30138179986676
5.98982900339521
4.67425655763465
7.53846660146428
5.96652443836478
6.92569619449875
6.98168643561046
5.82322868167866
6.94437844444035
6.26330244021284
8.33396358985195
5.88675142020227
7.81412990374906
6.99443370107409
9.51993328687797
7.76302041646507
5.67789027699767
7.07735627689419
8.49408732847202
7.9669942230172
8.79178468627007
6.86849513368959
6.3743571464929
7.03386554419468
6.56195523816185
6.66622865931516
9.08817548549595
7.7607239050843
8.19088128135657
4.51982928462103
7.73372416948315
6.85114882370442
7.49663936788563
8.66694333008414
7.62660394533611
8.80738778500927
6.56961471451177
7.18734863027889
8.98534066696885
2.96737301299682
7.82186151335497
4.76098039249482
8.08594605055365
7.04952598467208
8.65236092673665
9.07906413427166
7.04207240707587
6.89967889990654
7.86565913588723
7.55636839828049
7.87750712326289
9.1460000412294
5.25045667095897
6.7793773164876
6.76319162306713
7.80845807507806
6.90574303089235
4.16060165273108
7.64042232166537
6.56961471451177
6.88801205139647
7.90317404864215
4.57829782820103
9.03718687686806
7.30825833696229
7.27598657767625
8.14160860612215
8.47168576206528
2.64767764874053
8.93102786728282
7.81901065757678
7.84523269826261
8.76233569520473
4.36388167357084
6.83023972304306
6.4617070602632
6.91710907181569
7.09126365728287
8.657598375838
4.82897494698843
7.05681108427901
8.50882148024876
6.98914589233998
3.16382729604258
4.08561966228675
8.39670377162095
6.20070700227916
4.50115294765953
7.62803751039852
8.57077644578982
3.41129792943165
8.36911946778544
7.40869872308583
5.7770797310762
3.05854876559889
7.22639980942245
5.76791214157785
4.37923040565758
7.46348461101996
6.2542010283852
7.00312631341106
7.26936302563088
5.90065880059095
7.13809335006568
5.75940135922599
7.97358201755996
5.38285033921542
7.50061965046036
6.55002454925604
9.2780145619885
7.84045053537736
5.75532039590998
6.57345519590734
8.68780223409734
7.69267372323759
8.56986782445272
6.9459252526019
6.29937515604857
7.22758044982
6.75567014378718
6.0539905080536
9.01319349505162
7.51880518019484
7.82305822838185
4.4448472941767
7.37334259719117
6.40673967188634
7.13625779559365
8.30656175779216
7.55162195489178
8.53306728522966
6.20923314221977
6.82696705798691
8.69031451499178
2.89239102255251
7.46147994106299
4.51906166760534
7.84402732566417
6.77520548489245
8.35733477475959
8.76555388098296
6.72733837500486
6.65776017501706
7.49783608291252
7.18854534530577
7.60318662348327
8.90408131633992
5.17547468051464
6.50505681670798
6.39536857009242
7.44063502210336
6.54536145860035
4.08561966228675
7.36610182188576
6.20923314221977
6.5929858994194
7.60814789666509
4.21171753109584
8.66814004511103
7.59593492698271
6.90693974591922
7.84658245414511
8.39670377162095
2.93535423876094
8.68910914239334
8.1066872475972
7.96926984409979
8.26708286001295
3.66220203783725
7.16132986462605
6.58297016526399
6.83070262040516
6.5960108220911
7.95853829452823
5.16006508857144
7.38790122586202
8.83991162183175
6.28746625660639
3.41744067721528
3.99921321087621
8.31029732021041
6.10623127155046
4.84490834266104
8.12329034559028
8.46650302463651
3.75505332443315
8.28271301637488
6.91344588789408
5.09686139991447
3.76022840133247
7.13999335801189
5.67343641084916
4.50326755149477
7.37707815960941
6.37546413338599
6.50787347821929
7.39062613063168
5.40540596539918
6.43641371433209
6.25465419441777
8.51109895968478
5.87810317440719
7.80978858718863
6.89377994425754
9.45881263597967
7.3451977001856
5.26006756071821
7.06870803109911
7.98612259836376
8.02376386482059
8.47539209372403
6.45067241741013
6.21296870463802
6.52590081408641
6.05399050805359
6.75567014378717
8.92678704364107
7.69960325418601
8.07544783077225
4.35844084276616
7.91085953931599
6.75049506688785
7.67377473771847
8.84407869991698
7.46521550348123
8.86415742681266
6.7467500843446
7.36448400011172
8.81435166082897
2.80598457114196
7.9989968831878
4.69985974159651
8.02482539965535
7.10629562647546
8.48137192059677
9.07472281771123
7.03650731173312
6.83855824900824
7.75022568530292
7.44093494769617
7.93427676506628
9.0848793903311
5.08906822910409
6.83614695829098
6.64775817248281
7.69302462449375
7.08287840072517
3.99921321087621
7.69719196346876
6.7467500843446
6.71702304525659
7.73218504250227
4.46286437761671
8.92175342628374
7.71719803198351
7.16055312709193
7.97061959998229
8.31029732021041
3.05661734376174
8.86990721638453
8.22795035259799
