7.95029869450605
8.12657901616995
7.56621915802646
7.98393675963102
7.16565717771642
7.2994176659032
7.14530620608573
7.0350366765589
7.0204999482271
7.80161694244119
5.08374919257461
3.53796493288658
7.02199756151254
4.61106818366616
6.36194271204975
5.97152542765584
5.14877420459892
4.47208783548986
6.951707331727
7.52110139328475
6.80439950340178
6.49216118619496
5.53900999499175
4.48107089920903
6.06676352289394
7.29467817889601
7.41266095074825
6.30641007432443
5.30945688657616
6.3847071423855
6.30615234831509
6.60759958590381
6.19578452407353
7.26069407670936
6.78986199051739
6.63044841459048
7.45117766820944
4.95373165443586
5.78023713286985
5.92288386358151
6.99192059333874
6.35856105465342
6.01538011095491
4.83243242940837
6.82621359871977
4.84421211720318
5.35266985587786
5.56309089914667
4.34318862885736
7.12114279076349
7.51579336901055
6.50393297553615
7.16055034968738
3.50060695212684
8.14966013300803
6.69644350559404
5.65553535152713
5.07234045919356
4.52481315214722
6.85875968622766
5.55122655972166
5.82477741338388
4.43912835825429
8.24091569172651
4.43912835825429
6.6648545364136
6.75683465912152
4.26951302712766
4.14049202594807
6.82061911993642
7.36633832973578
8.1985465647294
8.48033082090823
8.17264866304317
5.03027009942688
4.14690291323749
7.52104419687069
4.71811074042534
5.36095144672638
5.17728853602994
2.75287192420429
9.04600414614269
8.44751452836685
8.19858237832124
7.76399018909358
8.85078685771436
7.69642917013442
7.03035267377185
7.14946122354916
8.74430158812061
8.11225988373086
3.76573527693424
4.00836415290267
7.74895462454946
2.44797201348172
6.5012071610946
5.80905033884071
2.52845433244104
1.14804510661566
8.18171286070744
8.40010454690794
8.80458453484444
5.44704170260702
7.34695711047748
3.02216954335722
6.25973264964713
9.17204577485088
7.66939622989616
6.32095029927128
6.95497713458036
7.25835161706157
8.13920141612953
9.32930430626039
6.58099156678365
8.62632656505152
7.48103498457828
7.09027444110871
7.88726352482654
3.54570911249102
8.11172381748938
7.25657469191543
9.20012848060188
6.278248068491
5.51069338484115
3.69965812221302
7.80453218872954
5.93863958398109
5.39292037418173
4.87614604064574
4.34610169816703
9.39216520031365
7.96827732529299
7.71552988282389
7.83905512786824
3.25911589443434
8.15493120685177
8.50439062107976
4.00746178866645
2.68498519259143
3.23065803062456
8.01513898687292
3.25910938835762
7.97911876387052
2.27420670278575
7.95790948561766
2.7877035358792
8.55402659388957
7.7837572005612
2.92137184309326
2.92137184309326
7.49113805587051
6.94541884607114
7.99097430286812
8.96321959037726
9.27983675653584
3.87863989103159
3.98067941457973
7.23803799076184
8.35192508622057
7.4351715764409
8.23421350698358
7.57792915363092
8.31035353493361
6.94738176779703
7.34946077108757
7.69328977915117
8.77993271678294
8.43182934291517
3.45946759038589
1.82298651383978
6.48641038911863
2.86031904628698
7.06037785889074
6.97165655881462
3.2352084939682
2.91692573330394
6.03527235698429
7.79861842732091
6.94391728621385
7.02614493495554
7.22194887182111
3.95284611505943
7.06689465405272
7.02667719937797
7.28811999398418
6.66196647741658
6.83214529351789
7.55377851385445
7.18119915272393
9.00419181320064
6.19971533087168
7.25289921752154
7.44469886632567
6.45176936935889
6.66295052812497
2.96185582093565
8.07584906110537
7.0280006577059
9.16425372421787
6.53827892596059
3.56395566127033
2.38322153181189
8.09949772365381
4.89237464272373
4.34665543292436
3.79261090182064
3.86105632457745
8.8427936108362
7.63042752917647
7.16615829334643
7.08470831937709
4.56550974879511
7.73628337465635
7.8110966093949
4.13427153627759
2.87307312897902
3.32174614629331
7.82075025109519
3.58019054114281
7.56230585624569
2.46570554435796
6.90336876336185
2.24144644794028
8.23421350698358
7.18119915272393
1.95861774277975
2.27987665991626
7.82075025109519
7.27503104129583
6.78418549652457
7.71990543374771
7.90640940900587
3.15187214143
3.04586378207841
6.31422102578806
7.9069503164483
7.43017581967477
6.49484225900071
5.43680097952731
6.11698303270524
5.90535248326749
6.66890187423238
6.34103103035513
6.97629714639049
6.9770465589563
3.03467252758861
3.223896611387
5.0810842374813
4.62143552337204
6.37330314540716
5.48248264415168
2.83511681157434
3.2000479901287
5.76872198107072
6.36947031252662
6.16779592065863
5.75337746517083
5.31803967026429
4.88193451091334
4.74648844012129
6.66290343874976
6.12390300143551
6.11259269971204
6.10705995525844
6.62864866432314
6.05539455932393
7.84746659284895
4.8759118337912
6.75766651716889
7.02434608980072
5.31803967026429
6.62065924862909
4.33641649735913
6.49143705120434
6.79812407165713
7.70687742601989
4.54895298281737
4.65568262340548
3.9325244627337
7.69390957705015
5.14686626045594
4.60114705065658
4.298229114345
4.37060179579094
7.5918631057673
6.76155655981613
5.89339082356173
5.67031933646255
5.14652502022901
6.86845940262128
6.03791116512011
5.1203846776788
4.53718978534523
5.08110089789763
6.65283525356877
4.92481000585325
6.75725829218072
3.10325508519109
5.66654831748969
2.64399210315582
7.52268759133082
5.6047122485175
2.3547984119426
2.77129542431722
5.69831199983694
5.15259279003758
5.63794213527771
7.10640290629337
7.0126926587235
3.33976803779404
1.31786163398744
4.54725793110543
8.39785495838793
7.45244810742851
6.74038431921024
7.52454758995601
7.58564847547331
6.4162101165397
6.36383271999963
6.22864752121976
7.25355273618084
7.06630587408973
2.56087030548675
3.37317251930213
6.30175837363993
3.67808684514525
6.78876556741279
6.38729844919747
2.52708739954525
3.57809354772032
6.95098334089401
7.69849067896736
7.11005240916462
6.35447383579488
6.37128002890799
3.34168395734608
5.39109812483684
7.2772596126084
6.82446413510097
5.4279367675195
5.39029469189502
5.70160157541704
6.8653620180946
6.83371846210072
5.52011912601643
6.43554957706224
6.0083885044313
6.37128002890799
6.45601507849656
3.72808968105399
5.8765129627557
5.14141037749541
7.09195333757125
6.27655642231171
5.87343281381237
3.67320141694402
7.24352110957705
4.49345137231335
3.94773216251399
5.45532890043594
4.29512577273782
7.34992271560176
7.97754502474231
5.65145043339619
6.53086358582041
3.40061963835515
7.15449754329516
6.98103140798502
4.81955383372503
4.23635894139147
3.76573527693424
7.12764682861641
4.84823825831719
6.03791116512012
4.01589154982032
7.60433559459639
4.01589154982032
6.08680802205274
7.31604432890103
3.83103451512879
3.7020135139492
7.10566838419602
6.55994917439664
7.38054772835731
8.75377040413486
7.21317752139792
3.42234735368186
1.82993342349454
6.99458421551935
