6.89827245871648
6.50367653624208
8.66467551006218
9.29751618691456
7.41202088393242
7.33228429192834
7.12391781757436
8.79466180989125
7.43591444537564
5.54870025206755
6.94551408588008
8.6112733748309
8.60341237118418
8.528329422777
5.65642275917136
7.17975451150529
7.96686945521367
7.27200652019588
7.17287869800451
8.29680313936397
6.56687471047511
8.78217960787809
5.74809357653897
8.70700604971859
6.47630254419338
8.3635627622103
9.60922396088331
9.07685397614987
6.78801932172355
6.92163047019699
9.45499650344446
7.68543533305929
6.7817753914218
6.12493665196254
7.55302234320217
9.4217904557312
8.66028536145736
6.85954720169853
6.26453090595407
9.54931511479266
8.23790522496255
8.62665277300419
8.0202614431462
8.60167241227992
7.5873490796054
8.85564345791813
6.18779802220502
7.02344355846515
6.63438992057738
7.88969634673897
6.77678139818961
8.05150999006827
7.70178744891415
9.35083224423656
7.89236542916114
6.59874720871272
7.76946000510002
7.41952598938987
6.71139987685724
7.97565185572451
6.55878200477481
8.02633984752955
9.25074482246929
7.02256149473738
7.06094374196406
7.13399137267157
7.91175375768774
6.80055207499861
8.08364819274278
7.6105869254767
6.72199085393368
7.54703946736241
5.56393047949666
7.32960453534621
7.25925872289624
8.69560472989075
6.81965414693305
7.42612803908501
6.83168296145558
8.42838500383801
7.8531030583402
5.90268127610999
7.36828915708521
7.90826626944573
7.95728662002013
7.06545323748075
7.3964730723222
6.94743818410166
7.67223059496662
7.77535139656007
7.59932643510759
7.79265685242852
7.52323726002843
5.52717125084092
10.9164790595827
10.2572370835512
9.66893320504037
7.14608070359191
7.36550481697333
6.37463605186575
7.81155752938179
8.47956697303883
5.79503200870924
6.4074495871284
4.96739900857001
8.25295158649037
8.30831603771038
7.93047945362864
7.58405173097151
6.73538392749603
7.63748373114939
6.55615091957379
8.75426557153443
5.60438783622682
7.9860394295253
8.24835157383039
6.64462582255928
6.82397589148862
4.81859011020659
6.6852589712468
7.66918933338495
7.56341359542782
6.44760691047203
4.30953670269422
4.98312035522945
8.18661753127174
9.84988811524008
8.36536007183132
6.95118731663361
8.94964368849485
9.11295465426965
7.26098313889013
8.19197622044727
7.16883486692306
5.67295655370668
9.23843221515889
7.71855740397146
7.45275533991204
6.76875884985976
8.44391630806945
7.37044202177609
7.19942935031751
5.94570608460938
8.90427687863547
6.71675848956797
6.4413494077548
8.24070043657444
6.63596940646445
7.10435926128434
6.55244020546311
5.35693715372244
7.19084178079878
5.93714780054386
4.8328209759411
9.0001945205166
8.97413131454152
7.47814065687749
6.44198188652611
9.81387161167176
7.39861898197249
7.22096110938545
7.94598899032582
7.67136257258864
5.68876736264539
7.76533535074554
6.60044295707428
7.15389833214669
7.63603685459314
7.53915394192599
9.15338993859385
7.70791608877699
9.7798905615134
8.24514178135149
7.72854962184875
8.39036235530226
8.92551145065455
7.72243530834834
7.25258792167565
8.31171932875345
6.3678925304212
5.38066894747686
8.00521155077908
7.45394859408318
6.97313937121617
9.35008396065133
7.64882764999572
7.66396728925847
7.44362906016897
8.97864104323408
9.29065698504067
9.23296223415632
8.69656828142348
8.09860269274582
6.04090879241927
7.65608352437462
7.05346773676966
6.01414252850496
5.83378408374828
7.12530324074782
7.91503418117519
8.09071573788491
9.3238343388241
5.86749480793044
6.67560633715594
6.97713979623673
6.62759736348025
9.70832863638146
5.17739920692658
7.98831317478591
6.7957099021142
7.07716062762933
6.39052149997554
5.53433857669474
6.44772267031449
7.36489527833587
6.8993318502828
7.06099515714406
6.35431408134125
7.00958443193934
7.63255685235549
8.69233649787192
7.01724753516885
8.67657229054469
9.46259231988884
7.49843060167908
8.03151367669763
6.29947698011929
7.83041018608142
5.83242934158852
9.31823892820598
6.53206600733538
8.04868039680801
7.92206401566703
6.20525568052298
6.88083387920031
7.67349700497979
7.373780871625
7.55153729644098
6.7111939116789
6.10338912788614
7.74888847469035
7.61843651727568
8.87834937241544
5.44966356174146
7.18347656580087
7.74085408946885
6.59206889680813
5.66705607509146
7.98395634375667
8.41682095057393
7.00847688249314
6.21589383432003
8.81645793780318
8.11084349890082
8.14100029848746
7.21666174931278
8.23141325277213
4.07850367712247
6.32002876650732
6.74851084095027
5.8835649170565
6.70430858468324
8.07481655513009
8.3344578372174
8.34272732891339
8.22319102556291
8.44909531537959
7.7170098630473
8.11633496048233
7.26132175341785
9.0111255316244
8.65583693772449
7.65986847240215
7.19835696067232
5.26187074503913
9.2511773150398
8.17263389045588
8.42644906450246
8.60802431666919
8.71115908185095
7.35755913261638
6.82396258726686
8.35897457033197
8.91550596413634
8.01146139272731
6.67873550450054
6.88636676518225
6.51214373337382
8.63731379704662
7.82342534418976
6.23614998899416
5.80867892425904
6.25358907273323
7.90934510591693
7.36185928808204
7.44771732686087
6.68775419256001
6.4179776735785
7.36429803872915
6.2356463968576
8.03786410873894
6.69247043476167
7.50032636543123
7.01046759416787
6.47045157039012
6.11764771984713
5.19624554568971
5.87840450955373
7.57197132304103
6.91940308166969
5.92199014826348
6.23145233465849
5.99463383643816
7.79015324428593
7.9305693111494
8.05734280047122
6.42499850019804
8.10524753702054
7.74236799577196
7.29173464244757
7.93748236764354
7.47315576159354
5.17398686569258
8.39517302500089
7.46584535936477
6.20442464047657
7.8956413020917
8.38499472510078
6.44610347380797
6.57044468957495
6.77137960780556
7.66246624178158
6.40218772136862
6.87286559884001
7.91282376974325
7.00793980324782
7.33309122683891
6.72196909055761
6.12893770296252
6.56659250459221
5.27875302404519
5.03792177458502
8.10389698210508
7.48690442263182
8.05689891796062
6.07497660457982
8.63511476468833
7.30753288320783
6.82892519036431
6.8586207223571
7.80113731148992
5.39794179560384
6.52577494636586
7.08830864655361
6.07088139750337
6.07366140932379
7.16587463216464
8.04184574386111
5.38535436482387
8.89609697798297
7.98875231102556
7.36822585386058
7.4204853238354
8.75909970639967
7.67195872467897
6.33910354159413
7.07215892437375
4.37929348572224
6.14777592699417
7.23434135791581
5.66853545046662
6.59529494709507
8.14555387985597
6.71245146576359
5.98370034610246
6.24021225053149
7.66060383769579
8.00254784897832
7.76479118991647
