5.98619335172777
9.15064728362783
6.53058595235279
9.12883172054576
11.0251912872388
7.24318694005397
3.03839586263416
7.02563463515021
10.0983318762501
8.82251112448131
8.05730954144669
4.88108290643271
7.2452002208428
5.99743773762079
6.82928663044198
5.69782580827722
7.782532117804
7.2554280769909
4.820118520522
7.35299512895584
7.27879431882529
8.69827084315487
6.02674792326277
4.90215902560495
5.97628718177775
6.80199675964641
9.6746450312351
6.79214359666898
9.1236327827835
6.28223265771616
5.80393818194772
6.57241761620485
5.79935098949096
7.26837977358973
5.83355369704864
6.91073463214006
7.38642556250994
5.60479312707349
7.91192318955616
5.2976390874564
5.04735610485765
6.78656143710087
5.18293826200089
7.84101745193066
5.65428114925312
9.30781090240789
7.16061783548347
7.16722450056544
9.48606179253816
5.14360448917315
8.42305027102647
8.35200795679102
6.87032818647629
8.47290947792521
7.38776110324864
6.17607702400345
5.70122583337088
4.6643134584759
5.95669627749484
7.77421954914159
9.94212742648818
9.71934893563706
9.81841610738336
5.27980054577114
8.67835527510103
5.53045092533739
7.56255600339394
9.36345052765665
8.09471536879671
9.47273637532405
8.89170523266841
8.91389325739617
7.02052748352557
9.73701451646919
9.04978678981656
8.81529620600691
6.99881934239691
7.93198940279092
7.91618690212801
8.60321451399746
10.0389910795658
9.18979520624613
8.74545035854248
8.24284882132359
8.60650497686568
9.35551344284163
9.64660449308156
9.80214791743231
7.16508550431759
8.97811278417581
9.30620641260153
6.42768759556935
7.9583475347709
8.53044469828906
9.35596142271476
9.39609603606588
8.82144173681199
6.77233539566826
7.38606673825477
8.82056360199267
8.88070126226055
8.62832450574324
8.06320641476464
5.63781692085362
7.92138757619735
7.11134245231463
8.26955532844035
7.18948714306809
8.82056360199267
6.00189607594472
7.05359775416851
9.16449281534189
5.19416982499791
7.30136945098176
9.68580724339814
9.5033927021071
8.15066301118029
6.04786264379937
5.05603761421274
10.7187082533005
5.59203776359388
8.88107362645111
5.42141767134729
8.42820824690004
9.05086649930725
8.29502623267837
7.71961548008774
9.70015480460231
9.20653384323713
6.30516492289589
9.07295934653668
9.04862921668797
10.313295250595
7.21479853274957
6.81359015521235
6.4569999965244
9.4391081817907
8.83749580674728
7.54037491603315
8.86250759260259
6.57983790142329
8.7318005983647
7.18604181626702
8.02937451586071
8.42965229257793
8.24744329635133
7.80116748564129
8.60182774513056
10.0280642502887
10.2234671262338
6.67606993517509
7.15142562005263
8.70033426251513
5.94307621287619
10.4618674012515
4.83258480461949
8.80727370792167
7.61643680586285
8.47073340531149
9.08792025981836
5.7829653283396
8.20331943731705
8.89476807151614
6.61865428461039
8.41768949802744
7.88394949733519
8.35264279807222
6.92031631377827
5.20144412832262
6.44569887279431
10.1146236921683
9.44954450202533
9.38289659194938
10.2012005195406
9.684229507925
10.1922618442463
8.2191998206282
7.38681517533372
9.20044768906218
8.11608411327744
5.418818659631
9.66629660403844
7.59864833880002
5.76625012010198
6.68135890403419
6.04044255948279
8.84855415859617
6.88788262090338
9.3548494814351
9.54093275779438
8.64524348879382
10.8644761171886
10.270568683332
10.0037673260646
8.88760563775042
10.630179976379
5.88381500143565
7.13060702925957
7.35641687145743
7.75369959447257
8.12264594803701
9.93210979457323
6.59063829161244
9.62336001013514
9.44648619544447
10.8818981118388
10.0724750753226
8.72407467879754
7.80339317026721
6.29740095961208
6.48379174303175
9.86709854646202
10.1368384929695
9.36878787935743
7.09846098713797
4.4328465856292
9.42651108186944
6.84724144970492
8.25788259786757
5.35001114108163
9.44090916201387
9.32680526092265
9.39081776104991
7.37797488559599
9.03865605668795
8.54885183125592
6.17849087002045
9.54870407012692
8.96519572174688
10.557051223632
6.49543277792775
6.91103766224865
5.48150564293361
9.7524065317687
9.13238437420988
7.25307729063458
8.37983836646021
5.2819388768056
7.20201565675177
5.67359127115265
9.52787471334936
7.8671117651327
8.4404697730114
7.86512583275505
8.50416484577212
11.0955485648007
11.6525831781154
6.69086461605958
8.29199191313825
9.26664454869608
5.69910991133395
10.3820656739317
4.16153205502266
8.49491870964074
6.35390046414915
7.7631913420364
9.24088358170192
6.74461881024219
9.61081946798113
8.81932068444323
5.59068766262397
8.329926432314
6.80801263974706
8.91265730148321
4.14026003861757
4.3560390432967
6.28184879885259
9.88479330851937
10.983762020804
9.22825510157717
10.7028849860602
9.17033162828881
10.1625122543023
7.90317691741344
7.93593481269839
9.93450669996134
6.8154912553335
5.07717806513924
9.60325502111318
8.89023445616318
7.38042402944556
7.41477464733184
4.73984970153886
9.62237414543878
7.1295021741643
10.4591832170793
9.47789117486913
9.86822718204591
11.5297618898406
11.3835776530496
10.5774134664514
9.99195553739857
10.6975828256676
5.69634424648235
7.9874928101619
7.76798609310137
8.62927167440766
8.38891259582542
10.3044816188078
7.51140815144844
10.0638810686857
10.9182759885004
11.5623182151831
10.7443250973226
9.19987489429158
5.71034118480251
5.55916962675261
6.95852104555324
8.99724238835733
8.66942451066085
8.34970672132523
6.93643912519828
6.26407996035398
7.44239877429212
5.46306746893721
7.32631073354361
6.73529666286328
8.94177792355715
9.59044360252268
9.00171368761768
7.61453683069546
8.57407389356933
9.21882499320597
7.43724326777514
8.46932710585544
8.98074171532428
8.52522384086164
7.27572157106154
7.1514819772777
9.0036399469929
8.66900809243257
7.65825137444286
7.82189673012623
8.71245945606906
7.65751240567313
8.43886394928511
7.92592767735964
8.28661015562059
8.73604094281985
8.32414838177707
8.52925627577314
9.0980187565943
10.2492069508811
9.27079803012941
9.49097891734755
9.5537214897014
9.33262394337977
7.66048215255194
10.1414671357937
7.49860254783422
8.73019273965301
5.32743516790706
8.27320231110341
8.45299311370361
8.3208044821562
7.33045899117865
8.87689975026845
7.45727727384793
7.85280576263849
6.86559170557229
9.11861550948313
6.96446755574042
7.20548158347741
7.80990874626543
8.93925213912743
9.1537389155795
9.88445886458354
8.02007654531158
9.91324602781231
9.38580967818956
9.05047458423645
8.10238534691618
8.03271782195284
7.63074804321066
4.21107857126957
6.68968274332259
7.53298883370278
9.04934266380462
5.51298576932333
4.92020754048987
8.35548421635642
6.77568876108725
9.30075985292909
7.10127508860213
7.50657583569322
9.08760518325097
9.61511227120908
9.90660195823951
9.40479159813081
10.4820990064341
6.05927487926254
6.04481006451176
5.28834715592765
7.79654914223897
5.12924351300673
9.58406482657264
7.45492328349857
7.39278983091091
8.49078354644915
9.13725410890683
9.08772330934926
6.5948779668215
7.19800133387929
6.53345661610577
7.91594771675491
9.48955351531838
9.52474348557489
8.25614853010308
7.17776246262612
5.93983886021783
9.04234423771491
5.9327402270377
7.43552291496594
5.85688556506682
8.33305843496547
9.94429256329199
9.29909316936676
6.79426597458913
9.22145351385445
9.86620461349107
6.96404536792041
7.80595439415238
8.13930071555448
7.87443515776096
7.54424690012711
7.10142577840686
8.55517790891197
8.5741537552321
8.50651882885845
8.01237398833465
9.24568764267254
7.03621781179921
9.48271129072101
7.45695688890655
8.12937219700572
9.01320203881579
9.02714746418133
7.54224695223309
8.12955191755997
9.8367234144763
8.91340463156015
8.88607543532006
9.58989229453707
9.33204684762369
6.93923704061879
9.16053771937814
7.56656076942679
9.42823108444256
6.37128250934296
7.3113523941957
9.06956339974172
8.36019672675144
6.51215585773803
9.1111465916501
6.83598267997399
7.98172122383715
7.90943904700818
9.45189647806201
8.02790264811249
7.7459110122502
8.01747683572491
9.6738762454695
9.02171087360483
9.99827709183528
8.01953537870605
10.2465269963912
9.66708311187468
8.88020434700358
7.23704105838176
7.10770998724249
8.67079866981001
4.27206087074915
7.23863854471309
7.8794393091429
8.94345373605868
4.61886028459979
6.00297062919973
7.3900721381011
7.08644734897369
9.57879986457709
7.65023088999262
7.44503714333213
7.95281948806197
9.14726842295347
9.51536601461221
9.02698637543886
9.49812119947566
6.1192229666219
5.66700484181982
4.20240107267212
6.99653441090651
5.0034074141621
10.4686081804415
6.57381224937449
6.99872511681039
8.58780220094884
8.38615962319833
8.18371456417172
6.20267351817859
6.20006289124698
5.63834702083825
6.90269832535407
9.48458627861549
8.25465053751773
8.61497255839631
7.29054397870409
5.85449306437515
7.5957754963952
5.95041135919537
7.00943885425462
6.54824506852261
9.72586485110342
9.81156691198704
9.35998958622061
7.20494993471663
8.9269327043156
9.57168380395223
7.29909529450474
9.2534140334017
8.66990568502167
9.2795182537923
6.68162118751016
5.77474244715909
7.53805107060572
8.06942910433909
7.25369260132907
6.47299388280233
8.42554774177881
6.87157317643115
8.85304374307403
6.393699578074
8.46639025834236
8.52987076772464
8.38597272040141
7.84946298694283
8.43022002267759
10.136359375709
10.1083655277732
8.71567553912816
8.31096458278919
8.05846329228074
6.89734383877492
9.34180041344059
6.27798261035643
7.8752892844158
5.74161496169599
7.44989883795962
8.10078230318584
6.93965601920159
8.02930563507638
8.28279936671707
6.67133804460594
6.62154997413812
7.27977149936121
10.0000122617814
5.85941595133698
6.23293106941668
7.22644421373664
9.00107647775179
9.85885350316189
8.68017503664526
8.38158958632539
10.7946427801106
10.2765251624306
8.35749475162268
7.92027196688617
9.3235969430821
7.41840828307317
3.80252588741096
8.6350185194659
7.23387074585711
8.45524228025324
6.8038648904526
4.70786778035238
9.64636333748568
7.84037790954342
9.10916939400121
9.04661086474544
8.46066765380703
10.2821759687946
10.3255741216713
10.6912650755229
9.8712765207156
9.74710946214267
6.32312040949878
6.54120634675961
6.18155608584064
9.11380361723333
6.06190396252327
10.401704574
8.7606082558657
8.84495862655293
8.69119563914393
10.420138165809
10.3786024304785
8.04704676246351
7.41275175896619
5.94838081981218
8.01840553554611
9.81175928175506
9.49131787038846
8.60426463671248
6.98892237771194
5.02810427577779
8.83243107757396
6.25494599347437
6.70873829214235
5.53467979863014
8.35954885451189
9.97078298283841
9.11025308445257
5.95577330178654
9.43620393894136
9.5439988470544
6.64183960148373
7.83244481369879
7.3008080427519
8.43788176883097
7.22204113369043
6.25971166584472
7.71346379634982
8.78890418031902
7.79787397300857
6.63370368424891
9.08106546972473
6.19450369923705
9.16050552428432
6.0782865848208
8.4515779634424
8.41131922027913
9.12960528297252
6.81393490800698
7.44117640799919
8.48227237545682
10.4012213521021
8.04436132275791
8.86158025031096
8.06677861187399
6.09752292805664
8.89535220319963
6.72484665686463
8.70144646161896
5.51212055138269
6.46963828163355
8.82725448249865
7.51848261418928
7.98321565985164
8.78894082521342
5.99426856741186
7.67696330279858
7.58723328057151
8.66792012462719
7.18618853555034
6.83417642781017
7.69527106928823
9.3001282315871
9.43561521109964
9.15656297927314
8.25004257408459
9.46255064295638
8.3126320728552
8.5579985805669
5.79089144830414
7.5216143247373
7.82908455724786
2.89661200642297
8.62223892736688
7.94414887373507
7.49730412598106
5.0327646220946
4.624300325114
8.3409326671195
8.03730787799208
9.27235086843204
7.95991888959924
8.81520680505058
8.26250748766859
9.99391261408368
10.3620102057424
8.50687666459849
8.27022127961514
5.69512691165332
5.05461063371807
4.66391924761756
7.94739493992491
5.86256937212236
9.62520299277284
7.52467277839289
8.48654183735236
9.4469641589091
8.80006396069313
9.13457509319012
7.69049023872057
8.88025173404196
6.60351403779846
8.19421704778101
10.0440426689385
11.2517846287165
8.04641582827692
6.3164625091618
5.06134928862726
11.5721925769612
5.95027318913426
8.85412779277722
4.24895150759472
7.19246139305782
9.52356444908033
8.8014806127961
7.66233080442704
8.60186377934736
8.07475973853427
5.13269875914331
7.83721249269446
8.86389359283668
9.14270562104326
7.29198467550501
8.20613386421573
6.71666965060696
9.11011508156471
9.31202827315941
8.95682285777574
8.93438625092372
6.6976294091175
8.21861701022914
7.33018721315932
8.68717108315338
8.43461927925694
8.84542905681828
7.51286029869871
8.17063131727321
8.81927927885234
11.0656393897341
6.6618305703724
8.52220316860326
10.2301842725938
5.81008785443667
9.50100111742566
5.95251345186845
9.83156227320239
7.41035859536953
8.33774504687197
9.53261174757876
7.1225461638298
8.97189018271866
8.87575932758552
6.58512551203738
9.4620627921491
7.67405178294361
6.68778223261906
7.81974177726629
6.56858229893328
6.4266901288637
10.7343334010621
10.6876299737705
10.3788176904993
10.8406521883378
8.01936894247184
8.5986817379321
8.05051627949422
6.75853773583496
9.19451455540677
8.94566420419891
5.3854382167095
10.4313213601026
9.5577663638192
5.67648619988576
6.67478250277727
6.89392688314348
8.81807352460002
7.96250260943557
11.0197300756909
10.3059575138585
9.58772649438358
10.6086350411637
11.1778196265697
10.9013836698616
8.41128380722611
10.2173159349473
6.45275438569128
7.22849472926591
6.30084715164181
7.63646800632468
7.40312763653425
11.4300056511073
6.53650899223507
9.79288131194775
10.0247514315513
10.8038011412854
9.97358500287545
8.89359598061015
7.51158324710116
5.89241599343391
7.36383696031545
9.36232043435955
9.35549866956627
8.77650893619067
6.57217503590037
4.31468407467903
8.99171065952869
5.80550714607887
7.70543511670329
5.25234276535687
9.42864376899529
9.85149605942766
9.57494161141866
7.09335581216831
8.97880341348576
8.43351189971564
6.05629914492076
8.78389266935866
8.6805766483192
9.90988688168727
7.42575758181575
6.70803803345478
7.22076590259732
9.63795806716593
8.88158701131596
7.07891442629205
9.30089614401602
6.27963115291281
8.23595878356874
6.77795258189019
7.63600009953879
7.97305323242742
8.92920320020881
7.79981469258051
8.53482988569458
10.5032696216339
10.0917095965837
7.27170917005299
8.93689357797183
9.27168902931236
5.52740845757769
10.5156604460775
5.27933280053966
8.37675619869057
6.11237012758742
7.47138141887035
8.88888707487565
7.4816508413666
8.6312508044749
8.55634752572854
6.73486376200608
8.30224739124637
6.54503948103239
8.91272393396108
6.41647648980484
5.5273787316198
5.99250028627281
9.73862778679064
9.44422877555682
9.19187662085378
8.80600524546835
9.70735445229027
9.69218053309284
9.0386535771398
7.29020005330845
8.07597269451481
6.52368133216746
4.91020605053509
8.41584647474053
7.99335190534312
7.47628497897912
5.5562406418853
4.56568683719633
7.64619308116873
6.25253348703356
8.50864737130708
8.29048262849648
8.91155211353683
10.342353343468
10.0785220478534
10.5618600605285
9.43679609356949
10.723043135548
6.0124106922685
7.55853839641743
7.33903167935691
6.94835825770549
6.8250430122323
8.5652380525618
5.75002029037856
8.12649937287571
9.06029981001119
9.79846894352701
8.8628287668429
7.26249319848164
8.12362887515957
6.68484850394251
7.64670989480831
10.4228491433807
9.71566915172635
8.37582152402082
5.8868464542247
5.57229272952402
10.1289988805934
6.86603585509997
8.10707876688002
5.24155656916398
9.36238919887362
9.59279828815843
9.54103289161512
6.66930345801213
8.97909729165719
8.33434619202056
6.41622643644086
8.71763809923699
7.88056862481044
10.1025725786381
7.36423652671822
4.88240016131674
7.73221967388379
8.96468417227378
8.31068315553492
6.84317985691895
8.84763934705851
6.69884849862787
8.93487037709392
7.39767950926593
8.35733289392666
5.96655507692326
8.49441877696204
5.96920301285935
7.29174128905491
9.11589727441549
10.7871306650573
7.58974062104165
6.73231866996198
7.34717552134874
5.57479442278302
8.14906031088994
5.23766981090882
8.07626470905169
6.97737959159936
5.8843879619726
8.39862275546604
4.06376848360375
7.81902901426994
7.79645054993347
5.79955649876156
6.96369276325247
6.78563197575254
8.50824714578231
6.07854723778202
6.09399340365522
6.55074335471697
10.1236128956796
10.1091828847915
8.38728661692793
10.6415098350666
9.30287766411149
9.36091936643095
8.38724527237459
6.82201068978634
9.96780323371082
7.26547485031066
5.06855518812128
9.69847032227894
7.63129328505963
7.03031333757485
7.44807118108132
5.39832922787549
9.51450535817673
7.51810934840199
9.74038995029061
9.57310647603489
7.49348096665567
10.6936938402102
10.0499269256902
10.5332649383653
9.22523595011697
8.66409124072219
7.06047427530435
6.97575809787346
7.07449874729115
8.49413315240432
8.22478889909337
10.7968445034695
7.89410079210937
10.4722705172661
9.99712245940435
11.470978123311
10.4592565677752
9.67621891863434
6.35509228443915
4.48668390480378
6.83713709484351
8.47013834754422
8.73174688948475
9.35711149853074
6.92034278814337
5.09349971006348
7.68142978382538
4.93596342812412
6.29978169298504
6.09054556322664
8.39076965000484
9.03943532897036
9.1032644093863
6.47116502836265
9.21412290622992
8.57407389356933
6.7924921681385
7.8245760062188
7.91132703045979
9.10400151325006
6.74861753024844
6.02070683176353
7.95702756005433
9.31375919206921
7.7660462825559
7.4101832921138
8.18535541525596
6.61090001873455
7.91175990847201
7.5142142393472
7.64185905598396
7.6449130089035
8.20276443106733
7.45469799455024
7.97635789350193
10.2543984276891
10.477023944388
8.44436653040897
8.59177687994156
8.92091050536733
6.49622270678984
10.3093084719746
6.45199016089564
7.67972154991301
5.43523007602011
7.12790469722038
7.80824201406697
7.29296507093347
8.37189672939871
8.23214865063182
6.41066488690935
7.97804851614964
6.22084060593566
8.56760723593081
5.92249700836771
6.27265745256095
7.16515764662879
9.45276713734384
9.77139177149675
8.72019941882142
8.09368023644546
9.36223775426
9.38417432460854
8.51840980580863
6.95708773303316
8.6675097674203
6.46648859744855
3.69021871680089
7.96308860554094
7.54908517075769
8.09375553386538
6.14777771479079
4.50849410247743
8.23773015407422
6.87723948285588
8.02735399071074
7.83772475929689
8.77998169791157
9.78429579166512
9.56808850474864
10.0038025087256
10.0511073067377
10.1723538447188
4.90582542687032
6.59653192485471
6.37702520779418
7.69986294938754
5.77399461264336
9.11749156012464
7.40895994889733
8.66619569312927
9.13553464608577
9.87370377960159
8.96996924706706
7.86828382903985
8.66598914639939
6.75494484348614
8.58066021249005
10.6737390582177
10.1305529030387
8.4318498465824
5.94287477678627
4.92989465442695
10.3256557241391
7.11692576993703
7.51384811387084
4.82134839104281
8.52650926403606
10.2847597717664
9.5970612141767
5.82369826652222
9.52145756289701
8.87670646326038
5.99601825831969
7.88175816439943
6.9592597505417
9.26900199480318
8.09748576841901
6.46105032265431
7.54080883120202
9.69793341397458
8.99100777774382
8.42183001825652
9.15588932164648
6.89640421216533
9.47723064833374
7.16446148089407
8.79950388109122
6.88735295373095
9.08805815079592
6.02232110675402
7.34485938294958
8.8207371242262
10.9663734210571
7.64285871493632
8.31096883129955
8.92582568268631
5.62791251667769
8.20217840478461
6.44424532462546
8.47411291475448
7.51973986283918
6.03258636212626
9.03585645618865
5.64241864494133
7.99827177026981
8.52969979163427
5.85267459265623
8.1702682769691
7.32799224699237
7.73488398938498
6.59390993015703
6.85361386528285
7.28399259641776
10.7172522695134
10.6605002884123
9.59386213064457
9.7267726029792
8.52951450771417
8.58755621003363
9.12049451407539
5.24336052844877
9.06905277060423
8.28116139356632
4.42615711302421
9.68682410781784
8.07346427222419
6.60512059605925
6.61760545394107
6.3658793607057
8.59886891371318
7.69735210440186
9.81048628983424
9.56146026157379
7.67272372265554
9.78486011674105
10.2291696816901
10.7125076943651
8.90918962505761
8.71720933461685
6.05512622880744
6.65971177281411
5.73206419519001
7.6566260028163
7.39792507688728
10.6760518725522
6.9829884170578
9.63080288216071
10.5789033144358
10.5268653113378
9.50338341965385
8.83475128352892
5.42476748055114
5.56784615448326
6.9498445178226
9.47960171522107
8.3926146579012
8.84099857987121
7.56509388778
5.22102857993825
6.39934739387638
5.94542679580095
6.39754101010126
6.17752054669013
9.35514032927094
10.0038060082365
9.6303684501994
6.57148545027973
8.03150010214743
8.67625120178407
7.03266441138822
8.88268951156923
8.06276235563226
8.93858624657543
6.85105798583368
6.337706065241
8.17151555504263
8.18699379743831
7.29311318512073
7.03595750088424
8.34732126674694
6.87157317643115
8.01420036405725
7.0271640625109
8.70160201026511
7.96690714964272
8.31547185404643
7.84946298694283
8.43022002267759
10.2492069508811
9.99432505076098
8.71567553912816
8.8739282008711
8.62142691036266
6.89734383877492
9.34180041344059
6.72329916961482
7.68714135923729
4.9027715826792
7.44989883795962
8.1402028869775
7.5026196372835
8.01091760850043
8.45223616504059
6.67133804460594
7.0668665333965
6.44092812034443
9.11861550948313
5.92991681769198
6.16243020306168
7.40532988987851
8.93057561139679
9.82564906939333
9.12549159590365
7.93128846367257
9.91324602781231
9.38580967818956
8.43208678904859
7.60183883266978
8.72176706531688
6.85544466499126
3.16906140297405
7.73273412373832
7.31769647683485
8.62467907857675
6.20203501268738
4.14490416227047
9.04453345972046
7.6607306267322
9.12562765275975
8.14432646901786
8.54962721610894
9.95941900989721
10.4481337220323
10.790104899925
9.9938361210766
9.74710946214267
5.84398252239461
6.61663215149049
5.81083156400816
8.50666625503379
5.61160283987046
9.43469614971004
8.21576325454359
8.31388044022115
8.87940004722857
9.97921761173991
9.77677255271331
7.51596857613173
7.71479735140186
6.01440185751957
6.94248477735321
8.60257594925933
10.3011456582538
8.65707463199327
6.32110129093767
5.2314153888025
10.33265016879
5.58271885250223
8.98283600762816
4.58011855608898
7.99040604540042
8.09980618183975
9.25855967434162
7.90587078840361
8.23647453811719
7.7093704973041
5.46386580763757
8.09820095351346
9.24794914045917
9.30188683624594
6.28185978522604
7.57587369706545
7.19327611181919
9.04312562579076
8.67680736839441
8.28024406768644
8.02677636629946
6.12791997669751
6.79058167350088
7.38536174003821
8.17054653911651
8.06923003802677
8.890273054462
8.00370884917205
8.80436910866132
9.74893636851038
10.8614180414123
7.41234605046988
8.45388679318889
9.46583924412781
6.14239613664738
10.6644087647822
4.94026509612548
9.45076895723481
6.21217407252261
8.60917244192831
8.92723182146548
7.08220506171629
8.66381210296991
8.4987855155162
6.28101801685799
9.06232598105702
6.47968676399496
7.52349173191139
6.01971642794395
5.31685002850548
6.04971631679437
10.33459658997
10.1973517692023
10.0307545147385
10.6829936986059
7.78116605871699
8.86819144562808
7.17569425684214
7.72574496697182
9.33224999640002
7.75244041896672
5.60507396794686
9.11850909235101
8.66830784628264
7.11727210519445
6.81251794377051
5.67679886517207
8.97971319833249
6.57981575817283
10.5673165036535
8.99314524610696
8.95269556564443
10.9188425563086
10.7702516817104
9.96649413291941
9.31511352101121
10.8327213399098
5.71057236775356
7.46365686709996
7.24415015003945
7.80672408252578
7.13105428616339
10.0508254271262
6.77548194070748
9.4709370273578
9.44804835083336
10.934922599892
10.1254995633758
8.5716516960202
7.59106137765328
5.7815835339987
5.97686407028924
9.48550236583803
9.69039617311812
8.99806335752495
6.75153845993542
3.79938210119229
8.79304659743254
6.46564526908094
7.62441811343067
4.97928661924915
9.12223149009048
9.00812758899926
9.04966305485334
6.76186256658156
8.66793153485547
8.21638284716966
5.84109590392498
9.23002639820353
8.34908340273245
10.2383735517086
6.26601309969892
6.91103766224865
6.11497012737052
9.38168200993622
8.60884133991962
7.25307729063458
7.85629533216996
5.2819388768056
6.9261358958169
6.30705575558955
9.13031458788713
7.8671117651327
7.92465234739802
7.86512583275505
8.50416484577212
10.7248240429682
11.0664241689534
6.69086461605958
8.29199191313825
9.26664454869608
5.69910991133395
10.3820656739317
4.16153205502266
7.86145422520384
6.12448078592032
7.7631913420364
8.71734054741167
6.74461881024219
9.24009494614865
8.55288980132671
5.59068766262397
8.329926432314
6.54158175663055
8.58490543532404
4.77372452305448
3.7225745588598
6.02605376675867
9.368975882906
10.3875939689536
9.22825510157717
10.2740266855603
8.84257976212965
9.84407912008589
7.69084512479951
7.61750167848201
9.31318870005218
6.8154912553335
4.46106574612482
9.02612435957872
8.41109656905901
7.07170292041803
6.79345664742268
4.73984970153886
9.00105614552962
6.50453833209468
10.0474128021943
8.90076051333466
9.51187018508944
10.9526312283062
10.8064469915151
10.0002828049169
9.65610224654288
10.6975828256676
5.2674859459825
7.66778092611829
7.44827420905776
8.0331036225572
8.00123800275209
9.92681216646479
6.90427078924888
9.60786671246553
10.5121628063006
10.9454688277947
10.1274757099341
8.74386053807145
