8.51984719658033
8.12650993685688
6.99353307293219
6.66417549328578
11.9805507632366
8.71224636847889
9.14689651266146
7.02955946987789
6.91370811129062
8.67534901110584
9.22870518567715
8.45843860878057
8.27850243225784
7.27821312219377
10.6321570118436
8.99317487585616
8.63551069241858
10.4096312898849
9.32771997466152
8.71542999564934
8.08531821120981
9.26037628379255
8.75092432458244
9.35652383310665
9.11920398823779
9.18890192723483
9.49305993393725
8.50036588255634
9.91601556017113
9.59427970832256
9.57616460993214
8.64444614697467
10.5655763312188
10.3624874389881
7.42249491198844
7.63319859574233
9.65825227872347
7.32978160665842
10.1243766946503
10.4588639247563
9.96527141840471
8.71138783618218
6.09073458663522
7.47339227318106
7.80944487241017
9.81500291817377
9.5662912150477
7.20442479181457
9.3340169046178
7.14716638223687
6.75688879861579
8.17255351875365
9.53928011278982
8.40131359972673
9.47137074313433
8.51907684109086
9.09251774774142
8.22956675463608
8.78604581991036
10.411162194995
10.4861984928485
8.37567098912919
9.01144426896136
8.92484975825734
7.13019593255332
9.69213490739911
7.78940738485196
9.96527141840471
10.216805532198
7.89237547100517
7.74962333677924
9.01135793462282
9.11170954832708
9.57044108395252
8.75246959283846
8.80167159492825
7.41412930127302
10.9503626945031
9.92742382738813
8.65201986652978
8.35421267906568
7.98384077464938
7.50107694319858
7.95615610463186
9.2487899177564
8.80567078413348
8.43592962524425
8.8763697718898
10.9070657389885
9.33098828748442
8.80285313982639
11.8799052506461
9.83479509790619
8.9102482252015
10.1821597550191
10.4842490963219
10.1465448465409
10.1447704739918
3.1723481925787
3.10582177250143
4.20131859791025
5.54473005256705
2.33288197738517
4.27994793647621
5.54720629138811
4.97696892122937
4.7081378060249
5.50911158115444
4.54154000266917
4.00540445984629
4.47997592139469
5.17231508675843
6.22458988469547
6.34645823498541
5.25984668036938
3.89378314590071
4.40421890674549
3.76716262980259
3.75631208792348
4.97305321478638
4.37073170403485
4.69351606490738
2.48652856533099
5.13412159349573
2.01994379185155
2.63543340950178
2.8151165745625
4.84251591586224
3.12314916646478
4.89561965487769
4.24868114645061
1.41756662229562
6.34713867879625
6.88935902905745
0.859286612228772
5.66463204929506
5.20745102639106
3.6938293583033
1.92312600845037
3.85989055790004
5.29400139120988
6.74597735677114
5.40381986652842
3.00604634394965
4.73861859942042
5.52535427748927
5.77108080550866
4.5309915216361
6.22723668206824
4.32452301288725
3.35841042477102
6.28485522876364
3.90644040160839
4.93105563594311
5.26223708840034
4.53275903743554
3.75243013550452
3.05128043869083
4.30665233067726
4.60750356267742
3.05267461571476
3.86365954510966
3.61123256658633
3.66868291611604
4.1828966974581
1.8426732173503
5.22114850269111
4.12703761232121
2.89787396764299
5.14082145804108
3.93112347425727
4.35315235145323
3.56807354831569
4.73062931031066
3.58500222162521
4.42133223429212
3.6991516222598
2.31567463246684
6.30687142683792
3.84624486801611
5.57522292103122
5.01699930375602
5.4044819715769
3.77700988028927
4.91574882446239
3.30687483774784
3.94197372846045
3.0928519465432
4.17742632047333
4.62573642621514
5.20535450985295
2.78577047369255
3.96118406363824
3.06097418972975
3.2246939600555
3.64802343710247
5.09788399847953
2.7872262161778
3.97607211833239
4.93225228411265
4.82157560445185
4.89888563718307
5.20523576301061
4.40875877686496
3.18317060368788
4.41907033919456
4.87887643016591
5.92071406655165
6.2415333388567
4.96640802377685
3.6003444893082
4.04987466795285
3.31281839100993
3.48056062617556
4.91214763258625
3.89874793270309
4.33917182611472
2.84837098882875
5.02274759064677
2.41881040623615
2.99727583299956
3.17695899806028
4.73114191301329
3.25474539955954
5.57664533655061
4.00571091050691
2.02237928173709
6.06765672275937
6.44251297496994
0.990882845323497
5.5532580464461
4.96448079044736
3.24698330421577
2.67090890383554
3.99148679099477
4.99012557306606
6.63460335392217
4.80650539179207
2.53850963896751
4.62724459657147
5.52535427748927
5.6597068026597
3.93367704689976
5.60929603564111
3.72169627272831
4.05572489950737
6.01374128431074
3.55209616281574
4.09077092526307
4.57242079836911
5.2300735121719
3.10558408141698
2.82671396965238
4.81146499011874
3.81768727264619
3.31451703921254
4.36847220455113
3.25688832779367
3.78755510367012
4.50754009710943
2.29701745614297
4.62383402795475
3.77269337352855
2.78649996479404
5.25969364559516
3.57677923546459
4.04927653330941
4.31151273769704
5.4603613511742
3.60340598853046
4.30995823144317
4.15349586105246
3.0129891072032
5.46658671615786
4.30058910680877
6.02956715982387
4.90562530090707
5.05013773278423
3.98838388313823
4.51738527174115
3.002999019604
3.47443702347833
3.30422594939215
4.53926874397111
5.0800806650078
4.36506979917289
3.2401147124852
3.42477517110201
3.25347600502461
3.25629019315025
4.03947617441246
5.11417279154297
2.81882244927256
3.92560369768355
5.29286205259545
5.01407741974672
4.85860622667374
5.15476734236179
4.60126059215982
3.60059180040481
4.61157215448942
4.7077818378263
5.87024564590282
6.43403515415157
4.72343778783316
3.3573742533645
4.24237648324771
3.3312221579152
3.67306244147044
5.10464944788112
4.25935770118589
4.33272271939447
2.63699698597983
5.21524940594165
2.2074364033872
2.7859018301506
2.96558499521132
4.92364372830816
3.4472472148544
5.36527133370165
4.24868114645061
1.81100527888815
6.42826649124216
6.46690683707687
1.18338466061838
5.57002775210635
5.20745102639106
3.19651488356693
2.4595349009866
4.18398860628966
5.01153279602132
6.65899721602911
5.24197744303065
2.52010587206227
4.64255188872855
5.35724632430134
5.68410066476665
4.36914909813831
5.97289244327558
4.18202119759241
3.60138066071472
6.2062430996056
3.7445979781106
4.52624297650162
5.00789284960768
4.8424864870915
3.60992832020965
2.80831020274713
4.35712075132609
4.32203151143884
2.86017280041989
3.91412796575848
3.20641990714485
3.81915133676487
4.47633535405064
2.08564345329401
4.61738492123449
3.96519518882342
2.73603154414521
4.84936872073107
3.76928105075947
4.31065053615837
4.10013873484809
5.24898734832526
3.14308106366637
4.25948981079434
3.6991516222598
2.63052051201463
5.90205876739643
3.89026418194469
5.65008520378699
4.8991761941868
4.9996693121354
3.59981535715148
4.70988708703602
2.99654991288375
3.45603325657306
2.8498817105995
4.12894381910702
4.86870666215883
4.80054185041147
3.02874070963626
3.6677454070457
