14.433494465956
16.8429986590757
11.4292211201664
14.7904183861522
11.2991239108195
15.3688255370025
14.8665792444323
15.8106169275173
17.5353801113589
13.2009397584971
17.4305959179393
14.0348552136097
14.1480666357896
15.6907471400644
14.0547717408985
14.1111029318622
14.4717222519017
14.8482772060073
10.7070064687622
11.8710125106812
14.4247878539175
16.9710421034453
11.1865766013534
16.2582688996929
17.9771715018737
11.4591138861528
11.3503072699617
13.5707994146236
13.903080202219
12.7459278839611
16.8748655541172
17.5557718628281
14.9515982807055
11.8031132167125
14.0066547796867
16.5640405469087
16.4633338981862
12.3501760876437
11.5734230123983
13.292900938487
12.5841391252477
13.6083388452123
17.441961740793
14.2324819673167
17.0560394852514
7.7077180614016
8.80982424261628
15.9671562254839
11.7697216186124
6.68218173350962
14.7903696764349
14.6144923532413
10.3045070672663
16.7787718049115
12.2687012185224
17.3764722874009
15.1668241959765
16.732507542514
17.7573996475183
14.4403878887325
15.4399876190879
14.568530869697
7.4733618712416
15.4583677106352
17.3851589375826
17.2080052917957
15.4082550318621
