20.008790763565
17.5837229486676
18.6071307264697
14.9744171262529
19.1529054421807
18.4733819572895
18.1254659527481
16.931689162313
19.1249753653597
20.3786481641221
16.7559347394751
18.8415464119105
18.6325143513839
18.7181593903277
19.0723246105052
19.1631305720833
20.0444266389442
20.1639932457154
20.1216477857216
20.227553101555
22.6173826119385
19.0331603427189
19.3724374508091
18.7151797709184
21.9042579497247
19.5097298937126
20.4466782133211
20.0785453157091
18.6015140645297
21.4091820139782
17.1607227641519
22.4556165823312
18.4937365117217
19.0024316863294
18.5480697822053
21.6568306442816
19.0102693681543
19.8451558031219
20.2235495283167
18.8621926663155
20.8795519640698
17.3618735427378
22.3018559731127
18.6978149414968
19.1348317198029
18.4819591389538
21.6248133583989
19.4925119243673
20.215928287955
19.7573866347248
18.1738039398914
21.2876203901383
16.7365264895928
22.7466906872821
19.2424003322986
19.090107597503
19.5510274631045
22.2213166820568
19.9561185685919
20.842342932109
20.2483435974113
19.2668574338409
21.0915336013179
17.7199480203893
22.0044848108259
17.905362575487
18.3279442352223
19.1869745314349
21.7585737680639
18.540977706952
19.9435306544343
19.7661277738343
18.9856140061717
21.4290890369114
17.5006532914021
21.4784233464293
18.88890153755
17.0827690779146
17.6298344830464
20.6204424782636
17.741409375684
19.0989960598325
21.1454207029568
20.1606179661213
21.7479801080477
18.6851655964985
21.4965952482249
19.0142872547453
17.2618645106471
17.8533307099582
20.9117451954421
17.9796243685516
19.3845113932254
21.3414855038321
20.5450491206559
21.8905802988312
19.0295128792599
21.4313597463523
19.7662092558316
17.7731901698409
18.2673211804183
20.8365820237005
18.4086888784233
19.4215697297041
21.4207464441693
20.8645993629185
22.0232624825222
19.2489445054868
22.1484205255253
20.4254391060852
18.80061624612
17.8819218934297
20.8721766363272
18.5418967968132
19.7939931218029
21.2467403135809
21.2729641346126
21.815739261963
19.733455403337
