12.535910089563
11.4373926544013
6.13741997494192
9.28563638053529
4.63596394938065
6.43913859576641
13.458644534162
12.1244297918548
10.9936611195976
4.46529491320018
11.4862952157252
6.626487699469
7.73656398584139
5.97333350349767
10.5049417582482
10.7130539086958
6.31876359552521
12.1040395674205
10.3046199238331
13.4778366887034
12.3346352028
6.65861990512116
12.3207148802476
13.2426607532366
11.8361070534107
11.6340101600226
8.39512497778242
6.91051040946434
7.60097884730779
13.296594963133
12.6564775226798
13.1860947601265
11.4359262800062
8.0278217820977
7.79202344075804
9.23413167915479
6.43689294176356
8.07170653212718
11.7897542427835
8.09014856832897
8.54416893611321
7.93094282850289
7.18777275518494
11.5163446081392
5.67457393311074
6.78940511513298
6.18810051319647
7.1229641906437
14.2063081945366
12.9956306787447
11.7665325415702
11.4455280664403
12.5048268706187
12.0258933433936
7.76028766894228
12.4102602924302
7.59715379975178
8.31213807073445
12.323249998992
7.26259561857239
5.96750322216808
6.30007085666209
6.60135164902916
4.99978542229938
12.4279416563239
8.25246136968556
7.12064429095206
8.853676300873
6.84687620131919
4.52190249677291
6.36446152829477
11.1193631403511
5.91547908483358
6.28026957583631
6.97715650276145
5.83616134915664
12.0828144524755
4.86254600152878
6.60255592056647
12.2931019406555
17.597461239918
16.7586563971923
14.5247025894766
15.0590265962183
15.7004062989483
16.526799200714
16.8576088475007
11.90346111755
16.1015219781284
14.5908459816385
16.711478516335
16.9100973943941
14.8884595527987
16.3072072802409
13.9004901375591
13.1706408318909
16.6961008398004
16.6057084770999
15.5143711951714
15.8724663696139
17.0294187649632
16.2613813467316
14.8267400235286
12.8539622833693
14.9307210116833
16.7186124181585
16.0257122424087
15.1961856012413
14.4247842264956
14.0597432152598
13.5288450221481
15.4582385096298
14.5626320555022
16.4852564067054
16.6437348321844
14.0390477696387
14.0096996411474
12.7098994322595
14.2862233790263
12.9378451390332
16.8481770203179
14.4583214556144
11.2572323294316
15.45096525166
13.4442217657808
15.3415263868119
14.7341189671365
15.5651717222573
13.6547651787145
14.5707530104982
15.8434396667164
13.7390269948131
16.6669660175274
15.4819443745351
15.0182286147796
14.961776683913
14.3482379717388
17.0499470857106
12.0813746436098
14.4784469409444
15.3876407932499
12.6478687780335
14.2453378544416
13.6543935855677
13.1790670115205
14.3096329605657
16.8208845268292
13.088026324338
14.0172912572859
13.6516405060682
14.0212594668409
14.4060942206679
13.8101113837257
17.4542918079545
14.6935744661617
13.6365151615598
13.9545785682946
15.8627878078453
15.6550115746129
15.9245384818975
14.6880888120717
16.1715384786702
15.3559827748513
15.3542333093896
16.2437261879675
15.9919156447597
16.6455575841823
11.0968610851742
16.0674704356516
15.4221261670132
16.9978084788117
16.6974396144009
15.1822219069545
15.4876706328009
14.4392194246587
12.9728065782054
16.0080633134837
15.8751111662543
14.6948345477313
16.1598191592926
16.3023488322789
16.3741433663785
15.0513800958048
12.143006068482
15.6584991371601
17.4439496810221
16.3165259528299
15.4208256735175
14.9611056619216
14.5970474072114
14.0675743092477
15.6578554242333
14.856394409658
17.1657528737343
16.9340798172408
14.5777770567383
14.548428928247
13.3178652812885
14.8249526661259
13.5227331615275
16.9503968847566
14.9580870256878
11.842120351926
15.9507308217334
13.9444687302331
14.6544452302784
15.2728482542362
15.3873183510626
12.8133670574684
13.8018253161277
16.5110702184479
14.4493503995246
15.9803535863588
14.7948632180017
15.12184415988
15.6691514448899
14.9086365805224
16.2304104382705
12.646213088806
15.1293589837597
14.6663889584637
13.2112821280816
14.8143093360579
14.2178069356159
13.7177962986201
13.5832763201517
17.5268341926581
13.0983876826265
14.5560205443855
13.6610099172575
14.5599887539405
13.6515418765829
14.3735247337739
17.7406480940354
15.2323037532613
14.1752444486594
14.5194170134908
15.8377671592375
16.3321308063569
15.1050018344574
14.6916619622484
16.8486577104143
