37.551296128352
40.1770475124861
37.6871541804552
36.0005447942805
35.0713956498659
37.1195919557893
36.593644062595
33.126883306376
37.2493832966487
37.1084694421513
37.4091669007893
34.650109422375
36.4354003435646
37.2916253760807
37.6121541790085
34.7346341289424
37.8481261054041
36.6023923099289
38.1447469820639
36.1543234554955
37.0161346013781
38.7339654811586
36.3986829577354
35.1369371786703
36.2264378583786
35.0390109536052
38.7870706621842
38.5996589360664
34.805547783526
37.9942073667118
37.3421458759375
35.5921971841593
35.4347588573918
35.4942814277089
36.6584643770428
39.1148446195297
35.5171913380745
34.286722592334
38.0139153364241
36.6205357000584
35.489027153
37.1119719673715
33.5689414594992
35.8558591460765
36.6654995096813
35.5888207780288
34.7908235769594
33.0065568967191
36.1928275852961
37.1856429053873
35.2801801213359
32.889048444852
35.643989472837
36.4631473736149
39.9902579645205
37.8554151869109
37.0759248072116
39.0824551187345
37.7417796685464
39.0560646334194
38.8181819974034
36.9245163813878
39.8453985345791
41.7274836694461
37.9102327409322
36.6988355579908
39.3428733454471
39.7092571465873
36.4942245889758
37.821180374748
33.6958276274651
35.2204805031229
34.4849808198187
35.4186187167085
34.6962429223449
33.3658693552866
35.6927114169092
35.7971823346463
35.3744638878849
34.199523822265
35.0825645772938
35.7477385839782
38.2054277759092
37.968003908348
34.7130891357685
37.6124736600355
37.6368831968126
35.9463459872407
35.6766315894999
35.1601861333343
36.614151002157
38.5450297885718
34.549043811433
34.1103134887152
37.5785446183668
36.4554486600844
36.3724905347431
37.3978816977412
34.8188381665432
34.6933099943454
34.4507036934275
36.0029834438495
35.4296148814434
33.5405663150007
35.1917637022794
35.7093485610849
35.1758579212055
34.4423214860547
35.2180767561591
35.2747766191302
37.5725434165438
37.0930777156095
32.7274077492669
36.5255647448854
35.8215262192053
35.5423850897067
35.0308218865093
33.9895400017704
35.4036299327303
38.2764084195855
33.3881646681745
33.4320529385549
36.4891031870971
35.9055958850228
39.769727528041
36.4313248735314
35.2949156253231
39.6632542643442
37.5061482422271
37.623084231553
37.2856790936627
36.6612454787188
38.6870247021699
38.9612357758737
36.5644439270223
35.2615913185405
39.3754512677899
38.9530938095514
36.570197249198
39.3139982757053
34.2683424121487
38.379565552805
38.438096036736
37.569658481232
37.2240631742716
36.6204907934091
38.2680464999505
41.3310686838317
36.3689979958408
35.5560262591276
38.6386720591103
38.5748576452683
36.8077073893749
37.3882304340145
32.1141765033208
37.9420404968296
37.8190498264038
36.7697243205327
36.2604735040367
35.629103682489
37.0315029425647
41.1433720825217
35.6459776809885
34.4754700999261
38.2230957463153
37.2684845933024
36.2539509298244
39.0528247936354
33.4108962952706
37.8122146843973
37.3588702691083
36.8890218989224
36.543426591962
35.6593010000697
37.6267382740461
40.5494563306603
35.4061056387598
35.1016094263343
38.0491696994514
37.9755561611552
35.9888683989321
37.4607095129496
32.2666049264642
36.9964362701323
36.645768148282
35.8003897234234
35.272868781388
34.7588289878303
36.1992514409006
40.4054795833361
34.9278063036227
33.554748139992
37.24409352238
36.597791931989
